1,0.0027351,0.0010045,0.0074488,0.0082998,0.15923,0.23298,0.069401,0.045788,0.029348,0.017248,0.014796,0.013422,0.0057028,0.013248,0.012136,0.024072,0.011671,0.0065211,0.0038588
1,0.00030236,4.4521e-05,4.5332e-05,6.4712e-05,0.00010386,0.00045428,0.00010611,4.3025e-05,1.5929e-05,3.6015e-05,2.1007e-06,2.1612e-06,0.001157,0.00041972,0.00010962,0.0053691,0.058366,0.03342,2.3679e-05
1,0.00020391,7.9555e-05,0.0070317,0.078225,0.36961,0.15629,0.20084,0.15625,0.1522,0.091387,0.03933,0.023713,0.14055,0.32065,0.23872,0.1252,0.17533,0.024908,0.0035935
1,0.0015919,0.0045239,0.060377,0.065675,0.012491,0.0065093,0.0061303,0.042779,0.074541,0.15755,0.12258,0.051988,0.0054607,0.0032405,3.4364e-05,4.3133e-07,0.0047437,0.0028324,0.002846,0.024307,0.01961,0.0041491,0.020875
1,1.6212e-05,4.0578e-06,3.8072e-06,2.25e-06,0.00021835,4.2172e-05,3.9003e-05,3.9408e-05,1.448e-05,1.4613e-05,8.0124e-06,5.4218e-06,2.405e-05,0.0064188,0.010705,0.012633,0.13219,0.4097,0.040901
1,7.5897e-06,5.0016e-07,4.179e-05,0.00063728,0.0008103,0.0020899,0.00067872,0.00020131,0.00058408,0.00065515,0.0027868,0.00060301,0.0044892,0.0071862,0.016863,0.068834,0.045291,0.043672,0.053879,0.052857,0.013828
1,0.00056316,6.1422e-06,0.00045359,0.0016169,0.0017314,0.0017662,0.0078215,0.012741,0.00269,0.0019518,0.0076691,0.023142,0.016099,0.0070313,0.019724,0.055325,0.069467,0.0045704
1,9.1034e-05,1.5777e-07,1.7134e-06,0.00024743,0.00098562,8.0099e-05,9.6431e-05,0.00022709,0.0001526,0.00040717,0.00023661,0.0011432,0.0013905,0.011173,0.018281,0.0051755,0.0029485,0.0087177,0.015337,0.0046735
1,0.0013584,1.0214e-07,0.0015093,0.0091609,0.057638,0.024621,0.07773,0.025534,0.040183,0.031051,0.053314,0.06632,0.22387,0.54017,0.3519,0.16598,0.0012385
1,6.8658e-06,6.954e-06,1.3419e-05,5.5896e-05,0.0005305,0.0053845,0.0029366,0.004064,0.02562,0.015609,0.012567,0.011893,0.0092094,0.0032021,0.0033746,0.053515,0.078822,0.017955
1,0.00014394,6.312e-05,6.7658e-05,0.00015358,0.00025983,0.0043211,0.010321,0.0078012,0.039843,0.13795,0.095252,0.033132,0.0095323,0.0055857,0.031207,0.023016,0.0061722
1,0.00010304,5.8532e-05,4.4608e-05,0.00028856,0.0074645,0.0071551,0.0064542,0.0014383,0.00090694,0.00041067,0.00019305,0.0018237,0.029066,0.029327,0.043791
1,1.8556e-05,7.5952e-06,1.2892e-05,0.00026762,0.0014119,0.006339,0.037878,0.056314,0.028651,0.043795,0.033441,0.062736,0.09471,0.074715,0.059681,0.21254,0.11967,0.025253,0.0072637
1,0.0098055,0.0022454,0.0015132,0.0017142,0.040855,0.22848,0.22776,0.053196,0.13899,0.073806,0.15338,0.41091,0.1999,0.13807,0.17701,0.66548,0.29485,0.0064685
1,0.0024508,0.0012814,0.0044895,0.0069709,0.029431,0.068117,0.087913,0.023834,0.011868,0.010738,0.021159,0.012817,0.032343,0.043668,0.045114,0.0051347,0.0044995,0.0047202,0.0010966,0.0022008,0.00089081,0.01044,0.0060243,0.0023622,0.00015002,0.00016367,5.1166e-05,0.0011963,0.0035912,0.012064,0.036329,0.091169,0.060405,0.028257,0.0079399,0.00022798
1,0.0013336,0.00020092,0.0015271,0.0011743,0.0043854,0.01008,0.051039,0.052599,0.055344,0.034105,0.021847,0.0088766,0.025614,0.020774,0.0075493,0.003838,0.0034537,0.0016789,0.12995,0.075247,0.11168,0.18604,0.22025,0.017413,0.0049113,0.0087725,0.0058057,0.010384,0.017184,0.031509,0.031442,0.025815
1,0.0004205,0.00047554,0.0013114,0.0010382,0.0034713,0.0046651,0.0037541,0.0036494,0.0043118,0.027058,0.010989,0.0016149,0.0035513,0.0037899,0.0075114,0.0016858,0.001166,0.00044793,0.0021097,0.0011938,0.00057594,0.0011677,0.00033091,0.0032515,0.014327,0.0069025,0.0034095,0.0019683,0.00011007,0.00010195,0.00020657,0.00052345,0.0046447,0.0057706,0.018236,0.021269,0.0076293,0.26295,0.183,0.00039476
1,0.00166,0.00051325,0.00038457,0.00012077,0.0068521,0.037609,0.12941,0.29873,0.12799,0.074532,0.038435,0.030578,0.02648,0.0025768,0.0047252,0.0011429,0.001308,0.0031802,0.4278,0.15291,0.16513,0.024817,0.014021,0.0054174,0.02176,0.015035,0.02406,0.053926,0.085047,0.088001,0.073247
1,0.0068948,0.011001,0.00066168,0.00023484,9.1745e-05,2.5832e-05,6.639e-06,0.031924,0.08322,0.076989,0.021568,0.027206,0.0074154,0.0034079,0.0034496,0.0011104,0.00046805,0.00030164,0.0048113,0.028678,0.0048154,7.2673e-05
1,0.009429,0.00058223,0.00077445,0.00043507,7.4737e-07,2.0086e-06,4.2616e-07,1.6412e-05,9.1723e-06,0.0002512,0.001391,0.0018747,0.0013095,0.0011697,0.00049558,0.0017718,0.00083121,0.00082623,0.00063879,0.0012066,0.00088905,0.0016589,0.04375,0.0093465,0.00086369
1,0.0012187,0.0007752,0.0012445,0.0013343,0.002896,0.0052112,0.021702,0.059527,0.059534,0.023588,0.0078782,0.0059664,0.0093271,0.0062761,0.035197,0.010862,0.011003,0.14274,0.047027,0.044154
1,0.0027287,0.001098,0.00041579,0.00027996,0.0012015,0.00083557,0.0019267,0.0025484,0.0036853,0.0009965,0.0015912,0.0023875,0.00046861,0.00024867,0.00077534,0.00012737,5.5921e-05,0.0053738,0.20794,0.053532
1,0.0077897,0.0021309,0.0024398,0.0076483,0.019182,0.017242,0.0041357,0.010258,0.0059851,0.0029764,0.0014426,0.0032628,0.012457,0.12024,0.13098,0.067078,0.011273,0.00091595,0.00014249,0.00099849,0.0020182,0.0090505,0.0059517,0.0014315
1,0.018815,0.014788,0.013017,0.072689,0.067882,0.16737,0.096736,0.011359,0.016962,0.001265,0.0015552,0.00074574,0.0051421,0.0014698,0.010185,0.010346,0.014149,0.005484,0.0036776,0.016004,0.016042,0.015273,0.021347,0.057302,0.07175,0.0087875
1,4.9928e-05,7.6139e-06,0.00011668,0.00014411,0.0010805,0.00066807,0.00021862,0.00061037,0.0004741,0.00087934,0.0005894,0.0024985,0.005098,0.0030121,0.0017228,0.0055008,0.02067,0.032411,0.018709,0.02249,0.036401,0.080034,0.087635,0.092573,0.15965,0.13283,0.00034881
1,0.014595,0.00051946,0.00021603,0.0093168,0.0077995,0.01771,0.016576,0.03012,0.0072684,0.0098263,0.0061646,0.017213,0.0041791,0.070328,0.069266,0.56933,0.36472,0.33841,0.20095,0.13956,0.25942,0.34411,0.2991,0.10843,0.043811
1,0.0039211,0.002971,0.0021515,0.0060106,0.0085771,0.021948,0.053814,0.049266,0.034271,0.020439,0.013901,0.010275,0.0041959,0.001245,0.0012572,0.0031773,0.0062704,0.023407,0.0046808,0.0071805,0.0083819,0.053807,0.03239,0.27937,0.18976,0.00208
1,0.000642,0.0016619,0.0025554,0.011277,0.019351,0.016077,0.040208,0.072908,0.03829,0.033474,0.0074236,0.0051894,0.0051188,0.013921,0.20618,0.36307,0.52139,0.28661,0.22249,0.12286,0.11775,0.043615,0.17473,0.18376,0.20553,0.28076,0.17902,0.060898,0.016533,0.0053131,0.0037758,0.0084032,0.01313
1,0.060659,0.033716,0.011561,0.030095,0.015422,0.0058748,0.0033097,0.0025169,0.0004284,5.4172e-05,4.6509e-05,4.319e-05,0.00014677,0.0023183,0.0020469,0.018735,0.059236,0.042794,0.02613,0.0074203,0.006992,0.0078672,0.02219,0.016624,0.022657,0.038157,0.13064,0.10283,0.087725,0.097457,0.082812,0.043191,0.031992,0.085602,0.00028441
1,0.0019134,0.00028234,0.00083173,0.00044176,0.00050469,7.3305e-05,3.2254e-06,0.00022303,0.00095129,0.00097,0.0017202,0.0028208,0.016364,0.00054304,0.00036424,0.0032763,0.00043168,0.00011595,0.00069268,6.101e-05,3.7942e-05,0.001619,0.00062225,0.00080092,0.000648,0.00046923,0.0012032,0.021956,0.037458,0.028585,0.009799
1,0.00012716,7.4873e-05,0.00020745,0.0083289,0.0060388,0.0017546,0.0058655,0.0012862,0.00033448,7.1659e-05,3.6641e-05,0.00011279,0.00092851,0.024162,0.015254,0.010682,0.0017961,0.0015202,0.00097379,0.0022123,0.014554,0.01358,0.0089392,0.10804,0.2328,0.21264,0.10226,0.03228
1,0.0036242,0.0018498,0.0020844,0.0038911,0.0064408,0.0059051,0.0065366,0.0082375,0.00059114,0.00022112,5.5416e-05,2.1418e-05,1.2542e-05,3.7577e-05,8.0402e-05,7.5488e-05,0.00025855,0.00017315,5.9105e-05,8.8776e-05,4.2971e-05,1.1917e-05,2.0104e-06,2.4033e-06,0.002482,0.004436,0.0014321,0.0021065,0.0043018,0.020034,0.030273,0.00034806
1,0.070758,0.075284,0.02913,0.040604,0.018718,0.014082,0.032749,0.066972,0.027301,0.0040108,0.0044205,0.0020775,0.0051301,0.0048661,0.00063467,0.00054444,0.0039851,0.015983,0.015663,0.044016,0.053485,0.081279,0.19473,0.03785,0.035587,0.004535,0.0011898,0.00085723,0.00041803,0.0003949,0.088591,0.17477,0.25905,0.15045,0.19378,0.038572,0.0080932,0.033627,6.6091e-05
1,0.0023999,0.0020993,0.0015719,0.00041949,0.00090448,0.0018023,0.0030624,0.010225,0.0096703,0.0024912,0.00039554,0.00021248,1.8274e-05,6.0824e-05,4.1329e-05,0.00013523,0.0003821,0.0027747,0.0028634,0.0015363,0.00022954,0.00016208,1.6363e-05,6.507e-06,1.4085e-06,2.977e-06,0.0034335,0.041386,0.022797,0.042744,0.05179,0.12184,0.023319
1,0.00014899,9.7567e-05,0.002242,0.0011807,0.00051432,0.00067554,0.00052706,0.014486,0.0039328,0.0035481,0.0018865,0.00039823,0.0003366,0.00026201,6.0552e-05,0.00015613,5.1938e-05,2.0584e-05,8.5467e-05,0.00074588,0.00092172,0.00028526,0.00026768,0.00019174,9.2971e-05,0.0001691,9.5604e-05,0.00031266,7.8444e-05,0.0013511,0.0057079,0.048441,0.023417,0.11706,0.14775,0.32039,0.26107,0.31171,0.084818,0.00084626
1,0.0029419,0.00034026,0.00088275,0.0051528,0.0023088,0.018628,0.028772,0.099471,0.07039,0.083731,0.13312,0.26965,0.23833,0.13502,0.034402,0.075042,0.052371,0.024559,0.010503,0.0031439,0.0011146,0.0014556,0.0035876,0.001647,0.0030974,0.00074829,0.0093548,0.11407,0.53097,0.31319,0.081004,0.042962,0.0051845,0.0066341,0.0026999,0.0138,0.0012856
1,0.0092061,0.006582,0.0076675,0.0054868,0.0016494,0.00078208,0.00053182,0.013121,0.017596,0.0058883,0.0085029,0.0024942,0.00051611,0.0051781,0.007797,0.0027451,0.0001894,3.0658e-05,6.6014e-05,0.00026739,0.0019869,0.0016232,0.0099282,0.041185,0.019339,0.021247,0.059996,0.17424,0.08838
1,0.025662,0.016626,0.0090255,0.038901,0.052513,0.050431,0.026801,0.080206,0.040393,0.01083,0.0054923,0.0016602,8.8751e-05,0.00043863,0.0010452,0.00042155,0.00020342,0.00021293,0.00073077,0.015843,0.020871,0.012475,0.017198,0.26632,0.25549,0.045108,0.060984,0.15099,0.24409,0.011924
1,0.00017723,1.6398e-05,5.0133e-05,0.00068958,0.00082029,0.00018517,0.00016418,1.4861e-05,0.011131,0.014625,0.074271,0.017021,0.0057105,0.0032638,0.0059897,0.0036558,0.002506,0.0071471,0.024561,0.027281,0.048856,0.16838,0.41923,0.21588,0.36967,0.61368,0.50769,0.027533
1,0.058295,0.00013277,0.009902,0.0062579,0.0088654,0.0043259,0.001712,0.00096954,0.00030871,0.0042495,0.0090104,0.027222,0.10591,0.10942,0.017457,0.003513,0.00039674,6.6589e-05,0.0031611,0.0013455,0.0058837,0.02952,0.032555,0.010952,0.017286,0.060997,0.06058,0.12867,0.10497,0.005327,9.796e-05
1,0.00011978,2.8588e-05,2.4064e-05,1.4188e-05,0.00040844,0.00035854,0.00021767,0.00023356,0.001667,0.002228,0.0012609,0.00054615,0.00026431,0.00011917,0.00045696,0.0011472,0.051821,0.04858,0.062916,0.12593,0.057198,0.020767
1,0.0061488,0.0025581,0.0075276,0.0054182,0.092338,0.094733,0.060527,0.056775,0.028187,0.021066,0.0010058,0.0017019,8.8611e-05,2.2676e-05,8.8812e-06,8.612e-05,0.00079332,0.0047951,0.16566,0.21314,0.23079,0.36385,0.31155,0.10073,0.031338
2,1.4825e-05,1.577e-06,6.3573e-05,0.00017275,0.030236,0.0042399,0.0023432,0.001545,0.0001196,2.5718e-05,1.4679e-05,4.4289e-06,8.1558e-05,0.0009144,0.00028605,0.00011523,0.007094,0.00086601,0.0066978
2,6.144e-05,2.3188e-05,3.8162e-05,0.0001262,0.0038551,0.0037813,0.0028754,0.0004214,0.0018858,0.0047668,0.0073093,0.0068097,0.0090465,0.029815,0.023137,0.034886
2,0.0012095,0.00092681,0.00046569,0.016487,0.037035,0.0098486,0.00094168,0.00049507,7.8571e-05,6.4869e-06,6.1113e-05,0.002924,0.00077759,0.0022146,0.099419,0.022207,0.054946
2,0.029403,0.000562,0.00060686,0.00050765,0.0015316,0.00091044,0.0029033,0.005381,0.0056416,0.0032646,0.00012613,9.7211e-05,3.1437e-05,5.2579e-05,9.2367e-06,3.5496e-06,0.00039097,0.0010137,0.0013965,0.0013263,0.024766,0.089958,0.021658,0.02403
2,8.1755e-07,1e-07,1.5448e-07,5.7328e-07,0.00084303,0.00019791,4.1565e-05,2.3771e-07,1e-07,1e-07,7.3443e-07,2.2137e-05,7.2111e-06,9.1458e-06,0.017624,0.026683,0.027504
2,0.00064267,0.0002577,0.000301,0.00047006,0.00066066,0.0008618,0.0021432,0.0028564,3.4042e-05,1.0411e-05,1.3854e-06,7.4549e-07,1.2509e-07,0.00016281,0.0013702,0.0012742,0.039977,0.0663,0.0025094,5.2554e-05
2,0.0021112,0.0018399,0.0068635,0.0075396,0.0069511,0.0053468,0.0045816,0.0012519,0.0038613,0.00294,0.0072317,0.0031543,0.0003719,8.9618e-05,6.1405e-05,2.8478e-06,1e-07,0.00010149,5.4758e-05,2.7477e-05,0.00020013,0.0083827,0.00060015,0.0040444
2,0.060527,0.0016957,0.00229,0.0019716,0.00071058,0.00030781,0.00025228,0.00034168,0.00052777,0.000173,0.006372,0.0091119,0.092875,0.077176,0.0098024
2,4.1671e-06,1.3881e-06,0.0013173,0.00072807,0.00025566,0.00038589,0.00028774,0.0015866,0.0015893,0.00072997,0.0037347,0.0031782,0.022618,0.028882,0.11883,0.13213,0.037576
2,0.00095293,9.4612e-05,0.00051667,0.00070187,7.2296e-05,0.00084541,0.0039587,0.00047626,0.0012025,0.00044094,0.00031772,6.5893e-05,0.00031012,0.00291,0.026104,0.006405,0.0014753,0.007717,0.0060047,0.01745,0.011751,0.00027904
2,0.0031906,0.0026601,0.0068983,0.007417,0.014322,0.027504,0.0016521,0.00058995,0.00048863,0.00020391,0.0001272,0.022681,0.024371,0.059937,0.11904,0.14262,0.0054304
2,0.00016616,9.3681e-05,2.7767e-05,1.1327e-05,1.8334e-06,4.1082e-06,2.8433e-06,2.1534e-05,1.9467e-05,0.0049669,0.0021974,0.0053788,0.0042128,0.067795,0.0047407
2,1.3067e-05,4.9211e-07,0.00057706,0.0016121,0.0027074,0.0015446,0.0012859,0.00041854,0.00050417,0.00017592,0.00037704,0.0012709,0.014725,0.06318,0.065985,0.2104,0.11727,0.060375,0.026199
2,1.8362e-05,1.0332e-06,0.00013007,0.00040997,0.00036917,0.00015066,0.00048739,0.00045391,0.00036263,0.00033408,9.2225e-05,2.6994e-05,0.00041544,4.6383e-05,3.0738e-05,7.1934e-05,0.00011734,0.00066564,0.00018065,0.00043357,0.0035777,0.0060527,0.040377,0.033864,0.00015748
2,0.023459,0.0009339,0.00063426,2.5764e-05,9.3987e-06,0.00012398,0.00020181,0.0010397,0.0023466,0.016035,0.016813,0.012425,0.071502,0.26937,0.011204
2,0.0013424,0.00013797,2.3406e-05,4.6197e-06,3.3167e-06,0.0043405,0.017959,0.0049828,0.0074249,0.0042665,0.0021372,0.013494,0.0060059,0.00075988,0.0063437,0.080416,0.34999,0.19223,0.0002167
2,1.8016e-05,8.5564e-06,3.0166e-06,4.7985e-06,0.00066521,0.00093498,0.00099394,0.00040601,5.0042e-05,0.00023485,0.00063418,0.0001547,0.00020559,0.0031756,0.0013655,0.00016008,0.0004767,0.0035905,0.0038643,0.011233,0.00024503
2,1.6513e-05,3.3458e-06,3.8067e-06,3.8515e-06,1.2346e-05,3.7504e-05,0.00018081,2.8121e-05,2.9004e-05,3.0747e-05,1.8208e-05,2.9881e-05,8.678e-06,5.697e-07,3.9094e-06,0.076691,0.16937,0.070868
2,0.011295,0.0051082,0.00097353,0.00028684,8.4046e-05,5.3808e-05,9.1763e-06,1.1226e-05,5.2064e-07,3.2171e-07,0.0018022,0.00014654,6.9427e-05,7.9344e-05,0.0001486,1.2033e-05,0.00012254,0.00013649,0.00011097,0.0017661,0.0013173,0.00046817,0.00062301,0.0022796,0.057546,0.10887,0.019427
2,0.0014255,0.00061838,0.00042995,0.00016456,0.00024436,0.0023508,0.00056542,0.0001894,4.7465e-05,0.00013478,0.0008311,0.00025729,2.2716e-05,0.00021471,0.35564,0.071322
2,0.0010279,0.00077161,0.00062654,0.0011755,0.0015721,0.0021391,0.0026532,0.0013285,0.00065823,0.0020783,0.0032225,0.0021813,0.0039058,0.01346,0.0042074,0.00047611,0.00033957,0.0022238,0.030791,0.073172
2,0.0016611,0.00044962,0.011056,0.01739,0.015723,0.019738,0.012945,0.019309,0.04091,0.035783,0.056829,0.024895,0.044953,0.0081666,0.0067794,0.013584,0.011974,0.0097655,0.016168,0.0071079,0.012125,0.10812,0.059896,0.019372,0.0099019,0.006899,0.00039063,0.00037876,0.00096017,0.00097259,0.0014306,0.0025383,0.010668,0.0015625,2.7605e-05
2,0.00075337,0.00078941,0.00095179,9.1469e-05,0.00035035,0.002677,0.0013939,0.0045307,0.0034141,0.00019566,5.2789e-06,7.1139e-06,3.6903e-05,2.7222e-05,4.0258e-05,5.1307e-05,2.5596e-05,0.0044786,0.0028929,0.00020718,0.00020247,0.00031492,0.0014319,0.0011917,0.009429,0.012767,0.0089335,0.022392,0.062845,0.00016109
2,0.036574,0.021122,0.0072672,0.0038439,0.061182,0.074531,0.097558,0.27498,0.20025,0.18059,0.10752,0.088749,0.046109,0.009367,0.0067153,0.0079427,0.0079518,0.085087,0.084103,0.057125,0.018409,0.010891,0.017642,0.0033865,0.0164,0.020857,0.015733,0.12983,0.014284
2,4.9229e-06,7.0501e-06,0.00011587,4.9815e-05,0.00011369,0.00055748,0.0003486,0.00045757,0.00089333,0.0011935,0.00022062,0.0014292,0.00032772,0.00013246,0.00025714,0.00017699,0.00048481,0.012201,0.011554,0.0061908,0.0010364,0.00053725,0.00027941,0.00022757,0.00094953,0.0027323,0.0040435,0.024565,0.007275,0.0048822
2,0.0027466,0.00097488,0.0005451,0.00058279,0.00048085,0.00399,0.040585,0.041939,0.033117,0.092142,0.12993,0.026572,0.028071,0.018984,0.016184,0.0018378,0.00069028,0.00014301,2.8969e-05,5.603e-06,0.00010897,0.00091881,0.0046092,0.0022265,0.0012032,0.00045465,0.00077432,0.00048525,0.00016546,0.0038286,0.0037996,0.0064963,0.020048,0.0099333
2,0.0010219,0.00015041,0.00071921,0.00073711,9.8941e-05,0.00063881,0.00048752,0.0010993,0.0055502,0.0050964,0.0014058,0.00020152,3.5048e-05,4.4585e-05,0.00020229,0.00023614,0.00012889,7.1699e-05,8.7895e-05,0.011629,0.049965,0.059285,0.038658,0.0044595,0.0031482,0.0011237,0.00028248,0.00018775,0.0010143,0.0051218,0.0067408,0.0051637,0.17646,0.027946,0.0091923
2,0.00036308,0.00038522,0.00056716,0.00018085,0.0043625,0.0046212,0.0011229,0.0025705,0.0051344,0.010563,0.0048622,0.0024539,0.0025681,0.0016908,0.0011199,0.00091672,0.00046008,0.00025427,0.0023253,0.005074,0.0051,0.00064806,0.00013837,8.1505e-05,4.2095e-05,8.2578e-05,0.0043919,0.055358,0.060313,0.16093,0.036512,0.010516
2,0.00073401,0.000117,9.144e-05,0.0012984,0.0017887,0.0042052,0.0056682,0.0051728,0.000998,0.0071252,0.0046338,0.0048095,0.0027016,0.0046045,0.00032895,0.00019946,0.00026635,3.7124e-05,2.7334e-05,6.8939e-05,0.00011928,0.00049489,0.00028429,0.0001311,0.00013634,5.6329e-05,3.6743e-05,0.00010856,0.0016823,0.00094434,0.00076274,0.0241,0.050908,0.055652
2,0.17846,0.16837,0.1311,0.25175,0.23594,0.18784,0.23855,0.044379,0.016011,0.0091707,0.051649,0.23709,0.33548,0.41565,0.14376,0.24835,0.021682,0.013691,0.0023841,0.0021065,0.0013832,0.00041535,0.00015077,0.0056826,0.023624,0.23718,0.16652,0.048565,0.022863,0.0057258,0.0015002,0.0025278,0.008276,0.0055993,0.0066319,0.0038808,0.0018637,0.0048779,0.0017785,0.0071267,6.9042e-05
2,0.23505,0.25915,0.10983,0.053678,0.018644,0.019325,0.010174,0.0047664,0.00069993,0.0030146,0.001783,0.0010085,0.00038989,0.013023,0.0020974,0.003766,0.00098007,0.0015073,0.00012852,5.97e-06,1.8651e-05,0.013747,0.027913,5.9521e-05
2,0.0008684,0.00057479,0.00036681,2.1496e-05,0.00017951,0.0003059,0.00056555,0.00067448,0.0026945,0.0011365,0.00060485,0.00021739,0.00018989,3.1247e-05,3.177e-05,2.6206e-06,1.1025e-06,0.02239,0.56218,0.033097
2,0.0061575,0.014735,0.04432,0.062021,0.01077,0.013288,0.010231,0.0019888,0.0054411,0.0072275,0.013029,0.013004,0.006145,0.004011,0.0021866,0.00078812,0.0007052,0.0004748,8.9342e-05,2.4308e-05,0.0073043,0.25818,0.015929
2,0.0029794,0.0023957,0.0023762,0.0013946,0.0016747,8.7961e-05,0.00025176,0.0012239,0.0013446,0.001827,0.0027923,0.00077628,0.00067372,0.00050505,0.00029035,0.00032535,0.00014094,2.2782e-05,7.8648e-05,0.041908,0.053267
2,0.011138,0.0079148,0.0018212,0.0010601,0.00054665,0.00027376,0.00038348,0.0007862,0.0011178,0.00076121,0.00012696,0.00053318,0.00012556,2.7693e-05,1.8959e-05,5.4859e-06,4.8764e-06,1.8039e-06,1.8381e-05,0.096671,0.12851,0.06814,0.00081271
2,0.00063019,8.748e-05,0.0022257,0.00068352,0.001403,0.0086595,0.0093178,0.0036486,0.0029474,0.0026179,0.00089098,0.00015765,0.00036425,0.00019754,0.00033989,0.00067332,0.0009323,0.0013656,0.00020738,0.0016234,0.10912,0.019867,0.00016777
2,0.047253,0.025442,0.030195,0.0045432,0.0015883,0.0030152,0.0032046,0.00089049,0.008575,0.0056804,0.026546,0.022072,0.014114,0.0089324,0.0027986,0.0009289,0.00031661,0.00045865,3.577e-05,1.3217e-05,0.003677,0.19238,0.091322,0.0011077
2,0.01336,0.0052265,0.01689,0.032617,0.036224,0.045967,0.01463,0.012035,0.007323,0.0031739,0.0020095,0.0047942,0.0089186,0.013218,0.014715,0.0020929,0.0031857,0.0015566,0.0022094,0.084016,0.046808,0.030505
2,0.00082384,0.00022065,0.00026981,0.00012694,0.00062808,0.00088844,0.00036315,0.00025565,0.00010909,0.0023129,0.0011144,0.0062632,0.0078115,0.0078232,0.010357,0.0031397,0.0035735,0.0013289,0.0016365,0.00088562,0.013098,0.0085763,0.0104,0.0079093,0.0050136,0.0024644,0.06291,0.085659,0.030526,0.095442,0.22406,0.20269,0.10001
2,0.020737,0.00945,0.0043086,0.0019485,0.00092391,0.0040246,0.0086015,0.0084479,0.0010037,0.00061133,0.00034516,0.00049474,0.00037948,0.013512,0.020252,0.029376,0.02038,0.051989,0.14394,0.12433,0.20444,0.14127,0.00027714
2,0.0010699,4.7254e-05,4.1456e-05,0.00034784,0.0005465,0.00014281,0.0038588,0.0020102,0.00039156,0.00019019,0.00021121,0.00043735,0.00056424,0.0012177,0.0019192,0.0030114,0.0021783,0.010635,0.0041847,0.0039531,0.080435,0.42348,0.010585
2,0.001547,0.00020958,0.0011708,0.00037615,0.00040723,0.012668,0.024363,0.0029365,0.002423,0.00084111,0.0012748,0.0012571,0.019969,0.02583,0.01998,0.024219,0.040323,0.026516,0.016901,0.084238,0.13911,0.053178
2,0.015187,0.006291,0.0075733,0.0055736,0.011941,0.0028553,0.0092856,0.0079508,0.010062,0.0098411,0.096144,0.01364,0.0038022,0.002034,0.0010723,0.00083918,0.0020128,0.031167,0.02745,0.0095216,0.011113,0.0011683,0.0073181,0.0031147,0.0041436,0.0048598,0.024463,0.029438,0.019345,0.00017003
2,0.0018691,0.00058044,0.00027799,0.002302,0.0020373,0.011403,0.026189,0.014345,0.034924,0.0037657,0.0045737,0.0031467,7.4663e-05,8.0104e-06,3.9191e-06,5.1604e-06,3.7253e-06,9.7783e-05,0.00027347,0.00016207,0.0014424,0.0077791,0.0052278,0.016761,0.018783,0.11108,0.12372,0.0065673
2,0.18419,0.12117,0.027037,0.024564,0.057767,0.023164,0.010628,0.013046,0.026359,0.0042645,0.0011933,0.00011075,4.0324e-05,1.3965e-05,4.1877e-05,0.0038614,0.001014,0.00031929,6.2094e-05,3.8893e-05,0.00011272,0.00012153,0.00069823,0.014077,0.013927,0.00043952,0.0013747,0.0050375
2,7.4155e-06,5.1163e-07,3.2414e-06,1.4535e-05,0.00010196,0.0018757,0.0018523,0.00048798,0.00019411,1.4372e-05,3.2919e-05,0.00078176,0.0014865,0.0011929,0.00064155,0.00032313,0.00022622,0.00014089,0.0012538,0.0052829,0.0052939,0.003811,0.0057605,0.014213
2,0.058045,0.0096972,0.004512,0.0029103,0.0030457,0.00058323,0.0007477,0.0033878,0.0072578,0.012017,0.011386,0.0034241,0.00067644,0.00021758,0.0052428,0.073047,0.27442,0.0063963,0.0020944,0.00070963,0.00050101,7.9925e-05,0.052555,0.017857,0.0095147,0.0085744,0.0070485,0.014548,0.0098114,0.0040918,0.00034039,0.0021734
2,0.0030676,0.00074124,0.00032146,0.00026219,0.0019896,0.0013033,0.00049549,2.3246e-05,0.00012455,0.0041969,0.002534,0.0019962,0.0016588,0.0013663,0.00035723,0.0011824,5.3915e-05,0.00010525,0.0001188,4.0209e-05,3.711e-06,0.00028323,0.0022243,0.0081353,0.0043421,0.0051743,0.037463,0.016093,0.0078239,0.0042402,0.023424,0.020352,0.0029804
2,0.0015971,0.00026308,2.0555e-05,9.4576e-06,3.7903e-05,1.4504e-05,3.133e-05,0.00080715,0.0075355,0.00087854,0.00017132,0.00030868,0.00017015,0.00014132,0.00059565,0.00015124,2.6599e-05,9.3727e-05,2.6372e-05,4.1551e-06,2.4796e-05,6.0687e-05,3.4971e-05,0.0017448,0.0064586,0.0081757,0.0088118,0.0069676
2,0.0074794,0.0037166,0.0022517,0.0030788,0.006025,0.0030131,0.0033603,0.02813,0.014706,0.011737,0.0076933,0.0020209,0.00063125,0.0036764,0.063697,0.060678,0.04784,0.014987,0.013176,0.0038103,0.0023437,0.00082428,0.0092615,0.0091485,0.027114,0.068057,0.014161,0.00027186
2,0.0073534,0.0080966,0.0071308,0.012473,0.012722,0.0074862,0.0014,6.1226e-05,0.00033477,0.0034762,0.024891,0.018881,0.016284,0.00054514,5.4468e-05,3.069e-05,3.3046e-05,0.00011789,0.00051001,0.00018544,2.8419e-05,0.00038763,8.978e-06,1.9808e-05,5.9629e-06,2.3762e-05,2.1421e-05,0.00047671,0.00036996,0.0068167,0.0049434,0.013515,0.010162,0.0074442,0.0065811,0.024693
2,0.0044587,0.0017905,0.00071797,0.00023953,1.4657e-05,1.166e-06,2.2552e-06,0.0009426,0.001283,0.0023802,0.0020146,0.0026948,0.00077757,0.0077074,0.025011,0.0097713,0.018682,0.021042,0.030887,0.015472,0.0059985,0.0042319,0.0086319,0.036071,0.039172,0.023622,0.00073615
2,0.059918,0.034453,0.015526,0.0076854,0.010282,0.040338,0.0091658,0.0093347,0.019887,0.16924,0.082644,0.28301,0.11767,0.036679,0.051428,0.0045413,0.00045378,4.212e-05,1.7096e-06,2.1308e-05,1.2634e-05,5.5056e-06,0.0002175,0.003639,0.0026014,0.0010754,0.0022881
2,0.0083364,0.0056065,0.0088299,0.026375,0.01944,0.046807,0.081214,0.09556,0.097426,0.25071,0.075481,0.063658,0.04329,0.044109,0.012169,0.027652,0.021313,0.021488,0.048745,0.10065,0.063781,0.039511,0.039049,0.009557,0.014073,0.021369,0.03846,0.0098473,0.00057001,0.00035076,0.00023497,0.00019573,0.0022435,0.11923,0.17349,0.14128,0.10532,0.12607,0.011887,0.0032783,0.0040577
2,0.0154,0.0022151,0.0046382,0.0049684,0.0064413,0.0035779,0.0073199,0.017387,0.011461,0.0030173,0.002094,0.00039489,0.00031884,2.4864e-06,1.0428e-05,4.3474e-05,0.00045387,0.00061595,0.00048592,0.00054598,0.0002179,0.00014718,0.0012403,0.0009824,0.00012848,1.987e-05,2.3485e-05,8.6315e-06,5.2608e-05,0.0089207,0.011626,0.012181,0.0064499,0.015662,0.014564,0.040741,0.046358
2,8.4764e-05,5.3164e-05,0.00049987,0.00027761,0.001045,0.00065289,0.0007589,0.0033697,0.0041961,0.0038645,0.0066651,0.01238,0.0040723,0.0016225,0.0022247,0.00035108,0.0017432,0.00064511,0.0011972,0.00068227,0.00021578,0.00010911,7.4541e-06,1.2598e-06,1e-07,3.0209e-07,0.00099453,0.001475,0.0022071,0.0039768,0.012909,0.050519,0.031269,0.010812,0.0096386,0.0022137,0.00065445,0.0001025,3.6668e-05,0.00010331,4.5898e-05,8.0621e-05,0.0063944,0.011059,0.12777,0.017573,0.0078672,0.0020862,0.0021298,0.00093565,0.0026123,0.0011595
2,3.6219e-05,0.00027979,0.0024965,0.00061863,0.0018273,0.0011261,0.0031686,0.0030665,0.03721,0.019607,0.0058656,0.019075,0.010266,0.01399,0.0039592,0.0013376,0.00012259,0.0038391,0.0030925,0.0040713,0.001618,0.00053404,0.0013513,0.010491,0.0025395,0.00070944,0.00064007,0.00075154,0.0001269,0.00026458,0.008733,0.0073969,0.013922,0.019739,0.026809,0.076417,0.11425,0.038807,0.010522
2,0.0026717,0.0016388,0.0038234,0.0017284,0.0034988,0.0020549,0.012087,0.034627,0.016053,0.012665,0.0027058,0.00013451,1.4923e-05,1e-07,5.1454e-07,6.2991e-07,2.3498e-06,0.00017473,0.00011953,0.00027883,7.8937e-05,2.3801e-05,5.1293e-05,8.1896e-05,3.5603e-05,0.00012013,0.00013894,0.00063004,0.0044861,0.025185,0.035673,0.030678,0.034106,0.040277,0.03025,0.012203
2,0.028206,0.031803,0.010087,0.0074749,0.0060805,0.0069103,0.015697,0.03957,0.060989,0.079812,0.027997,0.018791,0.024995,0.032154,0.016066,0.0012462,0.00094001,0.0071463,0.0027705,0.0030202,0.0024183,0.001862,0.00013547,8.6551e-05,0.00020103,0.00020611,4.9871e-05,1.9761e-05,2.4073e-05,8.7652e-06,4.398e-06,0.029357,0.11946,0.18555,0.2918,0.1867,0.094849,0.083624,0.09573,0.12773,0.059219
2,0.015677,0.0012366,0.0043982,0.010839,0.036194,0.088812,0.041714,0.021816,0.0058887,0.0080567,0.010364,0.020027,0.0044675,0.0032933,0.00033041,0.00023969,0.00011652,2.9712e-05,0.00028391,0.0031786,0.0036704,0.005247,0.014423,0.013286,0.0031314,0.0008821,0.031737,0.021363,0.0041871
2,0.2077,0.16648,0.10966,0.11927,0.026465,0.0081221,0.0017943,0.00028297,1.9404e-05,0.00016712,0.0011083,0.00041158,0.00094299,0.00053719,0.00055598,0.00027601,3.3793e-05,9.1273e-06,1.1578e-06,2.2647e-06,3.1021e-06,6.618e-06,1.0174e-05,1.7225e-05,0.004468,0.0082758,0.0014319,0.0026307,0.061173,0.25235,0.19883,0.016445
2,0.0030103,0.00016205,0.00018046,0.0003674,0.0019812,0.005636,0.003762,0.0023163,0.0010057,0.0017903,0.001503,0.0017353,0.00071826,0.00056279,0.00026981,5.2779e-05,0.00013624,0.0042509,0.014707,0.0079616,0.047246,0.018355,0.02427,0.036274,0.18071,0.044541,0.0010688
2,0.00071326,9.1831e-06,5.6532e-06,2.1738e-06,1.227e-06,1.8784e-06,5.17e-06,0.00099604,0.0017364,0.00091528,0.00048281,0.00010041,8.0558e-05,4.9131e-05,0.0029233,0.00062919,6.3893e-05,2.4092e-05,4.217e-05,0.00035703,9.6468e-05,3.7887e-05,4.2845e-06,8.8421e-07,6.0345e-05,0.00047721,0.00095797,0.0026516,0.0091566,0.021449,0.0074466,0.0041232,0.07794,0.037928,0.031677,0.052611,0.19558,0.093678
2,0.0004892,0.00049913,6.5258e-05,2.6117e-05,2.2604e-05,5.1619e-06,4.3705e-07,4.2023e-06,2.1518e-05,2.5523e-05,1.336e-05,1.5282e-06,3.5675e-05,4.2989e-05,1.6799e-05,0.00010845,0.0016972,0.0024368,0.0044649,0.0073949,0.01496,0.029527,0.13732,0.15845
2,0.06737,0.050709,0.062956,0.14169,0.093453,0.078551,0.061316,0.040308,0.054533,0.038751,0.052247,0.10938,0.041004,0.02018,0.004322,0.00038466,2.5613e-05,7.6209e-07,5.7186e-06,1.5712e-05,1.2316e-05,4.2175e-05,0.00019923,3.3064e-05,7.0232e-05,0.0001469,0.00015698,0.0012952,0.00071159,0.0066542,0.23761,0.6191,0.066211
2,0.023593,0.0027555,0.0046913,0.0022989,0.0019637,0.0012432,0.00090089,0.0042554,0.0036194,0.0020237,0.013507,0.0057844,0.00063416,0.00041494,0.00054555,0.00010982,0.00089564,0.0046441,0.0013248,0.011631,0.0030916,0.002441,0.046378,0.13503,8.4019e-05
2,0.061406,0.055022,0.034915,0.010703,0.0033987,0.00072851,0.0002482,9.0321e-05,0.00013972,0.0001477,0.00010085,8.4929e-05,2.0348e-05,2.1516e-05,7.099e-05,0.0015169,0.00099214,0.00081751,0.00092578,0.00057957,5.0626e-05,5.2386e-05,7.8046e-05,0.00014349,0.1632,0.17941,0.12817,0.25102,0.45643,0.25368,0.39033,0.0004565
2,0.001566,0.0016446,0.00060255,0.00058319,0.00023322,5.099e-05,5.9068e-06,1.8072e-05,1.0332e-05,0.00042403,0.0044303,0.00084026,0.0002384,6.4706e-06,3.6378e-06,6.4938e-05,0.0054254,0.020591,0.024754,0.10574,0.16823,0.11084
2,0.0020386,0.0025122,0.0039838,0.00055591,0.0013957,0.0008928,0.00019261,6.9992e-05,0.00013418,0.00011651,7.5696e-05,0.00026009,3.614e-05,6.3047e-05,0.00030148,0.00133,0.0016815,0.0015089,0.0021013,0.00095088,0.00063681,0.0091401,0.026114,0.011227,0.015774,0.079033,0.052987,0.16329,0.038755
2,0.0012177,0.00098358,0.0024829,0.000921,0.00081846,0.00096061,0.00040296,1.2531e-05,1.6117e-05,1.8026e-05,0.00012548,4.5762e-05,2.8664e-05,5.3274e-06,2.2901e-06,1e-07,0.00011043,8.7684e-05,1.9956e-05,1.1026e-05,0.00031966,0.0015113,0.0062216,0.034834,0.016791,0.0079653
2,0.00032298,0.00019393,7.6464e-05,0.00022736,0.00048641,0.00020647,0.00013698,5.2593e-05,0.00035955,0.00011747,0.0007682,0.00013845,0.00027009,6.7714e-05,3.0837e-05,2.6877e-05,0.0074493,0.01171,0.012801,0.098788,0.44825,0.041188
2,0.0091795,0.0019408,0.0010165,0.0016708,0.00046689,4.8382e-05,0.00026363,3.6825e-05,4.5399e-05,0.0025468,0.00031186,3.7598e-05,6.8221e-05,0.00011612,0.001133,0.0072245,0.0037414,0.0074138,0.025245,0.016461,0.024667,0.004979
2,0.0011553,0.00096047,0.00055216,0.00058638,0.0012878,0.0004235,0.00010543,1.2732e-05,2.3137e-05,1.2511e-06,9.2282e-07,6.5257e-05,5.6941e-05,3.4331e-05,8.746e-05,8.9119e-05,3.2331e-05,0.0046352,0.010361,0.0016555,0.0027572,0.05196,0.014615,0.02919,9.3699e-05
2,1.21e-05,1.4992e-06,5.9391e-07,5.0724e-07,4.8879e-07,4.7269e-05,8.5837e-05,4.9238e-05,0.00012997,5.3412e-05,0.00016796,0.0004918,0.00021326,3.6044e-05,8.4847e-06,1.3916e-06,2.0872e-06,3.1526e-06,3.8335e-05,0.0022354,0.0040068,0.0048922,0.0033096,0.0095257,0.014732,0.25868,0.039935
3,0.065539,0.00026648,0.0022754,0.042041,0.052073,0.085134,0.13872,0.089627,0.11001,0.16452,0.16714,0.2686,0.094948,0.097187,0.038554,0.019351,0.0068299,0.0002413
3,0.0087319,0.011,0.0083258,0.07527,0.049594,0.018472,0.039496,0.023797,0.016443,0.010681,0.00687,0.005763,0.0089924,0.005,0.017804,0.009988,0.035262,0.010167,0.0011172
3,0.060751,0.043934,6.395e-05,0.00012666,0.0015842,0.0079997,0.0073611,0.0054583,0.01099,0.0027438,0.0032821,0.0042915,0.0031726,0.015719,0.0078347,0.011997,0.00244,0.0036511,0.005921,0.018461,0.0087529,0.020683,0.034008,0.016182,0.021756,0.012357,0.0089651,0.020252,0.05039,0.029563,0.0042471
3,0.058845,0.017082,0.031866,0.08262,0.15447,0.15782,0.16121,0.047999,0.0053656,0.010339,0.007893,0.0078957,0.017432,0.024961,0.030668,0.030586,0.0095694,0.0077957,0.0025701,0.0037893,0.0015953
3,0.0032503,0.0048365,0.023572,0.076453,0.011414,0.010602,0.082424,0.18734,0.25517,0.14369,0.06181,0.0748,0.031307,0.043011,0.016706,0.0042667,0.0027137,0.0046061,0.0050309,0.0035247,0.0014044
3,0.008425,0.0014723,0.0010429,0.0012482,0.0083164,0.0059557,0.0030073,0.00082936,0.00015469,0.00012981,9.8885e-05,0.00060466,0.0020111,0.002469,0.0036135,0.0017448,0.0041596,0.0015893,0.0046995,0.0061089,0.0023522,0.0018404,0.019897,0.001877,0.0023115,0.0020264,0.0078075,0.015006,0.0033206
3,0.061579,0.035459,0.020834,0.022589,0.016914,0.0054677,0.003845,0.0039334,0.0013397,0.0012914,0.00039711,0.00052212,0.00072529,0.0020373,0.0032527,0.00093416,0.0009234,0.0012119,0.0011991,0.00079065,0.0011235,0.00073606,0.00058561,0.03085,0.1597,0.31045,0.088246,0.049216,0.047938,0.019578,0.013991,0.16259,0.26316,0.023533,0.013459,0.014622,0.029601,0.031204,0.00017955
3,0.061801,0.016463,0.030568,0.15971,0.051793,0.056139,0.040175,0.10286,0.027621,0.037811,0.038555,0.03975,0.010171,0.030747,0.00087511,0.0016902,0.00088145,0.00046704,0.00044193,0.00043462,0.00016848,0.000274,0.00032263,0.000141,0.014657,0.056032,0.074909,0.051106,0.0051085,0.0063782,0.05348,0.04022,0.094598,0.047716,0.030609,0.017448,0.13761,0.06082,0.060024,0.10035,0.23664,0.31104,0.40625,0.72489,0.66522,0.19375,0.10662,0.093743,0.095452,0.029505,0.004616,0.0050303,0.012954,0.020231,0.012107,0.050716,0.00012783
3,0.12355,0.0831,0.0069342,0.1166,0.34168,0.33275,0.21257,0.083143,0.082293,0.13881,0.07207,0.051017,0.025768,0.0097083,0.0012553,0.00049538,0.0014888,0.001528,0.0010661,0.00064661,0.0021542,0.10374,0.22165,0.28371,0.30573,0.094376,0.087314,0.17152,0.14438,0.030143,0.060107,0.056804,0.099784,0.30357,0.039301,0.038426,0.0063566,0.009743,0.035346,0.061779,0.18426,0.34159,0.38548,0.11664,0.14409,0.0994,0.084989,0.0099426,0.014182,0.027513,0.0044867,0.0025524,0.0046511,0.0013458
3,0.0061255,0.0034767,0.0021114,0.0015751,0.0083839,0.017732,0.0062656,0.0060209,0.0070624,0.015738,0.020935,0.052566,0.030152,0.029404,0.023186,0.0020275,0.0053054,0.016417,0.020272,0.079944,0.13535,0.17083,0.41425,0.58611,0.24424,0.19016,0.031938,0.067403,0.024065,0.038088,0.055672,0.011624,0.0036888,0.002816,0.0013801,0.0011728,0.0013726,0.0036792,0.0070074
3,0.013564,3.4921e-05,0.0020567,0.0066473,0.012939,0.014884,0.0089186,0.027741,0.16753,0.13594,0.23423,0.19329,0.083911,0.051824,0.044012,0.046059,0.063573,0.099657,0.10694,0.175,0.33575,0.45062,0.3791,0.32227,0.30862,0.022451,0.013506,0.021697,0.012026,0.020345,0.014123,0.016694,0.011206,0.011869,0.0056783
3,0.017667,0.00020714,0.00017419,0.00014181,0.0066391,0.014113,0.010768,0.0057306,0.0037984,0.0021287,0.012791,0.022115,0.033766,0.064478,0.13845,0.024355,0.025478,0.024037,0.039148,0.039895,0.033104,0.051869,0.028199,0.0067544,0.014201,0.036139,0.015758,0.010322,0.0072595,0.0083821,0.013425,0.028928,0.040575,0.04307,0.029215,0.0077462,0.0054388,0.00063118,0.00022793,4.5268e-05,4.4262e-05,0.0012588,0.00061151,0.00039459,0.011179
3,0.0306,1.6657e-05,2.407e-05,0.012305,0.064995,0.041369,0.36506,0.30646,0.24477,0.1434,0.30669,0.27843,0.19149,0.07412,0.042248,0.0056044,0.0019318,0.00082227,0.0018416,0.0015214,0.0023299,0.014021,0.27634,0.46774,0.27374,0.2638,0.16237,0.10282,0.070882,0.22853,0.36236,0.35732,0.34957,0.30103,0.082034,0.026994,0.0014586,0.00077047,0.00085378,0.00071597,0.00139,0.0012574,0.0022735,0.011519,0.046046,0.14759,0.13838,0.64606,0.18506,0.06512,0.13409,0.098489,0.058879,0.060083,0.09876,0.0020438,0.0053346
3,0.037278,0.013928,0.0046977,0.0026357,0.003011,0.0014298,0.0014259,0.0049379,0.1169,0.0061613,0.0011928,0.00065302,0.00081474,0.00032949,0.00019835,0.00014629,0.00019947,0.0001591,0.00043889,0.059703,0.12885,0.06303,0.15235,0.02724,0.031824,0.010221,0.018485,0.0024883,0.0024643,0.0060878,0.0032955,0.0023507,0.011567,0.097621,0.051584
3,0.026293,0.012489,0.011708,0.013428,0.0056558,0.0044957,0.068858,0.012261,0.060867,0.034373,0.037211,0.037404,0.050891,0.07483,0.10858,0.016925,0.012986,0.0041895,0.023157,0.0014662
3,0.031272,0.017301,0.034856,0.037759,0.049882,0.0069647,0.0039348,0.014037,0.0089732,0.0058784,0.01103,0.0081143,0.0044736,0.0016715,0.002904,0.003827,0.0014314,0.001868,0.0020116,0.0027727,0.0083661,0.0021872
3,0.01554,0.054102,0.041157,0.026417,0.073141,0.083484,0.0078553,0.0012074,0.0029526,0.041488,0.024451,0.014636,0.0068039,0.0037163,0.0026786,0.00059889,0.00047183,0.00032481,0.0003611,0.00028097,0.00013877,0.0001203,0.00017742,0.00018281,0.00012148,0.003758,0.024901,0.032064,0.053899,0.062887,0.010109,0.0059089,0.012978,0.013262,0.0046009,0.0017583,0.0027485,0.0029591,0.0062863,0.0063577,0.00037605
3,0.18495,0.16317,0.015459,0.089221,0.040829,0.006124,0.00060402,0.0015422,0.0061939,0.0097212,0.016846,0.026147,0.079546,0.058032,0.041721,0.037457,0.016643,0.0093506,0.015045,0.0063951,0.0064221,0.026905,0.16758,0.00037592
3,0.0044897,0.0016258,0.0042879,0.020235,0.081154,0.017909,0.0044323,0.0045763,0.0010684,0.0012798,0.0019001,0.0051904,0.022396,0.037841,0.1421,0.041952,0.045115,0.0014095,0.00030993,0.00033047,0.0016884,0.0058036,0.010267,0.07403,0.028713,0.090297,0.12041,0.087543,0.058794,0.099053,0.058817,0.0065309,0.0025122,0.0019288,0.00078526,0.0028098,0.0042851,0.02716,0.015738,0.0069281
3,0.14994,0.068111,0.012376,0.0125,0.06567,0.10819,0.045567,0.033675,0.12512,0.10364,0.043763,0.039539,0.060535,0.019925,0.0016273,0.0019715,0.0029159,0.12384,0.085229,0.13649,0.14435,0.092636,0.064252,0.22499,0.17463,0.080986,0.015084,0.014208,0.0036655,0.070067,0.050135,0.075009,0.027295,0.0075452
3,0.33278,0.11978,0.086902,0.026455,0.024789,0.051408,0.043531,0.02479,0.0065978,0.0047388,0.0094195,0.005529,0.014797,0.019895,0.043583,0.039253,0.0069258,0.0062225,0.01251,0.0028814,0.0030541,0.0027541,0.00181,0.0016118,0.0013792,0.0013628,0.0014762,0.0021702,0.013044,0.0089162,0.069962,0.23695,0.072212,0.073252,0.023016,0.021258,0.043547,0.25901,0.38393,0.24656,0.071163,0.10948,0.14009,0.15999,0.085372,0.040143,0.0093607,0.006435,0.0031914,0.0067708,0.0027993,6.2016e-05
3,0.046958,0.0042463,0.022223,0.0063235,0.0085475,0.018118,0.021964,0.013206,0.00061261,0.01345,0.0076961,0.0077355,0.0092728,0.0050158,0.010968,0.0009882,0.02005,0.064856,0.016672,0.020967,0.032477,0.10048,0.085317,0.27749,0.60923,0.54671,0.21923,0.32218,0.51423,0.20614,0.18306,0.1254,0.07752,0.063288,0.029066,0.016945,0.0078316
3,0.0032763,0.00022974,9.7786e-05,0.00013345,0.00045973,0.0039419,0.001237,0.0020432,0.0015766,0.0024279,0.0015956,0.00069368,0.00064127,0.00050392,0.00028459,5.0282e-05,0.0002232,0.0040856,0.017485,0.070383,0.0043574,0.072686,0.02932,0.015306,0.024337,0.012617,0.0074799,0.014534,0.011834,0.0096933,0.0080081,0.015668,0.0040981,0.0024346,0.0012324,0.00052674,0.00044631,0.00039575,0.0004734,0.00029413,0.00047589,0.00058669,0.00049145,0.0076732,0.023711,0.10776,0.07057,0.01455,0.0081208,0.032511,0.0033792,0.0029392,0.0031643,0.0039061,0.001439,0.00040299,0.00028886,0.00024514,0.00027659,0.00017539,0.0065974,0.027628,0.018206,0.047212,0.028968,0.033365,0.12105,0.45374,0.2119,0.048448,0.025905,0.005378,0.0081455,0.0076291,0.0062727,0.0077901,0.014686
3,0.025099,0.028075,0.065838,0.01325,0.0070024,0.0094116,0.03857,0.014601,0.060812,0.034824,0.11576,0.13954,0.23989,0.16429,0.05011,0.0083503,0.0030168,0.0015751,0.00045036,0.0079425,0.019308,0.17695,0.079265,0.080332,0.17732,0.20164,0.16612,0.2907,0.84424,0.60023,0.46609,0.10856,0.10727,0.17115,0.027105,0.0024101
3,0.11425,0.016219,0.00020951,0.00029441,0.001098,0.0053744,0.074042,0.014728,0.10578,0.049677,0.053283,0.059511,0.037706,0.00050352,0.00047821,0.066854,0.15123,0.37848,0.36096,0.32998,0.055662,8.4647e-05,0.018178,0.022665,0.053751,0.0081534,0.002282,0.0012622,0.0043502,0.0099989,0.0073465,0.034689,0.036848,0.057385,0.05154,0.016763,0.021679,0.0043727,0.0023928,0.0043346,0.0072356
3,0.12994,0.35188,0.087961,0.055158,0.061764,0.11757,0.19551,0.20804,0.33691,0.17095,0.29476,0.31859,0.28004,0.11624,0.21732,0.19319,0.21669,0.13271,0.085444,0.059695,0.13883,0.14263,0.30647,0.20045,0.15765,0.24188,0.031225,0.037276,0.01686,0.012462,0.017819,0.0015184,0.00049903,0.00030541,0.00034437,0.00025167,0.00020924,0.00016958,0.00022806,5.8924e-05,0.0003381,0.0063491,0.0087651,0.017701,0.16415,0.067186,0.016202,0.095129,0.062527,0.03641,0.085692,0.24217,0.18403,0.16001,0.33532,0.089233,0.020866,0.0024528,0.0030828,0.0006197
3,0.19761,0.059716,0.081863,0.33235,0.12855,0.097446,0.36171,0.42266,0.64461,0.37123,0.54644,0.44591,0.60132,0.60696,0.49181,0.48803,0.46042,0.28747,0.31063,0.23217,0.19012,0.096437,0.064755,0.008484,0.0071086,0.0036504,0.0026324,0.0020621,0.0022836,0.00145,0.0022246,0.002429,0.0014951,0.0024948,0.0038254,0.0042816,0.024353,0.19,0.35165,0.096065,0.11654,0.096601,0.017737,0.058889,0.46976,0.51266,0.45315,0.20553,0.063017,0.016528,0.011397,0.015038,0.0055207
3,0.011762,0.0076916,0.013296,0.010785,0.019672,0.027447,0.025697,0.0081985,0.018499,0.036983,0.016432,0.010527,0.0091322,0.00097573,0.00057088,0.00046032,0.00039076,0.00026569,0.01885,0.067475,0.079472,0.14203,0.047896,0.030076,0.010931,0.012642,0.0043622,0.0044508,0.036522,0.033009,0.022388,0.012956,0.00033829,0.00056303,0.0020917,0.14521,0.16607,0.094771,0.11729,0.075381,0.0079797,0.0076898,0.0098439,0.0038481,0.0036193,0.0025983,0.00054048,0.00065773,0.00036971,0.00031121,0.00013722,0.0001662,0.00019781,0.00034082,0.00045065,0.0016444,0.018632,0.020864,0.011582,0.031495,0.034571,0.067547,0.0072158,0.00303,0.00047976,0.00039959,9.7801e-05,0.00019525,0.00018325,0.00016584,0.001414,0.0054009,0.015538,0.022433,0.013405,0.0037522,0.0009743,0.0003063,0.00052949,0.00237,0.016069,0.082658,0.093215,0.11054,0.045943,0.022398,0.0016669,0.0013573,0.0016928,0.00064464
3,0.14627,0.22354,0.17331,0.13487,0.19883,0.23983,0.18226,0.12405,0.061709,0.039734,0.038151,0.0049608,0.0018786,0.00038801,0.00055261,0.00052849,0.00052399,0.0025678,0.048095,0.12301,0.086411,0.029383,0.017348,0.011804,0.0080178,0.026616,0.03836,0.060632,0.063501,0.028422,0.02149,0.037693,0.038726,0.04716,0.01142,0.0084108,0.0018814,0.00054596,0.00053543,0.00058711,0.00027329,0.00030305,0.0061261,0.12401,0.079109,0.107,0.078686,0.060562,0.088596,0.050868,0.069767,0.084865,0.17472,0.17717,0.28391,0.23859,0.15871,0.0168,0.0086562
3,0.012418,0.016538,0.009964,0.011891,0.013131,0.0022548,0.0016934,0.0032667,0.0068834,0.026559,0.011721,0.00067955,0.0003944,0.00029842,0.010752,0.01743,0.017293,0.0020267,0.0016145,0.00055608,0.0015646,0.004115,0.0005654,0.00080817,0.0022231,0.031605,0.017205,0.019617,0.011589,0.021091,0.0059128,0.0032506,0.0061342,0.0039206,0.0054272,0.018558,0.039796,0.046261,0.016154,0.030085,0.025619,0.028082,0.021439,0.0075024,0.01787,0.016748,0.019347,0.075583,0.04272,0.0077851
3,0.048157,0.046716,0.032376,0.013965,1.8475e-05,0.0041446,0.00096387,0.00032339,0.00068967,0.040621,0.18261,0.16076,0.16885,0.070456,0.038289,0.0037979,0.0045042,0.02229,0.086399,0.040345,0.025621,0.022868,0.0085546,0.012692,0.0041451,0.00093956,0.00075911,0.00061448,0.00027773,0.00040006,0.00033301,0.00021659,0.00013394,0.0052965,0.022187,0.011869,0.0058124,0.0039857,0.0029113,0.0030257,0.0080311,0.012921,0.014803,0.0076531,0.0042678,0.0022172,0.0328,0.043839,0.05818,0.069568,0.041207,0.010025,0.0040223,0.0017712,0.0085363,0.022377,0.20578,0.13949,0.21236,0.45326,0.55286,0.66816,0.53213,0.31974,0.23609,0.1473,0.061389,0.0061741
3,0.021952,3.8959e-07,0.0013077,0.0073571,0.027513,0.035809,0.06175,0.0050473,0.022537,0.023293,0.027215,0.042677,0.031479,0.0065595,0.0046943,0.0030498,0.0079378,0.0065019,0.073178,0.30305,0.35398,0.39416,0.23354,0.1578,0.13326,0.1129,0.031424,0.13599,0.16442,0.19199,0.31,0.35047,0.29588,0.29454,0.19614,0.016735,0.02259,0.016161,0.008981,0.004806
3,0.039159,0.005907,0.0045362,0.0088409,0.015343,7.385e-05,0.059441,0.068161,0.053641,0.016266,0.025436,0.058976,0.048033,0.052843,0.019391,0.0057595,0.0015857,0.00071035,0.00087966,0.00064844,0.00035694,0.00069621,0.0010176,0.00087914,0.0006281,0.00069635,0.00074527,0.00078703,0.039217,0.057517,0.11359,0.17658,0.22029,0.19791,0.082667,0.044882,0.090043,0.0062761,0.009568,0.088623,0.04091,0.04141,0.11525,0.063818,0.030513,0.058955,0.059987,0.021729,0.0039305
3,0.0013621,0.00028833,0.00061758,0.0009156,0.0039322,0.0071534,0.0053859,0.047198,0.076892,0.087896,0.18959,0.25693,0.03757,0.038524,0.051332,0.11679,0.49085,0.19284,0.029593,0.0023871,0.0011065,0.00015466,7.1845e-05,9.2784e-05,8.3049e-05,0.0021514,0.0052952,0.022852,0.017354,0.048809,0.04373,0.079569,0.0075536,0.005223,0.0009191,0.0011257,0.0058538,0.040982,0.043224,0.037995,0.0010208,0.0046764,0.015219,0.064732,0.075266,0.076982,0.089428,0.12877,0.01752,0.0092086,0.012736,0.0063606,0.0056913,0.014012
3,0.013928,0.049336,0.020897,0.006556,0.0041734,0.0069068,0.0040177,0.0017338,0.0068405,0.015423,0.0075817,0.00094688,0.0014981,0.00084226,0.0026708,0.0026629,0.0010335,0.00079371,0.00057186,0.00018152,0.00013232,0.00013496,0.00012093,0.0001107,0.00023104,0.00019986,0.023978,0.11901,0.30438,0.21516,0.13008,0.052327,0.02194,0.02513,0.057728,0.080017,0.055102,0.25187,0.25235,0.043151,0.013346,0.0059208,0.0059561,0.015116,0.017905,0.018445,0.029245
3,0.069289,0.002046,0.014365,0.0098993,0.0062046,0.018435,0.015393,0.0087273,0.0088364,0.026814,0.0052048,0.0037768,0.0097611,0.002675,0.006235,0.0019279,0.00054312,0.0005576,0.00084841,0.00021896,0.0002752,0.00064668,0.01562,0.15847,0.27079,0.16725,0.18341,0.064821,0.045715,0.18281,0.18323,0.011972,0.0058724,0.0040371,0.002425,0.0051781,0.0026296,0.0017746,0.0011712
4,0.0035247,0.015423,0.079377,0.40599,0.27868,0.44155,0.23162,0.2279,0.1228,0.23107,0.13821,0.10832,0.040957,0.022914,0.013855,0.025306,0.024336,0.058072
4,0.15773,0.094948,0.084907,0.12505,0.4878,0.52453,0.56157,0.53026,0.42359,0.11484,0.049084,0.052368,0.036043,0.083815,0.06324,0.13154,0.02109
4,0.0040585,0.004316,0.0084397,0.079015,0.017248,0.066893,0.17408,0.082349,0.067794,0.01096,0.057727,0.040367,0.035547,0.063819,0.056787,0.03557,0.035047,0.00064974
4,0.038067,0.083366,0.14732,0.39974,0.465,0.35114,0.19397,0.14828,0.022957,0.044198,0.085261,0.086256,0.1158,0.30035,0.021887,0.00030189
4,0.034949,0.028058,0.1089,0.3173,0.23833,0.28922,0.27193,0.18924,0.073364,0.027959,0.11757,0.032606,0.065137,0.081838,0.00629,0.0033957
4,0.033446,0.047848,0.020442,0.41445,0.48403,0.30416,0.40597,0.35671,0.37875,0.23741,0.28792,0.19724,0.19523,0.056086,0.0063432,0.0039007,9.399e-05
4,0.041931,0.0013358,0.018031,0.044383,0.18553,0.20702,0.18231,0.10873,0.079366,0.22775,0.32821,0.38308,0.34533,0.25971,0.080715,0.04329,0.17544,0.13971
4,0.18381,3.3067e-05,0.0002112,0.002655,0.0053581,0.0055604,0.014314,0.040005,0.1462,0.11377,0.18207,0.20581,0.091139,0.054144,0.053726,0.048826,0.025235,0.0001196
4,0.055632,0.005735,0.037803,0.031737,0.16618,0.31641,0.6334,0.51631,0.26212,0.065983,0.022066,0.048288,0.088004,0.010219,0.00038741
4,0.84712,0.52996,0.52327,0.40068,0.35334,0.27305,0.27226,0.63327,0.39694,0.25705,0.12768,0.091574,0.06624,0.01224,0.029399,9.9382e-05
4,0.0055338,0.0018628,0.0064746,0.0304,0.023324,0.01597,0.27463,0.31302,0.32054,0.14686,0.32155,0.41692,0.23781,0.14142,0.12352,0.01864
4,0.27287,0.047181,0.006785,0.0064135,0.075016,0.39419,0.48491,0.20422,0.055482,0.023502,0.11353,0.38962,0.24495,0.060674,0.05057,0.080496,0.0429,0.0077332
4,0.13602,0.061507,0.018937,0.067514,0.2716,0.45674,0.35684,0.26372,0.35019,0.43315,0.056896,0.0076168,0.017573,0.013027,0.0096094,0.0019393
4,0.021489,0.008218,0.01325,0.028391,0.075574,0.30948,0.62183,0.57898,0.52842,0.45434,0.36349,0.29613,0.2763,0.44945,0.33352,0.14592,0.1884,0.46132,0.068133,0.0298,0.0003207
4,0.09248,0.063235,0.059924,0.41183,0.55183,0.45854,0.70536,0.31689,0.33688,0.68905,0.22148,0.060239,0.026952,0.04661,0.013543,0.019577,0.0034433
4,0.1459,0.62712,0.68322,0.85919,0.2615,0.30747,0.18481,0.19722,0.33639,0.44117,0.32105,0.23729,0.28446,0.23558,0.11809,0.10173,0.092017,0.27855,0.10043,0.88748,0.92461,0.7223,0.5684,0.15492,0.10692,0.14162,0.0077001,0.0018131,0.0015499,0.0026745,0.0003776,0.0027488,0.0035187,0.00036503
4,0.16261,0.25864,0.19772,0.11252,0.26434,0.28937,0.38367,0.34512,0.51885,0.65874,0.58538,0.39552,0.47364,0.14208,0.2493,0.14889,0.088919,0.1356,0.88794,0.85345,0.90463,0.86338,0.85179,0.25339,0.31882,0.42601,0.42104,0.26153,0.36984,0.44692,0.14249,0.060227,0.10162
4,0.1147,0.090066,0.085609,0.19172,0.43062,0.4889,0.31342,0.52563,0.62991,0.57969,0.64258,0.30572,0.12657,0.3737,0.39449,0.26934,0.30668,0.62332,0.78427,0.85563,0.88637,0.86758,0.39136,0.13449,0.13476,0.10522,0.059346,0.12252,0.2149,0.02741,0.030373
4,0.061061,0.16305,0.13021,0.33044,0.43833,0.3705,0.16283,0.22294,0.17926,0.25526,0.3866,0.20863,0.21583,0.29981,0.33943,0.55466,0.41639,0.49394,0.5443,0.68097,0.8143,0.71605,0.81207,0.24701,0.33938,0.47053,0.13654,0.14081,0.26085,0.19922,0.025604,0.072177
4,0.12451,0.036119,0.035533,0.052387,0.078415,0.069199,0.14087,0.40678,0.31319,0.32291,0.48702,0.39197,0.18228,0.31829,0.14967,0.060458,0.17212,0.38621,0.56383,0.73051,0.54461,0.72283,0.35264,0.069437,0.055869,0.1833,0.077512,0.060938,0.098305,0.050957,0.0176,0.0094546
4,0.22168,0.3186,0.21782,0.12,0.24257,0.28156,0.050117,0.094438,0.11893,0.027251,0.032887,0.039064,0.061588,0.22408,0.098819,0.14813,0.048684,0.28933,0.40578,0.64386,0.31067,0.3118,0.089188,0.13712,0.18866,0.14893,0.096363,0.11712,0.15594,0.081648,0.014872,0.0041154
4,0.080845,0.012479,0.039686,0.017509,0.037875,0.025411,0.023419,0.52349,0.21225,0.42861,0.43105,0.40586,0.22096,0.29945,0.27252,0.56074,0.22121,0.1285,0.14967,0.3528,0.042718
4,0.13817,0.15404,0.24025,0.36007,0.28414,0.19344,0.17599,0.40674,0.38296,0.25883,0.18942,0.29586,0.41702,0.23847,0.063317,0.033463,0.19456,0.070753,0.00060815
4,0.14307,0.319,0.11758,0.17219,0.28154,0.26951,0.32208,0.55753,0.57327,0.23636,0.20612,0.13457,0.12884,0.17239,0.26458,0.15646,0.12558,0.37106,0.053879
4,0.54532,0.25473,0.15308,0.088913,0.014433,0.04798,0.071934,0.1111,0.070644,0.17407,0.1458,0.13304,0.20981,0.39182,0.091866,0.030564,0.20748,0.024438
4,0.023682,0.0020936,0.0020376,0.080336,0.18952,0.18312,0.33078,0.22652,0.14929,0.42989,0.31929,0.071221,0.1809,0.16151,0.21222,0.053823,0.010719,0.0059041,0.0095588,0.16285,0.079916,0.091235,0.037349,0.0071022
4,0.13819,0.08541,0.09274,0.38934,0.37052,0.20619,0.23885,0.51906,0.44464,0.53442,0.28405,0.58603,0.44655,0.60825,0.39475,0.39808,0.31874,0.30707,0.45329,0.43098,0.32358,0.37664,0.26736,0.096306,0.048063
4,0.22444,0.089786,0.47408,0.32297,0.43291,0.26663,0.5127,0.66903,0.64536,0.69392,0.44194,0.34132,0.12819,0.46668,0.48256,0.28663,0.45395,0.61665,0.22222,0.10675,0.026595,0.10425,0.024327,0.017068
4,0.35658,0.19763,0.16919,0.5457,0.46368,0.30746,0.37413,0.33234,0.40145,0.48273,0.74462,0.76089,0.51271,0.61214,0.37017,0.45016,0.32996,0.18486,0.16587,0.082034,0.28103,0.040215,0.00051604
4,0.19356,0.14411,0.10183,0.12321,0.25704,0.084703,0.081404,0.29876,0.27497,0.38902,0.6579,0.37562,0.1833,0.1318,0.20559,0.12079,0.13462,0.061421,0.15697,0.074149,0.27785,0.082838,0.055007,0.045986,0.00029493
4,0.39681,0.16455,0.19034,0.71117,0.37609,0.14519,0.11781,0.23057,0.15121,0.091541,0.066254,0.078024,0.040103,0.015558,0.13639,0.09119,0.10069,0.10289,0.14635,0.13371,0.30646,0.15788,0.19314,0.23396,0.13806,0.054534,0.01751,0.0055194,0.0031619,0.0032669
4,0.47008,0.014005,0.0013076,0.0046378,0.055698,0.055005,0.068757,0.11837,0.0651,0.15538,0.15099,0.20357,0.37224,0.23053,0.5975,0.61929,0.41993,0.29346,0.79329,0.76333,0.50679,0.55497,0.4291,0.36083,0.6103,0.12512,0.032351
4,0.78642,0.2982,0.26276,0.43798,0.33583,0.091842,0.093314,0.21644,0.21645,0.27467,0.37752,0.42652,0.21052,0.19489,0.3853,0.53032,0.39891,0.46683,0.66063,0.79087,0.65872,0.5508,0.30746,0.2116,0.038836,0.024379,0.004343
4,0.25083,0.074766,0.013952,0.028449,0.10339,0.061849,0.059551,0.075958,0.13979,0.043768,0.023413,0.0058737,0.0017716,0.0082072,0.0089789,0.0054093,0.022804,0.018211,0.0054165,0.025122,0.023025,0.094281,0.06004,0.075555,0.042051,0.056804,0.072116,0.015279,0.010396,0.010831
4,0.13062,0.085641,0.031458,0.053377,0.082832,0.033729,0.023721,0.049797,0.1244,0.077007,0.096059,0.099531,0.13067,0.18648,0.24773,0.1275,0.15344,0.057609,0.087269,0.093243,0.1256,0.12033,0.17806,0.19018,0.17359,0.20687,0.23869,0.32839,0.16945,0.038855,0.044025
4,0.14422,0.03652,0.012056,0.019208,0.0064061,0.014914,0.030259,0.059809,0.087625,0.031453,0.027111,0.1824,0.3485,0.25142,0.38671,0.38904,0.24826,0.14259,0.64133,0.68262,0.55721,0.58777,0.39402,0.23469,0.098995,0.070266,0.07914,0.016434
4,0.31239,0.25354,0.1615,0.035306,0.050327,0.071998,0.31308,0.61066,0.59632,0.5,0.43435,0.5702,0.18081,0.061791,0.061895,0.028302,0.030304,0.044713,0.31953,0.18818,0.29543,0.16069,0.1279,0.054238,0.15692,0.06062,0.074518,0.12487,0.13284,0.21659,0.17075,0.16108,0.12959,0.043015,0.066476,0.021444
4,0.015407,0.0051294,0.058315,0.40252,0.14316,0.202,0.59793,0.71354,0.77751,0.42827,0.45412,0.40394,0.37705,0.1506,0.35101,0.66682,0.41477,0.42628,0.28439,0.18637,0.070267,0.081872,0.18433,0.059261,0.085898,0.13177,0.065561,0.05714,0.34048,0.68687,0.51859,0.55481,0.48274,0.25667,0.081624,0.034366,0.00020096
4,0.11615,0.040255,0.061892,0.080263,0.020473,0.048444,0.09326,0.4259,0.17962,0.14064,0.24137,0.14264,0.091187,0.14025,0.36533,0.25124,0.16647,0.19123,0.061354,0.008774,0.0035739,0.0034494,0.032394,0.065063,0.060853,0.14006,0.16985,0.10759,0.22658,0.45281,0.37392,0.47278,0.24487,0.24381,0.066137,0.045604,0.031659,0.00053006
4,0.3404,0.077391,0.25049,0.55138,0.44458,0.2685,0.29423,0.56665,0.77419,0.72033,0.71539,0.51772,0.41778,0.34814,0.20334,0.50924,0.48754,0.4625,0.4776,0.29386,0.01892,0.11385,0.11979,0.19403,0.16839,0.27065,0.21485,0.18719,0.13814,0.27681,0.24716,0.30224,0.15917,0.07491,0.075406,0.12477,0.059085,0.064831,0.0013678
4,0.53126,0.33032,0.078606,0.071824,0.062275,0.060005,0.058087,0.34223,0.39496,0.069767,0.13569,0.11276,0.17013,0.17304,0.34336,0.27844,0.31465,0.43915,0.39835,0.41801,0.41953,0.25533,0.2378,0.26699,0.28852,0.25489,0.12926,0.30972,0.71185,0.56606,0.64012,0.30604,0.070339,0.015945,0.0083633,0.0073571,0.00021826
4,0.26896,0.19419,0.073168,0.016658,0.0069678,0.0019135,0.00087369,0.0058304,0.43723,0.20838,0.28791,0.17249,0.29781,0.12149,0.16889,0.21949,0.63209,0.60283,0.77277,0.29857,0.26721,0.094281,0.023278,0.0076507,0.00016978
4,0.129,0.052091,0.030921,0.039361,0.073307,0.098693,0.10902,0.13002,0.17604,0.2221,0.2372,0.19994,0.071159,0.049205,0.026985,0.0026297,0.057165,0.1464,0.20137,0.27277,0.73766,0.3833,0.37232,0.43386,0.17995,0.13841,0.0090157
4,0.18557,0.00098365,0.07877,0.13422,0.12968,0.040725,0.032407,0.014196,0.14007,0.28402,0.42533,0.4202,0.28014,0.088061,0.20344,0.10662,0.064688,0.24979,0.20295,0.21402,0.22921,0.30421,0.45306,0.44419,0.27566,0.12706,0.10601,0.12227,0.011863
4,0.20527,0.12241,0.16023,0.12112,0.14224,0.017762,0.017683,0.014841,0.22404,0.055129,0.065713,0.12719,0.10034,0.14665,0.14876,0.084718,0.39767,0.51937,0.3907,0.60935,0.48696,0.3499,0.20509,0.16105,0.024727,0.012161
4,0.17426,0.22359,0.10746,0.18131,0.087928,0.07768,0.098243,0.060177,0.37002,0.2271,0.54744,0.32059,0.10014,0.047182,0.069337,0.075124,0.19128,0.22958,0.23453,0.097151,0.18844,0.11067,0.043025,0.049877,0.1019,0.14949,0.039475
4,0.15502,0.14255,0.48449,0.45284,0.31841,0.047848,0.026431,0.017283,0.10722,0.46636,0.88081,0.89046,0.81608,0.80712,0.87767,0.59249,0.60416,0.061455,0.042348,0.13585,0.08692,0.0068384,0.0020186
4,0.088182,0.1112,0.23537,0.40241,0.34557,0.088945,0.080793,0.206,0.40726,0.10105,0.13416,0.071131,0.038021,0.012289,0.061242,0.019095,0.20522,0.081043,0.12674,0.17663,0.054323,0.010191,0.00018813
4,0.0080239,0.0076643,0.0080981,0.066257,0.10318,0.043843,0.037454,0.047671,0.10284,0.44888,0.21154,0.40846,0.44737,0.44063,0.43067,0.72406,0.2223,0.29437,0.12434,0.078355,0.17758,0.10049,0.047898,0.026722
4,0.73769,0.69787,0.566,0.65642,0.39196,0.29039,0.26777,0.26261,0.63067,0.9536,0.97907,0.95589,0.93524,0.69763,0.15921,0.062495,0.049824,0.10444,0.19794,0.013208,0.010182,0.00010828
4,0.036473,0.027381,0.023293,0.16274,0.19535,0.1339,0.12358,0.10269,0.035765,0.1499,0.59898,0.55537,0.64608,0.42356,0.70333,0.61365,0.71175,0.43179,0.16483,0.20917,0.25534,0.23082,0.21114,0.012734
4,0.64609,0.65839,0.66286,0.20846,0.4229,0.40772,0.26764,0.30315,0.5,0.86847,0.913,0.78593,0.28973,0.47378,0.2777,0.24068,0.36359,0.14932,0.16289,0.27293,0.12613,0.048628,0.00052123
5,0.036076,0.025022,0.0023665,0.0019943,0.0049343,0.0095222,0.032655,0.018374,0.053132,0.046191,0.048453,0.012303,0.0089127,0.0026475,0.0026627,0.0031885,2.6638e-06,0.00070862,0.00058502,0.00025473,7.4034e-05,7.2653e-05,0.01014,0.0091658,0.0079755,0.014175,0.00063872
5,0.023334,0.0090649,0.021598,0.01517,0.22352,0.11654,0.13775,0.01879,0.0094407,0.0041847,0.00083115,0.00076992,0.017891,0.026747,0.05797,0.14791,0.057954,0.0092153,0.00012258
5,0.00035871,2.6291e-05,2.2178e-05,0.0018028,0.0035741,0.18979,0.029527,0.043702,0.02441,0.015756,0.0040634,0.0083427,0.0052219,0.0016631,0.00021209,0.0013474,0.038239,0.061413,0.068423,0.11744,0.061907,0.014008,0.18769,0.00043674
5,0.0036362,2.8362e-07,1.5121e-06,6.9934e-06,1.5422e-05,1.6292e-05,0.00046757,0.00056156,0.00022557,0.00012979,0.0060377,0.012877,0.0015114,0.00026211,4.9074e-05,9.3575e-06,4.8703e-06,0.00017869,0.046872,0.1263,0.15637,0.40933,0.15436,0.023405,0.00029663
5,0.0068687,0.001103,0.0074069,0.00288,0.0010596,0.00050947,0.0084081,0.0057285,0.0046972,0.0065145,0.047264,0.035109,0.044233,0.13594,0.062699,0.0013502
5,0.00057237,3.2223e-07,0.00056937,0.0080952,0.01399,0.011337,0.011614,0.018231,0.022967,0.015433,0.018361,0.014407,0.089268,0.05578,0.036289,0.020913,0.088371,0.0042734,0.0061024
5,0.05321,0.011449,0.0030221,0.0076964,0.025043,0.018411,0.06062,0.077014,0.070072,0.062376,0.015997,0.083857,0.14383,0.13123,0.25705,0.033435,0.074087,0.083668,0.10794,0.34718,0.17817,0.065846,0.035941,0.10069,0.050413,0.1057,0.10157,0.028966,0.029236,0.03259,0.0072899,0.01665,0.0074054
5,0.00012865,1e-07,1e-07,8.7712e-07,4.114e-06,0.0072344,0.020956,0.022943,0.061349,0.051148,0.023877,0.0050492,0.0037731,0.0054094,0.01225,0.061847,0.034719,0.19839,0.14222,0.058516,0.079058,0.00020835
5,0.041126,6.852e-06,0.0051188,0.0012277,0.034423,0.022301,0.045516,0.03425,0.011668,0.024165,0.033876,0.021471,0.036711,0.019424,0.01814,0.0049724,0.0027536,0.0084078,0.0055373,0.0090895,0.0061047,0.0034563,0.010018,0.17776,0.27568,0.35458,0.42992,0.26516,0.15048,0.055157,0.047884,0.027749,0.12058,0.022797,0.06121,0.012141,0.024903,0.029836,0.028033,0.024022,0.041519,0.0084753
5,0.02296,0.04015,2.4901e-07,0.0042744,0.00074436,0.001277,0.0017962,0.03547,0.063994,0.052777,0.04087,0.030587,0.16926,0.11154,0.018438,0.0033468,0.002191,0.00031637,0.00041506,0.0040129,0.018059,0.056568,0.11672,0.33163,0.12903,0.091994,0.088955,0.019103,0.014543,0.0040014,0.0012729,0.00054706,0.017119,0.014141,0.064742,0.14694,0.32926,0.22399,0.10436,0.070103,0.026551,0.0083932,0.003469,0.0019924,0.00035832,0.0010306,0.00066818,0.0031755,0.0051958,0.0055983,0.0055727,0.0086851
5,0.043532,0.019466,0.005458,0.016727,0.019845,0.061892,0.078766,0.017159,0.0304,0.010915,0.014121,0.092868,0.071481,0.078049,0.03577,0.051568,0.04598,0.044801,0.037637,0.030521,0.01196,0.031879,0.0091094,0.0057456,0.003507,0.0055507,0.0028326,9.0151e-05,0.0019658,0.0011289,0.0038761,0.087355,0.37517,0.043577
5,0.0098831,0.018115,0.0069742,0.1678,0.15427,0.11729,0.014813,0.022185,0.010433,0.0053798,0.0067357,0.031496,0.037752,0.040683,0.013723,0.019894,0.044775,0.028088,0.0088595,0.0073406,0.014134,0.0092308,0.0091183,0.017339,0.0098526,0.00084444,0.00034307,0.00053942,2.8578e-05,1.3709e-05,4.7168e-06,6.9535e-05,0.0018078,0.0015463,0.00056179,0.0082768,0.15766,0.00028597
5,0.056906,0.011078,0.0066287,0.0084724,0.01681,0.01761,0.016137,0.015905,0.010791,0.0049255,0.019582,0.018959,0.012055,0.030999,0.05756,0.022334,0.040375,0.030272,0.015022,0.011097,0.036176,0.037346,0.051018,0.011768,0.0075173,0.0074937,0.030781,0.018432,0.013784,0.0024231,0.0015536
5,0.015911,0.0045734,2.4318e-07,5.7879e-07,8.0642e-07,1.2621e-07,1.4161e-05,0.00036633,0.0025115,0.0011122,0.0021422,0.00076362,0.00025996,0.018802,0.16834,0.27173,0.13618,0.26242,0.15738,0.11286,0.10902,0.071696,0.01743,0.0018108,0.00033098,0.00097969,0.029206,0.017432,0.045457,0.066436,0.018174
5,0.11851,0.13496,0.213,0.010693,0.035415,0.040652,0.057404,0.037211,0.041286,0.019736,0.027353,0.03958,0.014087,0.014837,0.028318,0.069351,0.055237,0.024121,0.035934,0.030793,0.095479,0.060633,0.036178,0.087015,0.10388,0.02115,0.004847,0.001156,0.00022923,0.0030007,0.0013278,0.0017105,0.0017877,0.002948,0.0029445,0.01051,0.0038747,0.011124,0.0068255,0.0016521,0.0058004,0.0085882,0.0066649,0.0093975,0.05441,0.089848,0.088933,0.017579,0.033439,0.09708,0.057321,0.014884,0.012269,0.0023117,0.00075495,0.015282
5,0.045389,0.023083,0.086834,0.047514,0.086605,0.064022,0.12721,0.10244,0.22968,0.22489,0.09351,0.079892,0.015214,0.011429,0.011461,0.00047783,0.00042519,0.0084388,0.088442,0.14137,0.1584,0.025915,0.00078529,5.8595e-05,3.233e-05,1.2717e-05,0.00079039,0.0051734,0.006019,0.007116,0.004115,0.00015983,0.00017179,0.00021073,0.0007159,0.0022281,0.001679,0.0036716,0.0010203,0.0050287,0.011463,0.010986,0.010633,0.027867,0.012097,0.0072321,0.0063942,0.028642,0.014358,0.018067,0.0025406
5,0.025179,0.013566,0.10419,0.11317,0.19541,0.2337,0.32836,0.1771,0.1043,0.075146,0.077328,0.10801,0.13784,0.18692,0.17959,0.035485,0.016182,0.031625,0.07166,0.10047,0.04223,0.099166,0.034303,0.010107,0.0099953,0.017077,0.0036884,0.0045953,0.0060285,0.004031,0.0063178,0.0054989,0.020331,0.031532,0.0054678,0.066392,0.1827,0.11673,0.37239,0.20798,0.18762,0.16093,0.0066153,0.041648,0.023828,0.00038924
5,0.0048987,0.0035381,2.4094e-05,0.0098662,0.010799,0.030317,0.098051,0.10319,0.055476,0.019179,0.034785,0.041689,0.076365,0.12236,0.077159,0.020469,0.0080678,0.046504,0.021583,0.011192,0.040895,0.033631,0.011074,0.0045461,0.0040139,0.0011556,0.00079416,0.0010006,0.0023948,0.0011413,0.0055299,0.012977,0.40266,0.26161,0.094996,0.029441,0.20604,0.0021811
5,0.042584,0.00048423,0.012602,0.026475,0.077398,0.036937,0.046198,0.019386,0.085174,0.14776,0.47034,0.018086,0.010808,0.0020703,0.00091937,9.9346e-05,0.00032506,0.056313,0.065482,0.094112,0.24463,0.3982,0.11868,0.024077,0.060855,0.58241,0.060475
5,0.0090194,0.0077896,0.0036166,0.0061371,0.027582,0.040449,0.061311,0.019595,0.007983,0.0018241,0.00095186,0.00045419,3.938e-05,0.00010828,0.00049095,0.0054425,0.0012374,0.0017819,0.0061394,0.057674,0.14121,0.057789,0.23835,0.12122,0.14313,0.47762,0.050489,0.0005875,0.00012877,0.0018483,0.0061168,0.00071981
5,0.014947,0.0013831,0.0036109,0.0045877,0.014913,0.036462,0.056649,0.013452,0.014075,0.0046553,0.0078528,0.093069,0.022753,0.049133,0.067564,0.0051281,0.00020026,9.5478e-05,8.7074e-05,4.6319e-05,5.2286e-05,3.0381e-05,0.013074,0.0089462,0.017887,0.079086,0.16756,0.21796,0.0079809
6,0.028344,0.038407,0.099968,0.20223,0.12134,0.19579,0.00012553,7.009e-05,0.010778,0.0016265,0.0016649,0.0020448,0.0031873,0.00035122,0.0018233,0.001224
6,0.0010032,0.0013537,0.0033635,0.015308,0.065854,0.065529,0.035863,0.031106,0.0014278,0.0004301,1.3816e-05,2.1604e-05,0.00026038,0.0049141,0.015151,0.044753,0.16044,0.0078152,0.0034326
6,0.052787,0.050857,0.10044,0.14752,0.058966,0.079217,0.059416,0.026544,0.0099444,0.0049867,0.0053219,0.0096432,0.0048268,0.0010478,0.0031532
6,0.0011211,0.0019534,0.0055189,0.017002,0.027647,0.023989,0.011655,0.015671,0.0012592,0.00058392,0.00271,0.0017706,0.036618,0.037927,0.11865,0.017915
6,0.012626,0.0042494,0.0087609,0.008371,0.0021156,0.0023939,0.0014047,0.00033626,0.00099108,0.00070198,0.00029982,0.024418,0.039975,0.067453,0.017424,0.058606
6,0.025918,0.018792,0.042156,0.029523,0.0043028,0.0081959,0.0024212,0.001931,0.0075018,0.0046962,0.0021745,0.021562,0.017831,0.035434,0.053192,0.029587,0.036371
6,0.016145,0.00011692,4.2945e-05,8.6744e-05,0.0079023,0.013426,0.02496,0.0061746,0.0062901,0.0917,0.012865,0.0036154,2.1642e-06
6,0.033304,0.054199,0.095386,0.23055,0.233,0.16015,0.049498,0.041123,0.017253,0.013718,0.029534,0.031482,0.0584,0.061069,0.01364
6,0.0017424,0.0017401,0.0044244,0.03973,0.090077,0.14429,0.02296,0.033907,0.046589,0.011098,0.0014147,0.0042226,0.022655,0.0037443,0.0027949,0.0001158
6,0.0028478,0.0017824,0.00098605,0.0021509,0.0061356,0.0030469,0.0051006,0.0031459,0.0035664,0.024409,0.020339,0.015285,0.014163,0.37608,0.043196,0.00013606
6,0.0013688,0.00021892,3.1405e-05,0.00018355,0.00022515,0.00062472,0.00060768,0.003763,0.00215,0.0019751,0.00087668,0.00067262,0.0010191,0.013977,0.013354
6,0.0024469,0.003563,0.0042564,0.0021959,0.0098063,0.013444,0.0077555,0.019025,0.0062945,0.00021559,0.0016352,0.0057751,0.0044918,0.0036698,0.00089814,0.00035822,0.0001279,0.00071089,0.0058401,0.013112,0.022807,0.0069082,0.0055451,0.00074588,0.00036247,0.0011703,0.0037554,0.0078365,0.055738,0.035485,0.026116
6,0.0074641,0.0017456,0.00048783,0.001729,0.0028294,0.0033274,0.013101,0.008259,0.027408,0.093694,0.14105,0.086638,0.067572,0.10165,0.092957,0.12155,0.36539,0.60505,0.68372,0.64046,0.074693,0.19734,0.13891,0.067999,0.064484,0.33792,0.093883,0.020335
6,0.0098758,0.019164,0.017282,0.019087,0.052449,0.097776,0.083661,0.12399,0.033981,0.0064099,0.00088347,0.0013256,0.008409,0.044711,0.026254,0.039316,0.0048156,0.0064435,0.0063125,0.027224,0.018266,0.5,0.37617,0.063918,0.021369,0.012516,0.002468,0.00052927,0.001418,0.0050215,0.010291,0.024491,0.00022499
6,0.10282,0.059506,0.02933,0.030962,0.028375,0.058086,0.20067,0.11674,0.068972,0.064208,0.011864,0.020195,0.043454,0.004986,0.0017039,0.0048601,0.0028721,0.0030497,0.0070678,0.0042062,0.0014833,5.1553e-05,8.3383e-05,0.0018094,0.0016268,0.025952,0.075839,0.0075662,0.0023988,0.00010938
6,0.0077933,0.0035907,0.0063729,0.0058326,0.0076845,0.0063077,0.010079,0.018911,0.035023,0.00056651,0.0020241,0.00080695,0.00033876,0.00020092,0.00027756,0.0012272,0.0046918,0.014274,0.0013851
6,0.28366,0.16191,0.024202,0.02302,0.033388,0.051403,0.062446,0.074411,0.088006,0.057408,0.039514,0.06904,0.017327,0.012967,0.0065103
6,0.029232,0.056597,0.032925,0.011165,0.0071027,0.0027313,0.0016291,0.0086397,0.0062521,0.0036991,0.0094128,0.0085765,0.010752,0.010978,0.0073068,0.018316,0.028095,0.025949,0.039155,0.025135,0.0049277,0.0014177,0.00143,0.01937,0.027453,0.072418,0.1013
6,0.0099452,0.021831,0.059867,0.20858,0.016055,0.015731,0.012039,0.016688,0.009297,0.002623,0.006463,0.017712,0.008074,0.0084873,0.085126,0.067987,0.10088,0.11624,0.12797,0.11627,0.00030976
6,0.0047109,0.00017102,1.8346e-05,0.00020086,0.00013836,0.0027873,0.0034241,0.015379,0.0048363,0.020172,0.0083176,0.0094304,0.0033357,0.004732,0.010258,0.014069,0.01788,0.026509,0.030507,0.12079,0.51897,0.16185,0.00047082
6,0.0014162,0.00037257,0.00014782,0.0013582,0.00054077,0.00012617,0.00025913,0.0019801,0.0064615,0.011605,0.013913,0.0096229,0.0011453,0.0013841,0.042797,0.12544,0.10497,0.069156,0.0031445,0.00042168,0.0004914,2.414e-05,2.2141e-05,6.221e-05,0.00011554,0.00091524,0.0016608,0.0013604,0.0013404,0.0056808,0.0096217
6,0.027123,0.0017389,0.0011567,0.0023739,0.0016835,0.0024026,0.0055744,0.0075662,0.011335,0.013687,0.0095484,0.006855,0.014985,0.0039033,0.00060404,0.0052845,2.3644e-05,0.0035635,0.0054189,0.011733,0.027161,0.016238,0.018117,0.0050251,0.0024019
6,0.058106,0.021819,0.0039645,0.00061581,0.0064351,0.014264,0.022554,0.027831,0.11402,0.40586,0.18049,0.40945,0.27599,0.079629,0.026522,0.0031873,0.0068591,0.002753,0.0023005,0.058617,0.0883,0.027965,6.0113e-05
6,0.063101,0.018335,0.020782,0.043515,0.061733,0.071013,0.061251,0.094843,0.052768,0.045421,0.05882,0.066989,0.10917,0.035492,0.033548,0.046824,0.02932,0.0043317,0.0031041,0.0067213,0.0058392,0.0019986,0.0039641,0.0030671,0.0038681,0.030798,0.16035,0.29681,0.21331,0.33637,0.066083,0.086157,0.033708
6,0.0036036,0.010842,0.0067792,0.0038183,0.0017995,0.0032957,0.0017413,0.0011267,0.0045365,0.0028161,0.0033508,0.002816,0.0029548,0.014283,0.014549,0.0094393,0.0055285,0.0068074,0.0005292,3.0251e-05,2.151e-05,3.9384e-06,1.8893e-06,0.00022003,0.0019501,0.0058911,0.010688,0.17296,0.11992,0.16195,0.15551,0.035704
6,0.091999,0.046652,0.045642,0.00011105,0.00035867,0.0060225,0.01118,0.0021779,0.00083369,0.0020405,0.00061935,0.0023616,0.00045693,0.00032388,0.00038714,0.00018053,0.0003817,0.0038013,0.0073298,0.006601,0.036757,0.036884,0.03297,0.017964,0.012638,0.01374,0.0071874
6,0.60132,0.035326,0.080357,0.027581,0.023411,0.0088734,0.0023427,0.00042026,0.00083297,0.0018864,0.0069722,0.027643,0.018173,0.026347,0.011018,0.01445,0.050523,0.40793,0.29293,0.23904,0.18316,0.14756,0.098065,0.12046,0.0029069
6,0.13387,0.015454,0.020052,0.042168,0.033341,0.013298,0.0079157,0.0036589,0.028202,0.0079975,0.035113,0.069711,0.10997,0.079237,0.040373,0.0033298,0.005714,0.0066303,0.0024758,0.034629,0.084879,0.046453,0.059856,0.06709,0.053475,0.01944,0.046319,0.0016663
6,0.47068,0.16411,0.12102,0.059362,0.036541,0.011919,0.0065479,0.0016237,0.0012999,0.00060257,0.00039402,0.0015491,0.0022194,0.0023661,0.001748,0.00094859,0.00054392,0.0003719,4.6808e-05,7.8637e-06,3.5311e-06,0.0076957,0.011703,0.032797,0.049938,0.060429,0.020364
6,0.069192,0.032475,0.01197,0.0089832,0.0013429,0.00091323,0.00099982,0.044714,0.013733,0.015844,0.014699,0.020008,0.0088639,0.044856,0.055252,0.028384,0.0064894
6,0.013144,0.0039745,0.0026847,0.0040078,0.0036174,0.0048754,0.0032887,0.002216,0.0002073,7.8537e-05,0.00022865,1.9957e-05,1.7095e-05,0.00031793,8.5653e-05,0.00019323,0.0003847,0.00038711,0.0072923,0.0027642,0.0011766,0.0010424,0.0021604,0.0014027,0.0028709,0.0035816,0.005141,0.0078393,0.0002204
6,0.01661,0.0081542,0.0033396,0.0018107,0.0020431,0.0013374,0.00097259,0.055698,0.13491,0.22098,0.071143,0.017582,0.010154,0.0059116,0.0070853,0.0335,0.028984,0.073105,0.29284,0.0021089,8.1186e-05
6,0.30039,0.017341,0.033056,0.033079,0.01357,0.025727,0.034489,0.04498,0.013329,0.0018242,0.02246,0.040236,0.088153,0.26553,0.053264,0.0049593,0.027254,0.088683,0.0016899,0.0020905,0.0098871,0.0083998,0.012891,0.00064033,0.00074451
6,0.1423,0.010166,0.046278,0.034821,0.030301,0.0081803,0.0030541,0.0060917,0.0022083,0.011375,0.004169,0.0031784,0.00093483,0.00075632,0.00045773,0.017957,0.16283,0.22597,0.40377,0.015157,0.011505,0.009344,0.038647,0.012039,0.0032373,0.025602,0.032306,0.01388,0.0029595,3.593e-05
7,0.04321,0.050497,0.052881,0.095807,0.14005,0.21421,0.38249,0.40468,0.082956,0.031615,0.11682,0.055918,0.026376,0.0068804,0.0025253,0.0032275,0.00307,0.0014272,0.0019587
7,0.010692,0.0066743,0.048853,0.031983,0.057737,0.032322,0.0089415,0.01907,0.025448,0.017162,0.0085744,0.0034055,0.003331,0.045931,0.017163,0.032443,0.011559,0.0094388,0.00029349,0.0011336
7,0.0025643,0.0011759,0.0039132,0.013998,0.34269,0.25085,0.26993,0.34523,0.26896,0.1403,0.10423,0.036733,0.2009,0.27949,0.19673,0.10869,0.1305,0.20993,0.084731,0.030456,0.0011659
7,0.0026486,0.0021528,0.0028121,0.01084,0.011726,0.014615,0.002215,0.021356,0.063239,0.0048257,0.0041429,0.0012412,0.0005075,6.1916e-05,0.00027967,0.0032286,0.0014726,0.00015172,0.00084108,0.0005901,0.00090816
7,0.010888,6.7455e-06,1.1066e-05,0.0002398,0.010039,0.039319,0.0097093,0.037608,0.072716,0.33638,0.15101,0.19895,0.52564,0.5,0.82937,0.79023,0.43487,0.0010667
7,0.20095,0.148,0.21956,0.19661,0.14192,0.24559,0.30674,0.36304,0.20306,0.29944,0.18428,0.10017,0.053065,0.013078,0.0089239,0.00085492
7,0.0066583,3.1973e-05,0.022674,0.10435,0.10981,0.067417,0.058294,0.22418,0.16301,0.18896,0.10447,0.16496,0.16418,0.083597,0.05,0.017666,0.040271,0.014148
7,0.0069582,0.0098996,0.0013796,0.021571,0.0084334,0.025853,0.052287,0.17367,0.17253,0.36058,0.087831,0.09142,0.034359,0.02788,0.010703,0.0026077
7,0.0026868,3.3842e-05,9.5176e-05,0.0013883,0.0024401,0.0083032,0.031718,0.038521,0.012954,0.10772,0.089821,0.053097,0.044534,0.53422,0.45927,0.059453,0.056771,0.16593,0.03695,0.037511,4.343e-05
7,0.031234,0.0085607,0.019657,0.012879,0.14668,0.25325,0.19997,0.18761,0.39622,0.42234,0.065397,0.076872,0.1086,0.18549,0.044625,0.00041945
7,0.0035953,0.00092459,0.0033713,0.024704,0.01784,0.028149,0.087319,0.19318,0.059699,0.36566,0.38715,0.36833,0.36801,0.30053,0.36434,0.61035,0.42652,0.053819,0.061401,0.14888,0.030229,0.0038404,0.00059883
7,0.023755,0.05812,0.13787,0.11435,0.06651,0.158,0.36105,0.27591,0.30044,0.2865,0.31741,0.43645,0.75867,0.68116,0.22134,0.061515,0.058114,0.015338,0.0080109,0.00014631
7,0.030241,0.039155,0.021579,0.026842,0.054869,0.06089,0.056988,0.010159,0.014228,0.062134,0.033179,0.056172,0.074493,0.28553,0.045683,0.076657,0.13417,0.038585,0.014961,0.095085,0.20903,0.018662,0.010903,0.061419,0.04214,0.069806,0.14436,0.13279,0.12465,0.080545,0.13157,0.57296,0.28265,0.16506,0.2465,0.10375,0.012541,0.00582,0.00014888
7,0.001633,1.1838e-06,1.0111e-05,0.00060063,0.010101,0.02426,0.031101,0.02139,0.050547,0.084791,0.044987,0.027855,0.15238,0.19885,0.31876,0.28697,0.29104,0.060212,0.11955,0.076801,0.086069,0.10161,0.060406,0.05833,0.16976,0.37446,0.53145,0.67853,0.4253,0.33866,0.26679,0.088438,0.12249,0.071149,0.14624,0.082179,0.060136,0.14726,0.090008,0.079495,0.062384,0.052973
7,0.10553,0.053011,0.034959,0.10466,0.054955,0.09956,0.064501,0.11246,0.37725,0.64726,0.55921,0.45213,0.37851,0.22909,0.29874,0.28196,0.46385,0.23362,0.16221,0.20715,0.35597,0.48808,0.31753,0.2166,0.086382,0.079975,0.033565,0.22819,0.10447,0.09811,0.3039,0.17298,0.064067,0.038502
7,0.13801,0.086695,0.17453,0.2813,0.27702,0.096564,0.097932,0.022509,0.0096985,0.039867,0.041548,0.042643,0.0024482,0.0011746,0.00046363,0.0013838,0.0044844,0.093047,0.12731,0.10402,0.12533,0.074563,0.11988,0.11757,0.18477,0.087088,0.5,0.89195,0.95183,0.81936,0.69978,0.10741,0.07737,0.060149,0.047396,0.014771,0.012226,0.042929,0.014296,0.0019671,0.0023901
7,0.027574,0.0069995,0.0048654,0.048696,0.028508,0.021505,0.083061,0.068402,0.13411,0.25379,0.087764,0.2197,0.12694,0.077649,0.083993,0.3207,0.28874,0.10482,0.56536,0.54842,0.68318,0.69787,0.70001,0.12546,0.036939,0.081057,0.11427,0.066756,0.046674,0.043458,0.054481,0.016354,0.040798,0.0082299
7,0.2799,0.099298,0.022295,0.042026,0.059697,0.00799,0.007142,0.17513,0.070528,0.072909,0.06143,0.0502,0.059651,0.19352,0.14062,0.12961,0.06122,0.14228,0.034138,0.0039491,0.0036123,0.010228,0.0056432,0.0029529
7,0.10272,0.043946,0.011752,0.00088172,0.0010337,0.0049921,0.008411,0.002758,0.46113,0.072237,0.071527,0.21098,0.20312,0.25144,0.21649,0.16609,0.10461,0.12453,0.085655,0.020933,0.026533,0.0073895,0.040204,0.072063,0.013002,0.00068172
7,0.0078084,0.0075113,0.015101,0.0047122,0.049501,0.038139,0.04604,0.2081,0.28032,0.20858,0.1079,0.19944,0.23756,0.23172,0.19678,0.14724,0.2961,0.087486,0.017135,0.0028961,0.022347,0.038824,0.0034028,0.00070849
7,0.040144,0.024685,0.055931,0.056646,0.11208,0.048521,0.0774,0.0587,0.072503,0.066261,0.062818,0.13725,0.11885,0.084293,0.059427,0.12154,0.073962,0.01446,0.0094127,0.019387,0.038559,0.016867,0.0020939
7,0.007383,0.0086409,0.018947,0.026186,0.012651,0.09867,0.066648,0.088122,0.053236,0.050023,0.011193,0.013255,0.0068763,0.0045531,0.010481,0.0038306,0.0089422,0.00327
7,0.033496,0.010863,0.0097798,0.0036065,0.025023,0.097202,0.15126,0.078719,0.13776,0.077145,0.063989,0.082994,0.21704,0.24317,0.22545,0.065292,0.15697,0.28278,0.2629,0.26413,0.096955,0.067899,0.039289,0.043182,0.042106,0.045178,0.061095,0.014014,0.0021589
7,0.010233,0.0028915,0.0081634,0.030944,0.062188,0.018496,0.054244,0.10599,0.038733,0.19865,0.097047,0.11751,0.09306,0.28435,0.21314,0.61113,0.51494,0.44487,0.30765,0.41552,0.39569,0.51628,0.41596,0.17279,0.050263,0.0068355,0.0043197,0.059534,0.12844,0.061876,0.030213,0.036023,0.060914,0.069845,0.013603
7,0.0088112,0.0095262,0.0049956,0.0099591,0.03182,0.055131,0.060055,0.01454,0.0028186,0.0040148,0.0041936,0.032751,0.23498,0.40873,0.10594,0.17517,0.17592,0.19675,0.088717,0.1133,0.033749,0.0030709,0.001129,0.0021582,0.0007988,0.00048692,0.00049657,0.0011845
7,0.015333,0.010085,0.01044,0.023008,0.038734,0.072697,0.13888,0.1498,0.34566,0.20339,0.48424,0.26026,0.58728,0.50973,0.31704,0.23369,0.33123,0.32271,0.35918,0.12245,0.13365,0.077433,0.36845,0.072917,0.24025,0.012857,0.014336
7,0.30247,0.042132,0.030034,0.088944,0.32003,0.20462,0.035752,0.065129,0.20247,0.11535,0.091607,0.083043,0.061957,0.11518,0.15457,0.087779,0.16624,0.24731,0.076051,0.17036,0.44494,0.36865,0.52358,0.35607,0.5,0.55777,0.39518,0.24673,0.25875,0.070126,0.055836,0.029739,0.018287,0.0047679,0.0052509
7,0.0065461,0.0034259,0.0027961,0.015712,0.045815,0.058018,0.024411,0.020155,0.057981,0.20368,0.29965,0.18363,0.1769,0.077384,0.11227,0.25791,0.24297,0.27269,0.27566,0.35451,0.32328,0.20402,0.12416,0.26977,0.0775,0.07971,0.13441,0.16072,0.33653,0.34784,0.56163,0.66909,0.082906,0.019894,0.012287
7,0.13119,0.051902,0.015895,0.15505,0.33523,0.20522,0.057772,0.10037,0.27581,0.24964,0.23941,0.13031,0.15844,0.065257,0.13036,0.038906,0.034619,0.12435,0.14711,0.2697,0.19763,0.24549,0.42947,0.68332,0.43732,0.56858,0.92144,0.88184,0.78446,0.47282,0.22354,0.21479,0.16325,0.086299,0.060241,0.092168,0.078834,0.0080838
7,0.00053347,0.0002107,0.00046697,0.018374,0.034507,0.027261,0.069863,0.11293,0.039456,0.041258,0.055139,0.059989,0.0016525,1.5625e-05,0.00040823,0.39119,0.17007,0.24192,0.23672,0.11183,0.0037844,0.16953,0.082112,0.12022,0.25024,0.14525,0.12846,0.6977,0.11063,0.22088,0.41022,0.59126,0.61415,0.54538,0.23679,0.26254,0.10474,0.035345,0.01049,0.00010872
7,0.031446,0.0079054,0.0092144,0.0066648,0.021794,0.10361,0.45461,0.13072,0.03658,0.065544,0.14998,0.081733,0.086437,0.056783,0.056903,0.19022,0.11439,0.26757,0.22275,0.44151,0.015,0.40019,0.31309,0.26397,0.40926,0.32766,0.040729,0.081909,0.14707,0.071682,0.1102,0.1675,0.14165,0.13487,0.13265,0.078444,0.1291,0.021448,0.01339,0.00063341
7,0.046191,0.036534,0.091234,0.20094,0.34738,0.55531,0.068834,0.36941,0.13876,0.15672,0.2346,0.52763,0.58071,0.12166,0.48329,0.68906,0.16098,0.32838,0.28506,0.29886,0.59171,0.20477,0.63868,0.72523,0.74078,0.45768,0.73243,0.61106,0.71606,0.75995,0.61132,0.53764,0.43366,0.27466,0.15848,0.10845,0.078761,0.021271,0.033539
7,0.043197,0.015033,0.01094,0.0092916,0.2356,0.12391,0.075542,0.046722,0.65063,0.76842,0.43121,0.17863,0.081518,0.062913,0.03585,0.058528,0.024355,0.0061458,0.0057726,0.075583,0.049015,0.066226,0.042457,0.02563,0.01005,0.068405,0.15705,0.2605,0.24722,0.19544,0.13345,0.39451,0.27994,0.20219,0.5258,0.56128,0.40066,0.28205,0.3795,0.3399,0.16425,0.14536,0.098309,0.065294,0.16984,0.0011491
7,0.36081,0.29353,0.45988,0.39912,0.2181,0.025913,0.01649,0.041684,0.40003,0.50979,0.38113,0.45946,0.5,0.35156,0.52112,0.26774,0.14173,0.18258,0.17407,0.23927,0.27483,0.28657,0.38787,0.17262,0.21224,0.17317,0.2616,0.16854,0.098196,0.024098,0.069141,0.13995,0.032706,0.055565,0.31038,0.18901,0.091384,0.28487,0.052327,0.047478,0.010996,0.0041544,0.0018238,0.0014404,0.0005842
7,0.056392,0.00011291,0.00076413,0.025872,0.07475,0.043871,0.001524,0.0032911,0.0018635,0.0085661,0.17523,0.34642,0.39166,0.2113,0.31371,0.05685,0.13845,0.22431,0.11008,0.19704,0.5083,0.48358,0.39837,0.56524,0.55574,0.58386,0.46824,0.087628,0.14931,0.080834,0.030774
7,0.11089,0.043213,0.23419,0.14466,0.13553,0.11152,0.13227,0.25126,0.30344,0.28308,0.16132,0.14505,0.13911,0.26786,0.016644,0.014779,0.20998,0.17621,0.23028,0.5,0.33865,0.18204,0.059521,0.049569,0.092345,0.026045
7,0.11128,0.010294,0.003048,0.009599,0.064033,0.21195,0.25168,0.061478,0.028175,0.012296,0.041325,0.023365,0.021321,0.10132,0.10014,0.10131,0.13766,0.084537,0.039247,0.013296,0.01314,0.0077399,0.00052717,0.0050841,0.026625,0.20468,0.080649,0.067626,0.18872,0.20742,0.24435,0.34622,0.20784,0.2203,0.1397,0.099145,0.055408,0.16051,0.03258
7,0.1272,1.3292e-06,7.1694e-05,0.011828,0.03979,0.014326,0.036574,0.0029525,0.0017541,0.0042079,0.057605,0.10339,0.024941,0.01624,0.016,0.02911,0.038916,0.0065428,0.004272,0.0072714,0.017813,0.0088942,0.14217,0.18557,0.17084,0.35074,0.42621,0.22564,0.07209,0.022836,0.014571,0.018067,0.014396,0.028692
7,0.040168,3.0332e-05,0.059903,0.052485,0.053564,0.05958,0.057829,0.035764,0.059735,0.051415,0.008644,0.26512,0.10061,0.34057,0.3788,0.39558,0.39664,0.63889,0.54259,0.94451,0.81132,0.73927,0.65133,0.59526,0.54917,0.67182,0.55686,0.47157
7,0.27875,0.19382,0.53678,0.58929,0.60845,0.59898,0.50712,0.23796,0.25628,0.90622,0.85816,0.67617,0.54353,0.71876,0.79167,0.7982,0.62396,0.35594,0.22645,0.21668,0.28731,0.12247,0.024378,0.0094701
7,0.42819,0.21299,0.21074,0.24158,0.42805,0.078074,0.34172,0.13292,0.18242,0.11916,0.061821,0.0039369,0.0027379,0.0016708,0.0013112,0.0013792,0.023086,0.42888,0.57858,0.81595,0.70418,0.89693,0.89682,0.88608,0.6762,0.33875,0.21236,0.11828,0.078982,0.18768,0.10562,0.0063731,0.0075335,0.00011092
7,0.022863,0.016972,0.024648,0.029609,0.047281,0.034064,0.04979,0.020019,0.1174,0.24613,0.14391,0.011615,0.026129,0.075333,0.20304,0.42892,0.40986,0.88054,0.86334,0.88642,0.5,0.49173,0.2547,0.13528,0.53481,0.25598,0.20361,0.26125,0.27442,0.071127,0.00012754
