1,0.17324,0.086173,0.48054,0.53412,0.0087082,0.0049309,0.0035901,0.0024593,0.0042075,0.004063,0.003,0.0039985,0.0056752,0.011656,0.032853,0.0074284,0.0085055,0.0049298,0.022267
1,0.53212,0.41445,0.69658,0.92157,0.83622,0.58423,0.72644,0.41239,0.61646,0.43102,0.081473,0.051545,0.21105,0.34439,0.4682,0.029584,0.0030385,0.018937,0.020259
1,0.37888,0.24335,0.01139,0.0090187,0.042699,0.058845,0.17766,0.23926,0.41688,0.15877,0.069032,0.045985,0.083808,0.042773,0.061608,0.099097,0.066037,0.093954,0.042135
1,0.021459,0.018782,0.010306,0.027318,0.072376,0.016592,0.011153,0.0037252,0.0098137,0.0041922,0.0069088,0.057109,0.035964,0.01635,0.020613,0.026129,0.013219,0.053554,0.068022,0.011343,0.0026926,0.011079,0.0066331
1,0.074941,0.0050871,0.0033697,0.010605,0.013563,0.024087,0.041442,0.085802,0.011675,0.011458,0.0093712,0.0086258,0.0036837,0.0080406,0.0041141,0.058671
1,0.15341,0.021946,0.0098584,0.017373,0.0085754,0.0087885,0.0035709,0.024837,0.023895,0.040913,0.036949,0.016278,0.0050626,0.0020734,0.0011607,0.0073332,0.018888,0.021722
1,0.030794,0.0218,0.015866,0.0049121,0.0023331,0.0042087,0.0067869,0.003049,0.015978,0.23405,0.17702,0.35153,0.30057,0.028565,0.0060666,0.001291,0.0015964,0.003573,0.010542,0.021679
1,0.16298,0.026459,0.010372,0.015514,0.012541,0.024762,0.0069894,0.017725,0.016545,0.028761,0.014368,0.0054837,0.0022669,0.0034171,0.0018562,0.001551,0.032153
1,0.22191,0.21721,0.46413,0.44873,0.47157,0.029829,0.040848,0.086747,0.033914,0.025869,0.019609,0.047696,0.057844,0.097402,0.03332,0.020628,0.050326
1,0.57732,0.52987,0.57015,0.18921,0.0093234,0.0099612,0.16775,0.19235,0.16604,0.63775,0.56591,0.26232,0.044899,0.016416,0.014753
1,0.044992,0.046471,0.022858,0.013411,0.0043484,0.0053985,0.0030726,0.0054726,0.0044468,0.0058654,0.0066607,0.010638,0.02105,0.024349,0.007913,0.030743
1,0.39788,0.54314,0.38598,0.12479,0.061897,0.03114,0.054423,0.031188,0.0079088,0.011164,0.022344,0.022399,0.020615,0.096567,0.095204,0.034999,0.020901,0.024241,0.050825
1,0.42917,0.35611,0.21511,0.18746,0.017915,0.012429,0.0092159,0.0027192,0.0011872,0.0017792,0.0029362,0.0039085,0.015543,0.019916,0.049138,0.020752,0.0053236,0.0042743
1,0.078121,0.031213,0.11253,0.10463,0.056195,0.058081,0.022434,0.01751,0.0085229,0.016133,0.029422,0.029067,0.012664,0.0067139,0.011181,0.0039432,0.038679,0.042899,0.054991,0.045407,0.0078332,0.0015826,0.0024895,0.0028388,0.010555,0.0079373,0.013302,0.013956,0.032627,0.048731,0.099004,0.05363,0.074035,0.10017,0.10517,0.039427
1,0.040181,0.012219,0.024146,0.026285,0.0084204,0.0062944,0.0080803,0.0046943,0.002164,0.0023318,0.0012184,0.00053087,0.0033739,0.012357,0.0094873,0.01436,0.024981,0.014292,0.00088678,0.00090478,0.0010193,0.00059911,0.0014942,0.0022893,0.001629,0.022099,0.069352,0.13054,0.086821,0.031551,0.046715,0.010418
1,0.052313,0.01391,0.043853,0.086846,0.073372,0.070972,0.082917,0.21852,0.11057,0.06245,0.044519,0.015862,0.0088207,0.025391,0.024396,0.010735,0.021527,0.018491,0.018121,0.0079963,0.013163,0.04212,0.014972,0.012663,0.066923,0.051362,0.071213,0.17443,0.29184,0.015333,0.008747,0.023812,0.049886,0.048418,0.13449,0.078843,0.10389,0.023038,0.055962,0.031758
1,0.30665,0.11234,0.19984,0.28779,0.031534,0.0080783,0.013087,0.016009,0.0041279,0.0037336,0.0025485,0.0036313,0.0029904,0.034368,0.028373,0.070483,0.05955,0.03942,0.012365,0.0028601,0.0022988,0.0016921,0.0014323,0.0025256,0.0050634,0.018334,0.026269,0.038888,0.014062,0.066765,0.020846
1,0.0078818,0.0042979,0.028044,0.03451,0.040734,0.059291,0.059725,0.00049172,0.00072374,0.0021945,0.0018493,0.0088527,0.010827,0.035468,0.036554,0.051345,0.046519,0.015582,0.0079173,0.0064482,0.020462,0.025093
1,0.056148,0.0057836,0.0045359,0.0083003,0.024344,0.02812,0.029577,0.039814,0.060283,0.0085106,0.00271,0.007439,0.010016,0.023172,0.14088,0.10026,0.016662,0.01917,0.040789,0.060267,0.038238,0.059509,0.057422,0.013007,0.0084443
1,0.008085,0.0016543,0.020453,0.032529,0.03554,0.0465,0.016319,0.0065531,0.0051954,0.040819,0.079672,0.088043,0.17266,0.17831,0.060562,0.013929,0.040775,0.014832,0.0057907,0.031677
1,0.0014824,0.0023496,0.0031996,0.0018966,0.0017212,0.0020688,0.00076121,0.0013494,0.0034241,0.0055412,0.016795,0.010499,0.0058491,0.0046607,0.004994,0.0038677,0.0094119,0.014176,0.035925,0.015486,0.0053923,0.0011637,0.0056911,0.019951
1,0.036717,0.0067814,0.002907,0.0032959,0.0010279,0.0017743,0.0026204,0.0020824,0.00041448,0.00069852,0.00074713,0.00040884,0.00068782,0.00070167,0.00037826,0.00025313,0.00029139,0.0007879,0.0023754,0.011624,0.026755,0.04047,0.041247,0.010467,0.034966
1,0.050714,0.0043544,0.0051278,0.004286,0.027635,0.041712,0.037198,0.018241,0.044026,0.12534,0.090156,0.031191,0.047537,0.16329,0.037912,0.056627,0.03205,0.024208,0.051935,0.026821,0.014319,0.011759,0.0029108,0.010597,0.0065504,0.027322
1,0.019886,0.013034,0.011363,0.011142,0.014182,0.011033,0.0018475,0.0044541,0.030947,0.043999,0.02565,0.020508,0.048059,0.0073527,0.0039778,0.003996,0.0028897,0.018744,0.066519,0.03349,0.010112,0.015528,0.0083398,0.0028705,0.0075952
1,0.004336,0.0023753,0.0088113,0.0051187,0.017588,0.010843,0.002362,0.002432,0.002371,0.013175,0.084577,0.13201,0.014014,0.04858,0.017868,0.012368,0.013229,0.030381,0.016731,0.045838,0.12688,0.061055,0.022706,0.0052936,0.00826,0.020677
1,0.018135,0.0019576,0.011345,0.0066512,0.0089588,0.06714,0.015817,0.022563,0.060975,0.076045,0.019902,0.005635,0.0083991,0.01638,0.013664,0.05238,0.012724,0.017645,0.0059547,0.018572,0.01794,0.017638,0.0010144,0.0021509,0.0018899,0.011206,0.0078467,0.011751,0.014872,0.025091,0.0054565,0.025054,0.024378
1,0.15485,0.037342,0.05328,0.083001,0.038582,0.053398,0.020837,0.025492,0.0035381,0.0085422,0.029341,0.12503,0.14821,0.05155,0.053791,0.033844,0.033572,0.043558,0.062675,0.18899,0.18076,0.069611,0.033022,0.034266,0.064384,0.067608,0.059448,0.011848,0.0068896,0.013241,0.0040573
1,0.056032,0.035175,0.026061,0.002417,0.026299,0.051065,0.063797,0.034209,0.1467,0.2683,0.17465,0.24258,0.35162,0.046277,0.08448,0.051147,0.030412,0.022149,0.013144,0.0007683,0.0016356,0.0050131,0.0064598,0.012657,0.015072,0.025323,0.010101,0.0078712
1,0.0098955,0.00096345,0.0016268,0.001863,0.0012028,0.0027669,0.0053,0.005309,0.051655,0.078734,0.049783,0.021668,0.016909,0.039622,0.019561,0.045378,0.081417,0.14233,0.13094,0.23589,0.28734,0.21561,0.31039,0.39547,0.0026242,0.030185,0.027729,0.03047,0.034337,0.033739,0.015172,0.027576
1,0.13131,0.0080789,0.001989,0.0016546,0.002015,0.00055186,0.0016732,0.0053491,0.0093547,0.026541,0.011775,0.043999,0.023809,0.0134,0.0088165,0.019657,0.040566,0.0067875,0.0070039,0.0028104,0.0020046,0.0030118,0.0029323,0.033379,0.028132,0.070945,0.13641,0.2463,0.30135,0.2412,0.0062967,0.0050223,0.014631,0.013733,0.038859,0.035595,0.015069,0.076799,0.029381
1,0.57839,0.0042095,0.0026009,0.003056,0.0030781,0.0029976,0.0026723,0.0018583,0.0016662,0.016396,0.018199,0.034566,0.012311,0.020899,0.01486,0.016859,0.015328,0.0038887,0.0052605,0.0039302,0.16682,0.083191,0.18522,0.37466,0.70276,0.54862,0.0060395,0.0033321,0.012828,0.032513,0.022624,0.059833,0.013192
1,0.36212,0.068745,0.020754,0.082972,0.060622,0.058495,0.058918,0.074094,0.038131,0.040034,0.0709,0.044971,0.054798,0.048257,0.0046384,0.0056953,0.0038049,0.011424,0.007192,0.024145,0.023545,0.043118,0.059881,0.020161,0.010454,0.039903,0.039361,0.017514,0.034135,0.026518,0.0095013,0.0079038,0.0048068,0.030831,0.025486,0.012973,0.03669
1,0.60673,0.056084,0.18738,0.142,0.24711,0.48944,0.35111,0.36746,0.035256,0.089579,0.025791,0.012488,0.014722,0.024334,0.033379,0.13403,0.083998,0.016952,0.036366,0.02865,0.048519,0.0294,0.014892,0.0062093,0.0080038,0.013635,0.0099379,0.0041037
1,0.11216,0.019061,0.015445,0.026602,0.13166,0.10676,0.2393,0.23071,0.33372,0.02916,0.019241,0.020984,0.02118,0.31789,0.29108,0.19618,0.059861,0.061277,0.0020448,0.0048805,0.0068565,0.0085463,0.0057319,0.059804,0.10388,0.023709,0.032486,0.062914,0.043557,0.019757,0.016006
1,0.0068468,0.00074445,0.00092965,0.0013487,0.00096924,0.0013864,0.00093001,0.0014674,0.0025767,0.017259,0.0045665,0.0047325,0.0017124,0.0013094,0.0006507,0.0015533,0.0017844,0.0013093,0.0011171,0.0019885,0.0019125,0.002776
1,0.13295,0.063426,0.094581,0.098739,0.1382,0.060483,0.069289,0.38997,0.27463,0.22283,0.022416,0.017834,0.017972,0.024928,0.0082931,0.033041,0.0069437,0.0018566,0.0029219,0.0040154,0.0045346,0.0027132,0.0027151,0.0064022,0.019311
2,0.80889,0.70255,0.78616,0.62953,0.078058,0.21889,0.41748,0.45652,0.093201,0.22696,0.20695,0.23309,0.5,0.5,0.6238,0.70452,0.068021,0.10088,0.017748
2,0.88143,0.88246,0.85458,0.92259,0.55125,0.37435,0.38509,0.037505,0.060265,0.23772,0.20468,0.2087,0.30065,0.043778,0.060665,0.02684
2,0.54231,0.54273,0.76253,0.74094,0.58066,0.23383,0.22918,0.45096,0.46897,0.5,0.66365,0.78641,0.052457,0.053489,0.73812,0.84678,0.89501,0.88852,0.59218,0.60442,0.14441,0.053932
2,0.92986,0.89326,0.85835,0.53437,0.5,0.8319,0.48089,0.82464,0.42556,0.22542,0.77817,0.086259,0.16036,0.20918,0.042086,0.024496,0.024433
2,0.13183,0.20222,0.29439,0.33703,0.44255,0.10158,0.066408,0.15581,0.264,0.20906,0.69572,0.4426,0.55482,0.46808,0.048827,0.013055,0.01693
2,0.86717,0.62419,0.80654,0.7181,0.18861,0.57283,0.57053,0.62009,0.062497,0.084507,0.22651,0.25839,0.32018,0.4875,0.29025,0.44477,0.15448,0.061391,0.01731,0.041881
2,0.41809,0.14202,0.14162,0.25146,0.1378,0.042784,0.058569,0.22907,0.25826,0.57649,0.64762,0.83298,0.26789,0.67827,0.64674,0.78362,0.049568,0.33898,0.23584,0.24588,0.054676,0.0099399,0.036827,0.012189
2,0.35253,0.054217,0.06462,0.07651,0.055829,0.2081,0.28632,0.30389,0.45567,0.40458,0.13771,0.19657,0.44274,0.21956,0.20553,0.15536,0.14505,0.085972,0.038442,0.017397,0.041952
2,0.11068,0.011628,0.013473,0.18252,0.63226,0.55117,0.78835,0.75531,0.91383,0.97287,0.37595,0.188,0.061558,0.012435,0.0098551
2,0.75672,0.12278,0.019595,0.060636,0.044859,0.033707,0.49188,0.38463,0.10286,0.21868,0.34793,0.24147,0.23775,0.40881,0.24915,0.093326,0.049811,0.053762,0.043458,0.029777,0.0092247,0.041188
2,0.2017,0.014445,0.069846,0.27769,0.1595,0.1925,0.62799,0.65446,0.53076,0.72899,0.66872,0.034685,0.020261,0.031389,0.0088621,0.0092771,0.021297
2,0.38102,0.13124,0.41791,0.77604,0.62974,0.79582,0.78727,0.79621,0.85023,0.096803,0.050568,0.061476,0.11611,0.068436,0.035974
2,0.85371,0.26887,0.038121,0.04426,0.57306,0.67956,0.64559,0.8429,0.91147,0.86198,0.82898,0.92034,0.23431,0.028799,0.045105,0.027945,0.011941,0.019399,0.047881
2,0.86464,0.21836,0.051335,0.02307,0.29884,0.18145,0.56232,0.19751,0.66413,0.18145,0.38137,0.28827,0.1555,0.12895,0.66423,0.75662,0.69641,0.47893,0.19917,0.16353,0.22066,0.054269,0.055523,0.060448,0.016698
2,0.30536,0.052373,0.17189,0.59268,0.64608,0.53515,0.62799,0.55683,0.87353,0.72969,0.67509,0.25672,0.17072,0.029273,0.030149
2,0.4431,0.6393,0.85565,0.7427,0.77643,0.071346,0.066907,0.036272,0.015462,0.075117,0.054427,0.075472,0.10185,0.38108,0.19172,0.19989,0.027805,0.0096182,0.027552
2,0.17605,0.20614,0.1874,0.47518,0.23739,0.48873,0.42083,0.23972,0.36092,0.66331,0.54983,0.34988,0.14594,0.26319,0.14836,0.21931,0.36833,0.35934,0.21152,0.11096,0.093352,0.11332,0.0067341,0.069915,0.23315,0.31359,0.26614,0.025887,0.052832
2,0.5,0.727,0.87122,0.72393,0.59894,0.35921,0.5867,0.50961,0.61463,0.72306,0.57018,0.39756,0.48743,0.59093,0.66065,0.45117,0.058423,0.026401
2,0.38777,0.31444,0.72104,0.73236,0.576,0.23362,0.17508,0.34665,0.25067,0.091359,0.039503,0.29858,0.23332,0.1932,0.2346,0.60836,0.42848,0.34386,0.053009,0.012878,0.038576
2,0.31053,0.25372,0.62139,0.54473,0.28323,0.36751,0.25367,0.27983,0.089369,0.13493,0.044621,0.38788,0.75965,0.63763,0.43389,0.062747,0.022167,0.019997
2,0.48381,0.26363,0.084789,0.18234,0.46563,0.097804,0.51329,0.5334,0.2811,0.11784,0.043158,0.065477,0.17826,0.36182,0.31184,0.10312,0.080309,0.21481,0.10762,0.1089,0.20846,0.68381,0.20041,0.11994,0.037893,0.047768,0.020889
2,0.53132,0.51574,0.57089,0.491,0.74029,0.47284,0.60418,0.44485,0.12621,0.21023,0.3614,0.65466,0.60941,0.35541,0.0093382,0.007695
2,0.82514,0.069815,0.22784,0.13349,0.20633,0.2033,0.17516,0.25898,0.43259,0.48839,0.56822,0.59515,0.17805,0.42979,0.21299,0.2328,0.21484,0.32756,0.057483,0.033157,0.027648,0.010817,0.048875,0.033779,0.11342,0.061584,0.020649,0.018967,0.13721,0.57338,0.44238,0.30552,0.054915,0.012424,0.017297
2,0.23556,0.03825,0.15111,0.4593,0.42953,0.20413,0.36005,0.16727,0.20665,0.31402,0.11212,0.061665,0.069475,0.14247,0.13514,0.10959,0.18771,0.020092,0.031235,0.15957,0.061281,0.14717,0.22235,0.25328,0.15202,0.14497,0.062373,0.13231,0.060417,0.028784
2,0.51554,0.5,0.65677,0.7031,0.73002,0.61028,0.68302,0.63739,0.20271,0.073217,0.091046,0.19204,0.44356,0.60127,0.40571,0.36584,0.27488,0.092501,0.027829,0.16013,0.23245,0.1056,0.064878,0.64473,0.76309,0.5986,0.40022,0.11985,0.04085,0.011164
2,0.70806,0.6089,0.27725,0.39921,0.71937,0.17619,0.044145,0.037435,0.019235,0.0090475,0.018122,0.014016,0.0047621,0.028188,0.038097,0.67912,0.80433,0.88043,0.90791,0.89096,0.061596,0.030418,0.03034,0.040459,0.085239,0.062135,0.40614,0.55405,0.60487,0.14572,0.13751,0.057285,0.051546,0.037512
2,0.38927,0.30613,0.26383,0.20157,0.21664,0.15377,0.068019,0.074061,0.095832,0.14478,0.054438,0.044475,0.025268,0.040385,0.045898,0.17487,0.4294,0.12226,0.36139,0.42787,0.24231,0.012622,0.15188,0.074198,0.28231,0.3547,0.48048,0.52586,0.61199,0.51802,0.68452,0.58555,0.72491,0.37057,0.031246,0.036051,0.020864,0.022099
2,0.62192,0.5922,0.42031,0.29423,0.54505,0.45809,0.64045,0.77966,0.52864,0.4134,0.26561,0.24898,0.41566,0.45687,0.87575,0.91485,0.85954,0.68682,0.41562,0.017937,0.0053906,0.016602,0.084896,0.34937,0.4041,0.46523,0.63484,0.23848,0.22596,0.28686,0.25743,0.22897,0.10183,0.039421,0.019262
2,0.58509,0.1397,0.40245,0.78254,0.4784,0.43338,0.86052,0.68519,0.4542,0.15152,0.020478,0.029945,0.060614,0.74094,0.91015,0.84052,0.73428,0.87397,0.13055,0.080938,0.056628,0.19606,0.21765,0.22222,0.23886,0.65566,0.2021,0.081469,0.074939,0.011322,0.022292,0.018602
2,0.37821,0.22105,0.062609,0.053058,0.057454,0.1712,0.26832,0.45145,0.44324,0.44741,0.19588,0.10496,0.082691,0.087576,0.032762,0.027631,0.039824,0.035415,0.31463,0.5,0.55783,0.24583,0.24894,0.045834,0.013364,0.015443,0.024614,0.021098,0.03032,0.029842,0.042189,0.028914,0.089531,0.16743,0.20388,0.067088,0.09152,0.11865,0.044845,0.022854,0.034345
2,0.008919,0.0022525,0.0031114,0.012992,0.041872,0.014587,0.024258,0.044123,0.036545,0.12328,0.12486,0.20524,0.40509,0.19064,0.083039,0.0384,0.059436,0.25586,0.48045,0.76561,0.65022,0.089767,0.036426,0.016579
2,0.023874,0.0029128,0.012083,0.08899,0.05852,0.048415,0.25115,0.25444,0.06243,0.20201,0.41945,0.47856,0.071827,0.25437,0.53928,0.49265,0.29519,0.56366,0.03646,0.013781
2,0.23434,0.050617,0.055866,0.065872,0.032881,0.050519,0.063295,0.20851,0.51254,0.53282,0.87597,0.86489,0.73252,0.1251,0.38498,0.4787,0.58875,0.30057,0.31814,0.011657
2,0.046538,0.0097946,0.014736,0.014308,0.013605,0.01388,0.016465,0.046193,0.023753,0.070263,0.027056,0.20599,0.16963,0.080659,0.095005,0.39539,0.61421,0.54246,0.52601,0.058329,0.011239
2,0.059992,0.003496,0.0034996,0.0088291,0.12235,0.095418,0.1659,0.16151,0.038899,0.1984,0.19042,0.3683,0.83486,0.4098,0.14556,0.48213,0.59307,0.41581,0.36773,0.11914,0.025054,0.012091,0.038724
2,0.3646,0.13125,0.017641,0.021589,0.039514,0.040304,0.024556,0.033403,0.14699,0.10379,0.15796,0.28052,0.23861,0.19672,0.33805,0.50641,0.62341,0.7886,0.7022,0.52872,0.15619,0.037859,0.04703
2,0.012772,0.006546,0.0010726,0.0026056,0.0045901,0.0087839,0.0070604,0.0076869,0.049396,0.024803,0.017627,0.084684,0.34924,0.20018,0.47069,0.33579,0.523,0.73283,0.73661,0.48062,0.12805,0.0078841,0.011867,0.034626
2,0.5626,0.020474,0.18729,0.012918,0.0023805,0.0070666,0.038221,0.0078485,0.13559,0.030735,0.24747,0.11604,0.031833,0.041415,0.015875,0.021045,0.11075,0.37188,0.36016,0.14237,0.087574,0.0070767
2,0.068387,0.22068,0.70814,0.70884,0.38429,0.37756,0.85315,0.89925,0.57822,0.26198,0.24229,0.021273,0.03307,0.030647,0.23783,0.4471,0.72674,0.77664,0.47654,0.83618,0.25622,0.16751,0.43678,0.3362,0.41656,0.42307,0.15839,0.093382,0.037239,0.032752,0.018751,0.022579,0.013023
2,0.53028,0.36985,0.55729,0.70274,0.59968,0.22002,0.020212,0.038765,0.34664,0.54089,0.71794,0.32115,0.75658,0.29726,0.43497,0.26436,0.5,0.32848,0.18003,0.25706,0.072071,0.035731,0.024549
2,0.66215,0.15204,0.74157,0.70553,0.65133,0.074497,0.20212,0.61011,0.6345,0.16328,0.26673,0.28869,0.031994,0.02957,0.011132,0.025788,0.037249,0.039636,0.035392,0.054708,0.011183,0.024005
2,0.20609,0.013617,0.024949,0.011916,0.024009,0.050802,0.0077206,0.0019579,0.0017339,0.0016832,0.00047731,0.07529,0.1477,0.20182,0.26368,0.27918,0.1713,0.06236,0.051469,0.026293,0.030138,0.0094226,0.030585,0.25942,0.37464,0.12944,0.10802,0.031974,0.028851,0.032722
2,0.32971,0.21231,0.16833,0.11882,0.17072,0.029142,0.0051795,0.01018,0.0050529,0.0015942,0.0053029,0.011966,0.063012,0.09567,0.37146,0.21145,0.34316,0.78019,0.68361,0.35296,0.093406,0.086805,0.13525,0.5,0.52186,0.11657,0.023135,0.015215
2,0.036614,0.025353,0.035664,0.033725,0.047323,0.017832,0.012898,0.06889,0.05298,0.36052,0.54633,0.59024,0.56769,0.49315,0.46875,0.26087,0.34007,0.33991,0.41625,0.046222,0.7351,0.62959,0.23309,0.014367,0.012138,0.017396,0.019952,0.032284
2,0.4725,0.19001,0.20464,0.23322,0.059405,0.02129,0.017293,0.010181,0.0051337,0.015465,0.025384,0.040908,0.14053,0.23744,0.086131,0.089738,0.24279,0.06871,0.17776,0.17201,0.36541,0.50561,0.35437,0.18263,0.0094454,0.016862,0.0071619,0.011171,0.0084751,0.012588,0.080927,0.024168
2,0.54507,0.18424,0.074304,0.071249,0.038452,0.10115,0.054543,0.018933,0.035099,0.1265,0.52058,0.5,0.43828,0.47737,0.14391,0.13077,0.1504,0.1596,0.11722,0.34952,0.2352,0.39181,0.29834,0.53584,0.59063,0.63747,0.71736,0.045775,0.018712
2,0.41434,0.33097,0.30144,0.41086,0.15353,0.042607,0.1384,0.033158,0.070448,0.050613,0.030427,0.061316,0.24267,0.3567,0.37275,0.18265,0.44647,0.37971,0.22666,0.3555,0.3052,0.10601,0.034952,0.14412,0.062246,0.078538,0.035555,0.017523,0.051081,0.090404,0.054969,0.0063428,0.018397
2,0.6182,0.12365,0.14866,0.073016,0.12218,0.20276,0.54544,0.27781,0.089476,0.08372,0.20673,0.09447,0.41035,0.49206,0.19834,0.33114,0.77149,0.66821,0.84268,0.27075,0.52635,0.58232,0.28639,0.020912,0.021202,0.10432,0.036772,0.039729
2,0.25966,0.15232,0.15393,0.075317,0.030095,0.055414,0.026293,0.010537,0.024058,0.022167,0.073192,0.1743,0.13787,0.12255,0.015686,0.011587,0.016785,0.10344,0.030759,0.032638,0.028449,0.02337,0.0035743,0.0042163,0.026304,0.021327,0.0070073,0.024713
2,0.58338,0.070863,0.1005,0.21934,0.16401,0.19389,0.10085,0.06155,0.006033,0.0027824,0.0052157,0.021214,0.053334,0.41725,0.61686,0.75909,0.62969,0.43802,0.38617,0.28939,0.48197,0.05933,0.47341,0.24312,0.34294,0.91291,0.88723,0.55445,0.64761,0.30546,0.14204,0.13519,0.016106,0.051554,0.047397,0.043067
2,0.13555,0.52739,0.22275,0.38565,0.42525,0.5,0.29511,0.26937,0.46523,0.54139,0.56,0.88414,0.69114,0.52116,0.082874,0.077104,0.29649,0.062034,0.023387,0.019871,0.032424,0.032016,0.03506,0.070047,0.058007,0.012283,0.036699
2,0.073455,0.036553,0.017364,0.034188,0.01885,0.010544,0.010306,0.016415,0.011903,0.0091202,0.01054,0.034395,0.03477,0.060965,0.068717,0.14837,0.31869,0.3612,0.11282,0.50709,0.62105,0.59753,0.086396,0.048811,0.083752,0.029368,0.012705
2,0.85359,0.032298,0.0091086,0.026578,0.011084,0.0084207,0.029224,0.017415,0.014061,0.057422,0.048378,0.14973,0.080649,0.1316,0.12752,0.036185,0.0080591,0.023158,0.14583,0.10042,0.14818,0.24977,0.12498,0.010737,0.016843,0.022319,0.058932,0.39071,0.51467,0.63331,0.68051,0.90442,0.2066,0.026166,0.083903,0.11786,0.18696,0.05283,0.2026,0.15962,0.01505
2,0.56907,0.043974,0.0052416,0.0080197,0.0079055,0.0067342,0.020878,0.046785,0.08066,0.33299,0.59003,0.5784,0.35278,0.026597,0.14335,0.27531,0.11557,0.2061,0.16902,0.3477,0.46094,0.3821,0.2504,0.10616,0.10027,0.080702,0.62546,0.48253,0.52272,0.008757,0.010573,0.013025,0.013801,0.030371,0.022189,0.028032,0.036445
2,0.055359,0.032848,0.064503,0.068661,0.22612,0.23301,0.44041,0.40322,0.5292,0.085887,0.017322,0.034662,0.029322,0.015545,0.030112,0.022825,0.025552,0.029304,0.014582,0.033738,0.039721,0.054693,0.072015,0.090392,0.075737,0.047717,0.0099553,0.015877,0.033087,0.02977,0.027356,0.034522,0.060029,0.10574,0.082082,0.24687,0.64489,0.23528,0.16458,0.098849,0.0303,0.049721,0.044607,0.088175,0.07928
2,0.51129,0.20801,0.16607,0.07977,0.029678,0.037984,0.035064,0.024301,0.063805,0.11079,0.17755,0.13517,0.1825,0.3483,0.4625,0.44483,0.16715,0.23889,0.22761,0.31155,0.60812,0.3878,0.047661,0.053293,0.030717,0.040265,0.15774,0.13277,0.032303,0.029424,0.026714,0.011358,0.0098508,0.10106,0.040002,0.12872,0.20988,0.253,0.31482,0.60256,0.63436,0.54865,0.0062769,0.0059833,0.0033719,0.0034486,0.0034564,0.0097396,0.0092605,0.010118,0.038179,0.016206
2,0.91863,0.11428,0.022349,0.011414,0.15926,0.14163,0.13741,0.56929,0.28343,0.18408,0.33441,0.31281,0.10283,0.057865,0.018619,0.013411,0.015411,0.14037,0.047086,0.019392,0.031859,0.019689,0.0054004,0.012229,0.067345,0.22008,0.46276,0.47447,0.77611,0.77369,0.22173,0.19649,0.31874,0.22757,0.23594,0.28029,0.44433,0.12059,0.029679
2,0.31129,0.076091,0.0078846,0.01713,0.040473,0.020256,0.019383,0.051328,0.047989,0.024407,0.035954,0.063261,0.10752,0.23839,0.32852,0.19208,0.02508,0.092921,0.052207,0.058371,0.074253,0.063701,0.030014,0.1155,0.076267,0.3576,0.25554,0.55062,0.62126,0.79477,0.85268,0.29147,0.10834,0.17287,0.098857,0.05588,0.06868,0.13549,0.069333,0.075162,0.065219
2,0.18685,0.029787,0.028125,0.045547,0.08021,0.085817,0.20492,0.30953,0.31592,0.29848,0.35469,0.067948,0.10137,0.29688,0.12159,0.28127,0.41021,0.42832,0.33676,0.35679,0.55773,0.23581,0.50869,0.086635,0.060036,0.10081,0.055322,0.019969,0.016763
2,0.08303,0.15588,0.083158,0.011844,0.11721,0.18666,0.24277,0.20111,0.28771,0.73792,0.36596,0.044467,0.048214,0.56788,0.44301,0.58283,0.4022,0.2978,0.36957,0.058056,0.092844,0.14464,0.18759,0.10052,0.025258,0.019025,0.035751,0.069394,0.066967,0.022696,0.01753,0.023945
2,0.63971,0.10926,0.21967,0.53799,0.12921,0.05161,0.1171,0.23675,0.80672,0.78401,0.79778,0.70057,0.77551,0.79365,0.82171,0.54645,0.5,0.026777,0.010863,0.008139,0.01136,0.0127,0.065664,0.029318,0.022199,0.0099387,0.034147
2,0.28488,0.049451,0.060588,0.071361,0.34092,0.46308,0.48984,0.043485,0.0054448,0.040453,0.061249,0.12292,0.5,0.71715,0.20595,0.62461,0.48149,0.75403,0.60125,0.18597,0.20232,0.29625,0.41352,0.48932,0.088558,0.14553,0.029344,0.065266,0.077576,0.077935,0.13978,0.34424,0.11345,0.074298,0.13731,0.17366,0.10728,0.016076
2,0.035476,0.01613,0.026666,0.024561,0.019362,0.038729,0.078658,0.086886,0.12857,0.10476,0.022341,0.012861,0.11523,0.34896,0.4016,0.5,0.80404,0.63983,0.87847,0.36839,0.5,0.10575,0.06467,0.11326,0.11657,0.13078,0.31283,0.64066,0.73917,0.61922,0.64666,0.039195
2,0.09562,0.028061,0.0070132,0.0092018,0.023866,0.017109,0.040221,0.090779,0.10393,0.27218,0.14594,0.23407,0.19569,0.34425,0.36513,0.57256,0.88854,0.061214,0.35985,0.66448,0.41097,0.82263,0.20677,0.48332,0.19921,0.14256,0.288,0.089965,0.076638,0.1217,0.14227,0.031858,0.013827
2,0.36273,0.037873,0.17579,0.74068,0.84673,0.73987,0.84139,0.86899,0.63398,0.20826,0.27783,0.073823,0.24349,0.58564,0.5122,0.62725,0.52836,0.4436,0.44467,0.4113,0.52514,0.5223,0.26068,0.056309,0.019109
2,0.34265,0.22849,0.2545,0.18562,0.34694,0.26426,0.5,0.5367,0.5,0.56887,0.65315,0.78382,0.87699,0.50721,0.15841,0.34105,0.17292,0.15176,0.13963,0.31519,0.537,0.10679,0.19925,0.18156,0.0094471,0.012549,0.020793,0.02041,0.01867,0.02606,0.023585,0.02172
2,0.42532,0.15118,0.50851,0.55188,0.19914,0.26815,0.7123,0.7969,0.64952,0.034963,0.0088596,0.12347,0.078222,0.039385,0.035348,0.29479,0.010551,0.011306,0.013639,0.010705,0.0077814,0.0158
2,0.069141,0.20287,0.10369,0.060254,0.24457,0.22887,0.27651,0.20105,0.070907,0.035011,0.044966,0.042255,0.048678,0.20898,0.36675,0.55258,0.58904,0.80426,0.27833,0.18482,0.37915,0.51562,0.43531,0.31628,0.077177,0.042379,0.025651
2,0.37313,0.10539,0.082939,0.33149,0.40444,0.33735,0.71536,0.55227,0.46471,0.37556,0.4758,0.49466,0.39059,0.46092,0.10535,0.033539,0.014732,0.0072641,0.011717,0.036151,0.027142,0.029496,0.037182,0.2783,0.23652,0.21568,0.10203,0.036456,0.014583
2,0.48127,0.24687,0.15308,0.3135,0.5,0.23648,0.51147,0.53086,0.56272,0.076628,0.066085,0.095461,0.073388,0.16086,0.12201,0.035418,0.14239,0.17358,0.19098,0.46674,0.32053,0.030842,0.082174,0.058807,0.022716,0.025736
2,0.32944,0.44566,0.85008,0.70154,0.5,0.47501,0.5,0.16992,0.054447,0.016249,0.028924,0.019382,0.020101,0.020102,0.059975,0.025582,0.097072,0.05971,0.042447,0.10873,0.061835,0.030367
2,0.58145,0.65402,0.55552,0.81049,0.84637,0.31564,0.25831,0.51345,0.5,0.12302,0.04729,0.0076989,0.044518,0.028869,0.046794,0.046066,0.042294,0.090627,0.083534,0.19887,0.085635,0.055876,0.05557,0.022398,0.030445
3,0.0048395,0.013071,0.0056635,0.001385,0.0014946,0.0013286,0.00053804,0.00056618,0.00076468,0.0017304,0.0040979,0.0092641,0.0038442,0.0023309,0.0027968,0.0033178,0.0067522,0.024888
3,0.0035145,0.0043637,0.017054,0.017264,0.0071832,0.0009215,0.0019718,0.0022352,0.004932,0.003863,0.01505,0.015515,0.013128,0.0041886,0.0041648,0.0028918,0.0018181,0.0013349,0.0020405,0.001354,0.0010352,0.00077251,0.0014614,0.0031182,0.002885,0.0031691,0.003436,0.00078903,0.0005221,0.00052641,0.0082928
3,0.001318,0.0012065,0.0013235,0.0015109,0.00076455,0.00063323,0.0005662,0.00051749,0.00079716,0.00077804,0.00090724,0.0012379,0.0016533,0.0012837,0.001452,0.0018066,0.001809,0.0018751,0.0012298,0.0046788,0.012467
3,0.0033991,0.0021219,0.0020871,0.0029951,0.0019146,0.001724,0.0019404,0.0019702,0.0022139,0.0013235,0.0012982,0.001622,0.0020774,0.0012668,0.0010794,0.00071296,0.0010627,0.0010633,0.0027939,0.018543,0.011188
3,0.000604,0.00081077,0.0013767,0.00072646,0.0012187,0.00073838,0.00070413,0.0008813,0.0013354,0.0023085,0.0044542,0.010086,0.0090223,0.0097284,0.011567,0.0081829,0.0071376,0.0072126,0.0083005,0.0068869,0.0087582,0.0087326,0.012979,0.0013757,0.0011736,0.00081183,0.0011708,0.0019558,0.0016792,0.0032856,0.0025171,0.0022541,0.0055695,0.0013865,0.0010761,0.0010222,0.00089505,0.0026104,0.012807
3,0.0049602,0.0019635,0.0015784,0.0010502,0.00059784,0.00073336,0.0013913,0.0010479,0.0020385,0.0010656,0.0012149,0.00064956,0.00044793,0.00024646,0.0011375,0.00075267,0.005805,0.0066381,0.0062394,0.0056665,0.0057762,0.0053811,0.0050704,0.00085565,0.00025255,0.00033071,0.0006452,0.0006376,0.00074843,0.0023592,0.0021083,0.0031829,0.0053324,0.0030827,0.0018564,0.0012343,0.0025012,0.0013544,0.0011903,0.0009471,0.00097036,0.00097335,0.00115,0.0050174,0.0065251,0.00097879,0.00085883,0.0010742,0.0044263,0.010918,0.024835,0.019541,0.010072,0.0034225,0.0087752,0.0079063,0.024171
3,0.0023284,0.0017063,0.0035003,0.0012261,0.00055156,0.00047182,0.00064352,0.00035829,0.00078505,0.00098796,0.0016148,0.0029992,0.0022293,0.0014821,0.0033974,0.0026794,0.0025141,0.010419,0.019508,0.016073,0.0038231,0.0013255,0.0013987,0.0012776,0.0016526,0.00085236,0.00088808,0.0017121,0.0017624,0.0019778,0.0011868,0.00089107,0.0010348,0.00091487,0.00074506,0.0010023,0.00082838,0.00095594,0.0016276,0.0012042,0.00086897,0.00072576,0.00086503,0.00067081,0.00058342,0.00057638,0.00080392,0.00076768,0.0019834,0.0010588,0.0025928,0.0051541,0.028897,0.0096412
3,0.0060117,0.0054324,0.0062078,0.0031464,0.0014092,0.00055974,0.00034607,0.00038078,0.00050121,0.00036052,0.00041244,0.00072019,0.00051601,0.00045232,0.00049318,0.00034658,0.00023954,0.00024705,0.0005395,0.0017461,0.0021507,0.0015432,0.001894,0.0026997,0.00068707,0.00052983,0.0006711,0.00049267,0.00075532,0.00079429,0.0023358,0.0012618,0.0037026,0.0035149,0.0028715,0.0025606,0.0021258,0.006092,0.008673
3,0.0049939,0.0038836,0.0051406,0.0038857,0.0033354,0.0037409,0.0035315,0.0034489,0.010733,0.0051131,0.0032623,0.0038957,0.00075911,0.00063786,0.0016508,0.0013367,0.00090602,0.0013941,0.0011066,0.0021603,0.00076256,0.001445,0.0013626,0.004967,0.0015781,0.0096746,0.007614,0.028216,0.061545,0.29394,0.10341,0.0045203,0.0097228,0.029414
3,0.0060273,0.013695,0.0073187,0.0027059,0.0012086,0.0024598,0.0027024,0.0025377,0.0020206,0.0018618,0.0011756,0.00096162,0.0009175,0.00092164,0.0013709,0.000795,0.0011955,0.0014626,0.0014127,0.0018227,0.0011352,0.0016278,0.0015509,0.0028242,0.0028908,0.0015459,0.0024822,0.0027957,0.0025529,0.011297,0.017834,0.0074367,0.0095048,0.016217,0.029912
3,0.00554,0.0061887,0.0094552,0.003737,0.0012901,0.0013257,0.00091923,0.00050824,0.00063683,0.0019701,0.0039302,0.015098,0.0052866,0.0076968,0.0020375,0.0025177,0.0047954,0.025839,0.021171,0.0264,0.029492,0.0018656,0.00080114,0.00090699,0.00050671,0.00031628,0.00028703,0.00063566,0.00046239,0.0006531,0.0010198,0.00070655,0.00042718,0.00066351,0.00087981,0.00092716,0.0044697,0.01313,0.0284,0.030544,0.027419,0.029819,0.015444,0.033177,0.01803,0.0048657,0.0016584,0.0012269,0.00070792,0.0015722,0.0025554,0.0034685,0.0044863,0.0043752,0.003783,0.10074,0.0068763
3,0.0032915,0.0023661,0.0039914,0.0035297,0.0036749,0.0033118,0.0034966,0.0010895,0.00086693,0.00047314,0.00091847,0.0006542,0.00082246,0.0045215,0.0054452,0.005202,0.0056937,0.0062353,0.001395,0.00082513,0.0034187,0.003899,0.0025376,0.0010363,0.0019187,0.0020116,0.0018992,0.0032538,0.0066938,0.0066015,0.0078229,0.0034525,0.0031056,0.0017071,0.0043304
3,0.013097,0.014381,0.011346,0.010359,0.012128,0.0060162,0.0010166,0.0064196,0.0021669,0.0017445,0.0049149,0.002559,0.00053847,0.0017251,0.0013498,0.0029805,0.0014741,0.0011105,0.00092512,0.0014367
3,0.0027012,0.0015201,0.00085589,0.00076046,0.00041521,0.00045388,0.00037999,0.00031197,0.00039477,0.00047399,0.00080027,0.001618,0.0019168,0.0011244,0.0013934,0.0013498,0.0013249,0.0042045,0.016731,0.022189
3,0.0044173,0.0037146,0.0046544,0.0032114,0.0046797,0.0053746,0.0053846,0.0038253,0.0026128,0.0017707,0.0012871,0.0018927,0.0018904,0.0032126,0.0023676,0.0014554,0.0013839,0.0010943,0.0033413,0.0031332,0.0045349,0.0087083
3,0.0011966,0.0018473,0.0036012,0.0087415,0.0070568,0.0065319,0.0062969,0.011532,0.005,0.00031668,0.0002049,0.0001964,0.00031568,0.00032282,0.0066393,0.006217,0.006231,0.008398,0.0098904,0.0098837,0.010382,0.0069451,0.0061426,0.0048351,0.00084842,0.0010977,0.0033169,0.0047585,0.0035952,0.0041325,0.0027113,0.0028338,0.002921,0.0033952,0.0032328,0.0038447,0.00090491,0.00094612,0.00075909,0.0018857,0.017874
3,0.010018,0.0091645,0.011255,0.0086422,0.0054,0.0048879,0.0067634,0.0044137,0.0025752,0.0018705,0.0015756,0.0011132,0.00079306,0.00042295,0.0002291,0.00031832,0.00050103,0.0007555,0.0046132,0.011317,0.0015503,0.0015336,0.0018812,0.0022779,0.0026025,0.0024654,0.0033295,0.0027378,0.0019113,0.0010702,0.0011735,0.00034126,0.00051036,0.00093395,0.0029169,0.0010024,0.0024175,0.0017458,0.0038948,0.0059606
3,0.0019962,0.00049563,0.00070882,0.00080391,0.00024725,0.00026712,0.00048133,0.00067874,0.00042634,0.000974,0.00021866,0.00062586,0.003502,0.0052679,0.0053457,0.03386,0.036484,0.0077823,0.014789,0.013555,0.0044065,0.001032,0.0016223,0.0010065,0.00068753,0.0014363,0.0014457,0.0020884,0.025777,0.007385,0.0053061,0.0056942,0.011694,0.0091855
3,0.010401,0.0028378,0.0013069,0.00059515,0.00042626,0.00063489,0.0011905,0.0023535,0.00099605,0.00058473,0.00062386,0.0012534,0.0018956,0.0052668,0.0074336,0.0086438,0.0022476,0.0041959,0.0072489,0.013528,0.017396,0.017051,0.029671,0.028947,0.031544,0.029746,0.028955,0.025741,0.06273,0.019341,0.0021741,0.0017191,0.0059296,0.0088845,0.0063287,0.0070827,0.0086659,0.013181,0.0040681,0.0018178,0.00091012,0.00090773,0.00055976,0.00072937,0.00073761,0.00088285,0.001803,0.0018364,0.0047764,0.0073275,0.022763,0.027102
3,0.0034306,0.0032593,0.0019528,0.00085295,0.00044005,0.00033773,0.00033242,0.00084823,0.0053608,0.00041541,0.0017309,0.0026704,0.002774,0.004381,0.005562,0.012001,0.003783,0.0020907,0.0030174,0.0019998,0.00067931,0.0011083,0.0014441,0.00044762,0.00819,0.0064433,0.00087447,0.00067418,0.00055733,0.00024163,0.00023403,0.00021861,0.0001809,0.0003537,0.00092159,0.0014258,0.011898
3,0.012294,0.0027432,0.005465,0.003688,0.002228,0.00055526,0.00099056,0.0029051,0.012738,0.02506,0.0098721,0.008512,0.0078949,0.0084818,0.006595,0.0019941,0.03624,0.0022938,0.0021721,0.002927,0.0048863,0.00038266,0.00209,0.0036322,0.0044009,0.009353,0.0041557,0.00090279,0.00044879,0.00037652,0.00029569,0.00048575,0.0011576,0.0034693,0.0051034,0.0052136,0.0061338,0.0064398,0.0085405,0.010986,0.011694,0.012327,0.012993,0.0017612,0.00096058,0.0018047,0.0017755,0.0012564,0.0015537,0.0091415,0.0072766,0.061458,0.049994,0.02349,0.012026,0.0075106,0.0083659,0.0082222,0.0076325,0.0076408,0.020602,0.044015,0.011549,0.0065607,0.0026224,0.0023539,0.0019782,0.0013425,0.0013296,0.0010624,0.00093184,0.0015483,0.0036506,0.010062,0.0017777,0.0067124,0.016957
3,0.00092054,0.00049499,0.00081719,0.00055721,0.00057311,0.00092006,0.0029265,0.0054422,0.002066,0.00086711,0.00030342,0.00034779,0.00052624,0.00059898,0.00052239,0.0010015,0.0027403,0.005188,0.0070968,0.012039,0.02595,0.0022755,0.0018345,0.0013166,0.0015372,0.0019211,0.0082099,0.0033109,0.0014569,0.00036823,0.00030235,0.00053077,0.00078791,0.0011849,0.0045659,0.018753
3,0.0037453,0.0035404,0.014277,0.012184,0.0086237,0.0034328,0.019803,0.0020406,0.00068726,0.0020333,0.0018244,0.004107,0.003034,0.0078208,0.010806,0.0035181,0.0019724,0.0016177,0.0022586,0.0025534,0.0022996,0.016332,0.0019771,0.0012941,0.0011613,0.0016882,0.0036982,0.0062419,0.0033555,0.0024863,0.0014737,0.00085037,0.0020433,0.0020679,0.0018368,0.001586,0.00099888,0.001131,0.0055853,0.0045115,0.0056234
3,0.0011943,0.0025053,0.00079669,0.0007384,0.00040169,0.00058693,0.00055557,0.00046096,0.00073077,0.00054653,0.00069142,0.00042798,0.00088222,0.0015137,0.0016978,0.0025634,0.0022227,0.0012835,0.00040611,0.0015858,0.00086428,0.00070661,0.00030533,0.00025483,0.00032994,0.00035964,0.00028714,0.00014375,0.00021255,0.00023426,0.00027529,0.00079591,0.008055,0.0086578,0.0098086,0.010175,0.012627,0.014218,0.01408,0.0089488,0.0019681,0.00050949,0.00061248,0.00044951,0.00049591,0.0009707,0.0017783,0.0013572,0.0014622,0.00045896,0.0003715,0.0003889,0.00046386,0.00036205,0.00023663,0.00018379,0.00031843,0.0046731,0.010149,0.011123
3,0.0023316,0.00097457,0.00074921,0.00097912,0.0010226,0.0006239,0.00045792,0.00041258,0.00052355,0.00059018,0.001193,0.00074166,0.00098742,0.0014268,0.0022133,0.00074427,0.00083042,0.00095491,0.00067079,0.0006172,0.00030494,0.00041652,0.00073189,0.00090085,0.00067811,0.0013381,0.0014843,0.0018672,0.0027185,0.0020149,0.0085496,0.0035949,0.0051678,0.0075849,0.035074,0.011598,0.010028,0.0078349
3,0.0075473,0.0017032,0.0056583,0.0040888,0.0013047,0.0015456,0.0014811,0.00091389,0.00076345,0.0012495,0.0016357,0.0024528,0.0025629,0.0023464,0.0018735,0.0015602,0.0025419,0.0046957,0.0021099,0.0024076,0.0018936,0.00068653,0.0010329,0.004935,0.0062891,0.011978,0.025617,0.022213,0.017969,0.022066,0.026578,0.023111,0.029145,0.02765,0.031477,0.07048,0.015663,0.016404,0.0070349,0.0019544,0.0010447,0.0036988,0.0033179,0.0063247,0.0073096,0.0069319,0.0031294,0.0022686,0.0049265,0.01269,0.016167,0.020393,0.030967
3,0.0026902,0.0012039,0.0015553,0.0019021,0.0021582,0.00070359,0.00055493,0.00021076,0.00018009,0.00020847,0.00048992,0.00064956,0.010962,0.0084094,0.0079818,0.0094912,0.0065613,0.0067826,0.0048667,0.0033514,0.0029691,0.0049258,0.0025556,0.0025643,0.0033645,0.0031941,0.0036231,0.023591,0.007341,0.0045957,0.0031052,0.00134,0.0045644,0.0039339,0.0033789,0.0010662,0.0010913,0.00063521,0.00081203,0.0013863,0.0020498,0.0010524,0.00078861,0.00098042,0.001164,0.0014616,0.0012311,0.0073577,0.0069207,0.0046356,0.006011,0.0058204,0.0058277,0.00763,0.0082114,0.0008824,0.00097333,0.0017678,0.002061,0.0015386,0.00066724,0.00091522,0.00034828,0.00027726,0.00045323,0.0019854,0.0012272,0.006617,0.0068012,0.001863,0.0015771,0.0015858,0.0016386,0.0033499,0.0019602,0.0032041,0.0097874,0.0087916,0.018675,0.003108,0.014885,0.0073534,0.0087396,0.005306,0.0040631,0.0020127,0.0017881,0.0052307,0.0023212,0.0070561
3,0.0034003,0.00089645,0.00045168,0.00042809,0.00028424,0.00045077,0.0003328,0.00081934,0.00041535,0.00026834,0.00039565,0.0013655,0.0021434,0.018876,0.014446,0.016606,0.029531,0.043771,0.0037146,0.0022893,0.0049904,0.0035911,0.0043501,0.0048221,0.011468,0.035423,0.008731,0.0033854,0.0023038,0.0027229,0.00072408,0.00065203,0.00064472,0.00071502,0.003106,0.0092631,0.015665,0.0082695,0.022276,0.020672,0.02548,0.018822,0.0091005,0.01391,0.012014,0.0053288,0.0048197,0.0022815,0.0029014,0.0023594,0.0029554,0.0018873,0.00048803,0.0017398,0.0013418,0.0017373,0.0058703,0.065171,0.0070646
3,0.0034316,0.0015164,0.0010669,0.00092524,0.013754,0.0030322,0.0099969,0.070461,0.031953,0.0016022,0.0022088,0.0014164,0.00030618,0.00097569,0.00073176,0.0011898,0.0018399,0.0024402,0.0022021,0.0031534,0.00067705,0.00068692,0.001139,0.0011928,0.0018574,0.019951,0.012695,0.014712,0.013171,0.010012,0.010219,0.00967,0.012613,0.0014875,0.00084041,0.0020885,0.0013548,0.00057012,0.00076955,0.00067861,0.00061308,0.0010055,0.0011126,0.0059304,0.0032334,0.0056999,0.020303,0.060308,0.07002,0.053909,0.024289,0.016376,0.0073022,0.0033986,0.0053753,0.0069253,0.0084848,0.0084737,0.0034514,0.0037685,0.0032786,0.0031315,0.0032017,0.0065846,0.0012495,0.0023607,0.0019088,0.010703
3,0.010581,0.024975,0.0037695,0.0084464,0.0026309,0.0032309,0.001399,0.0019652,0.00029264,0.00029887,0.00076012,0.0034829,0.00063161,0.0014083,0.0024695,0.0032014,0.0052702,0.072958,0.015038,0.004521,0.0041976,0.0013701,0.0012628,0.0011574,0.0028038,0.0030128,0.0020809,0.0010682,0.0010277,0.0014457,0.0030295,0.0015781,0.0040135,0.003631,0.003118,0.0074813,0.0067316,0.0045845,0.0081761,0.0090519
3,0.000929,0.0015314,0.0020419,0.002524,0.0018871,0.012679,0.0012806,0.001202,0.0016045,0.0010584,0.0010703,0.0042046,0.0033083,0.0026813,0.0013921,0.0063527,0.0043883,0.014947,0.019329,0.019117,0.010438,0.011256,0.02026,0.02617,0.023923,0.018843,0.023319,0.0024763,0.0030912,0.0016791,0.0012645,0.003817,0.0026832,0.001535,0.0028772,0.0025702,0.0025792,0.010762,0.0053335,0.0013951,0.0013474,0.0010019,0.00082415,0.0013006,0.0063597,0.009498,0.015374,0.0072819,0.013635
3,0.0012966,0.0018061,0.0044141,0.0065066,0.0034471,0.0026128,0.0030422,0.0011749,0.0012092,0.0015599,0.001149,0.0012012,0.0018522,0.0010602,0.0014368,0.0037906,0.0053118,0.00081016,0.001744,0.0018376,0.0029559,0.0025028,0.007286,0.0071995,0.0068806,0.0011844,0.002592,0.0021168,0.0041371,0.0040313,0.0046372,0.0036291,0.0027266,0.0027349,0.0026195,0.0034456,0.0031,0.017569,0.012925,0.0068901,0.0046118,0.0037564,0.0015509,0.0016436,0.0011544,0.00151,0.00063167,0.0006144,0.00050063,0.00045203,0.00037186,0.001018,0.00097074,0.0035225
3,0.00061441,0.00046773,0.00038237,0.00058208,0.00085465,0.0010803,0.0013357,0.0021555,0.0052185,0.0098768,0.031383,0.0069674,0.0031113,0.0021422,0.0022895,0.0013609,0.0028185,0.008724,0.0098158,0.0087124,0.010852,0.011149,0.010359,0.0094231,0.0090308,0.0096063,0.00042532,0.00044257,0.00048106,0.00044437,0.00035823,0.00060131,0.0010496,0.0013536,0.001242,0.00079763,0.00089027,0.0087853,0.009183,0.00076712,0.00077776,0.0014508,0.0020409,0.001849,0.001168,0.0020195,0.0081646
3,0.0030314,0.0040411,0.00061831,0.0009062,0.0006758,0.00080941,0.0028663,0.0013089,0.00076045,0.0013316,0.0015831,0.0021973,0.0013077,0.0015118,0.0015874,0.0014876,0.0024587,0.004872,0.0044457,0.0090229,0.010979,0.002872,0.0017317,0.0028647,0.0020355,0.0018743,0.0019533,0.002045,0.012925,0.0084835,0.010091,0.0014368,0.001492,0.00096144,0.00080692,0.00062157,0.00077981,0.0028028,0.0057795
4,0.061382,0.050704,0.020611,0.0015659,0.0042519,0.0084085,0.0075782,0.0045639,0.0028444,0.0071706,0.0064909,0.0058747,0.0059424,0.0040745,0.0076655,0.0091333,0.01005,0.019945
4,0.057744,0.021139,0.013465,0.010832,0.0019048,0.0061306,0.014966,0.0083637,0.008767,0.0065757,0.0020054,0.0015369,0.0021926,0.001102,0.0013802,0.0012305,0.0062802
4,0.0012106,0.00046227,0.0010097,0.00018415,0.00017981,0.00020984,0.00038227,0.00044807,0.0011826,0.0008556,0.004667,0.0090714,0.05494,0.013371,0.015998,0.049278,0.018818,0.028047
4,0.023596,0.025872,0.021009,0.0012971,0.00063201,0.0012901,0.0017143,0.0016879,0.0014934,0.0025851,0.0038238,0.016549,0.018293,0.013116,0.011859,0.018348,0.0097497,0.03076
4,0.0047367,0.00094549,0.00038547,8.9857e-05,0.0001236,0.0013059,0.0016877,0.0039685,0.0062315,0.050299,0.0091755,0.015506,0.0077609,0.0073654,0.018054,0.021961
4,0.091091,0.048335,0.069526,0.0030971,0.0021805,0.003696,0.019871,0.0096779,0.0026904,0.0081857,0.010018,0.017061,0.010921,0.021012,0.024214,0.045008,0.01496
4,0.03021,0.016816,0.0062473,0.0055083,0.001108,0.0016869,0.0022591,0.0020076,0.0089555,0.005886,0.0080694,0.0046907,0.0042971,0.00082776,0.00094689,0.0018907,0.0037342,0.0078398
4,0.005793,0.0018521,0.00067081,0.00056552,0.0008627,0.00023123,0.00056559,0.0017268,0.0033541,0.016645,0.036822,0.029422,0.033117,0.030453,0.030434,0.028573,0.028526
4,0.015167,0.022634,0.01337,0.0025254,0.0033737,0.0058688,0.0025783,0.00078073,0.0011991,0.001888,0.0033675,0.010485,0.014051,0.015231,0.02127,0.044556,0.010082,0.014688
4,0.0075632,0.0034381,0.00071131,0.001028,0.0014617,0.00037934,0.00089894,0.0021047,0.011555,0.010105,0.0067512,0.0047427,0.0028264,0.0065255,0.018357
4,0.030565,0.0055379,0.0051735,0.0028132,0.00256,0.0027845,0.0025517,0.0051785,0.018643,0.018849,0.0031413,0.0038313,0.0037436,0.0040601,0.012403,0.015794
4,0.0084525,0.003521,0.04281,0.024161,0.0035246,0.0012544,0.0030954,0.0009236,0.0025041,0.0055309,0.0044658,0.00079661,0.0015285,0.0011322,0.00065569,0.00061498,0.0022015,0.010112
4,0.0033784,0.0029685,0.00058164,0.0010273,0.0021732,0.0021178,0.0017492,0.0015605,0.00064929,0.0011819,0.00057021,0.00096604,0.0010634,0.0019775,0.0036689,0.0021753,0.011976,0.040968,0.015836,0.0058801,0.01053
4,0.0088827,0.0024752,0.0020606,0.003729,0.0010407,0.0011969,0.0015477,0.00076444,0.0017734,0.0013504,0.016093,0.071316,0.044648,0.014879,0.0068959,0.012803
4,0.059376,0.02222,0.0053537,0.012885,0.013799,0.0028602,0.0032414,0.015472,0.0061042,0.00089209,0.001039,0.00094925,0.00081961,0.00051659,0.0012021,0.0027355,0.0032145,0.0034057,0.0048371,0.0042388,0.014964
4,0.00098131,0.00084149,0.002343,0.0005459,0.0004101,0.0009412,0.00077106,0.001498,0.0018109,0.0014585,0.00082425,0.0018126,0.0030209,0.0032764,0.0051008,0.015858,0.033029
4,0.00073783,0.00051583,0.00076587,0.00076911,0.00028911,0.0002878,0.00035579,0.0011157,0.0015415,0.00067938,0.00070525,0.00062166,0.00022612,0.00019603,0.00016257,0.00022717,0.00051716,0.00049285,0.001372,0.010709,0.011253,0.005242,0.0075395,0.0020909,0.0012273,0.0012396,0.00059273,0.00096921,0.0031392,0.0011513,0.0071843,0.0046638,0.028025,0.029111
4,0.020229,0.0056986,0.010525,0.008293,0.0016861,0.0013005,0.0018991,0.0017473,0.00065576,0.00093938,0.00063584,0.00087455,0.0017004,0.0028026,0.002555,0.0085326,0.0037435,0.003236,0.0041065,0.0066348,0.0064198,0.0056342,0.0024313,0.0055925,0.0066834,0.024056,0.028386,0.035064,0.01646,0.0077713,0.002694,0.016341,0.018549
4,0.023707,0.011092,0.018401,0.0045112,0.00072085,0.00089881,0.001181,0.0010048,0.00090591,0.0004008,0.00091721,0.0014832,0.0019564,0.0016718,0.0025851,0.0051771,0.0028187,0.0013451,0.0030755,0.0023088,0.0029028,0.0032641,0.0089221,0.0035834,0.0040682,0.0082039,0.014504,0.018287,0.011078,0.014069,0.013325
4,0.010034,0.0034314,0.0039595,0.0035018,0.0016828,0.0019483,0.0010012,0.00074264,0.00020969,0.00071022,0.00024082,0.00020065,0.00055225,0.000586,0.00069851,0.0028641,0.00265,0.0037681,0.00066508,0.0010259,0.00082339,0.001245,0.00084323,0.00039593,0.00068253,0.0010963,0.0024106,0.02439,0.019921,0.011429,0.033374,0.0097766
4,0.0030367,0.0018772,0.002788,0.0052454,0.0076588,0.0076156,0.014157,0.005797,0.0015816,0.00050362,0.00052785,0.00055638,0.0019333,0.0023687,0.0079293,0.011846,0.0043279,0.0032325,0.0026613,0.0028866,0.0018549,0.0030543,0.0014989,0.002844,0.0025132,0.0023881,0.0056102,0.007788,0.0049216,0.018782,0.028793,0.014487
4,0.003308,0.0034996,0.0016189,0.0013092,0.00084924,0.001436,0.0035527,0.0012545,0.0018267,0.0021398,0.0038034,0.0054741,0.0086367,0.011285,0.017493,0.0072004,0.002772,0.0028425,0.0045486,0.0022783,0.016215
4,0.008396,0.0048909,0.0032064,0.0038019,0.002194,0.00072565,0.00081877,0.00053077,0.00077156,0.0022641,0.0024308,0.0035152,0.0025755,0.0015455,0.0013192,0.0025561,0.0022348,0.0021284,0.011921
4,0.0012303,0.0012322,0.00051245,0.00042211,0.0005078,0.000152,0.00014477,0.00011687,0.00055246,0.0018846,0.002504,0.005843,0.0056323,0.0017911,0.0013245,0.0032274,0.0013734,0.0037251
4,0.0085941,0.0065707,0.0031582,0.0014418,0.0013427,0.0012337,0.0028267,0.0020168,0.0021089,0.0017485,0.0047346,0.0051654,0.0036186,0.0027469,0.0052915,0.0031962,0.029558,0.076635,0.040967,0.0022657,0.0012336,0.0014155,0.0022104,0.020449
4,0.003883,0.0022464,0.0033699,0.0031791,0.0070521,0.011732,0.0013659,0.00081887,0.0024561,0.0025649,0.001497,0.00068949,0.0021388,0.0017031,0.00063973,0.00079045,0.0024377,0.0028026,0.0085968,0.0051355,0.0095652,0.0036739,0.0038321,0.0024904,0.014336
4,0.0018913,0.0011217,0.00070505,0.0017506,0.00059919,0.00046889,0.00056123,0.00072089,0.000526,0.0022706,0.0028316,0.0044045,0.0069557,0.0015074,0.0013434,0.0021038,0.0069905,0.0074556,0.028036,0.0073668,0.010119,0.003867,0.0050562,0.034828
4,0.0042784,0.0020246,0.0019337,0.00067842,0.00071713,0.00091465,0.00031964,0.00035772,0.00039563,0.0011634,0.0015634,0.0027894,0.0013716,0.00043977,0.00021141,0.00024404,0.00055393,0.00088282,0.0034608,0.0069139,0.0019152,0.0029493,0.018416
4,0.0032707,0.0016828,0.0014382,0.0013302,0.002623,0.001899,0.0013579,0.00054493,0.0004383,0.0012431,0.00097305,0.00055434,0.001402,0.0023547,0.019614,0.024044,0.017859,0.014177,0.0067772,0.001062,0.00090079,0.0011297,0.0012946,0.00080674,0.002459,0.0038519,0.0042351,0.011088,0.013911,0.031829
4,0.0037221,0.0019318,0.0034239,0.0016227,0.00039918,0.0024441,0.001943,0.0015195,0.0011005,0.0039892,0.0045048,0.00098895,0.0013824,0.0012006,0.0004051,0.00059769,0.0015833,0.0024705,0.00093753,0.0010384,0.00036211,0.00040975,0.00026418,0.00045206,0.0013147,0.0047302,0.0042873
4,0.003237,0.001731,0.0026223,0.0020068,0.00093198,0.0005106,0.00019373,0.00013714,0.00019016,0.00046846,0.00060144,0.0013143,0.00097418,0.0018259,0.00066814,0.0012802,0.0024354,0.0021693,0.000556,0.00048479,0.0005592,0.00082026,0.00095204,0.0012579,0.0027411,0.013596,0.010494,0.031544
4,0.24917,0.116,0.10883,0.040429,0.031979,0.025892,0.011842,0.0032386,0.0055112,0.011979,0.030918,0.085072,0.19202,0.090495,0.080158,0.059262,0.10018,0.099393,0.010894,0.0028915,0.0018266,0.0029785,0.0061046,0.0027293,0.011647,0.0112,0.012853
4,0.07887,0.06388,0.097282,0.027467,0.015098,0.013274,0.016018,0.0068703,0.011271,0.014883,0.030964,0.0057187,0.0022168,0.004341,0.020973,0.020848,0.02249,0.022836,0.035552,0.027077,0.0026296,0.0017087,0.0025075,0.0033107,0.0091278,0.014818,0.021629,0.11023,0.087991,0.027484
4,0.06295,0.012349,0.015385,0.0057935,0.0041905,0.0085018,0.0050113,0.0020629,0.0010159,0.01016,0.017781,0.020629,0.0027706,0.0038958,0.0029416,0.0090081,0.018204,0.025943,0.041227,0.032336,0.047259,0.016284,0.008543,0.0036528,0.0018072,0.001691,0.0035499,0.0084672,0.011714,0.015363,0.011636
4,0.046621,0.017946,0.010887,0.00052246,0.00041577,0.0036921,0.0080569,0.0039952,0.00074524,0.00076917,0.00059669,0.0015071,0.00096495,0.001063,0.00088731,0.00095416,0.0011741,0.0006031,0.00031947,0.00020452,0.00028861,0.00076707,0.00087822,0.0027948,0.0035426,0.0084257,0.013945,0.025958,0.0085973,0.0062291,0.0095055,0.0037296,0.0030714,0.0074573,0.047598,0.018515,0.014817
4,0.037476,0.0077518,0.0081308,0.002107,0.0030505,0.0027237,0.0016843,0.00098148,0.0011052,0.0021816,0.0036002,0.0085833,0.004894,0.001833,0.0005159,0.00073127,0.00093373,0.0027177,0.0082138,0.0055466,0.0085333,0.0062713,0.013435,0.0071646,0.010276,0.036604,0.027703,0.011956,0.0097139,0.0044406,0.0087146,0.0060752,0.0060948,0.0045245,0.011345,0.027576,0.018513,0.028629
4,0.0010497,0.0016973,0.0021891,0.00059392,0.00066135,0.00048024,0.00050133,0.00032405,0.00026274,0.00047653,0.00070678,0.0013798,0.0017074,0.00080557,0.0013468,0.00091664,0.00097427,0.00081828,0.0022173,0.0013338,0.0015723,0.00036636,0.0003607,0.00067846,0.00061207,0.00087222,0.0013957,0.0011658,0.0008275,0.00071984,0.00046588,0.00090697,0.0013229,0.0014957,0.0017295,0.0082036,0.035042,0.020512,0.02722
4,0.043177,0.0057697,0.0074188,0.035987,0.021141,0.005092,0.0089564,0.0032164,0.0073649,0.016943,0.028119,0.21984,0.087815,0.056948,0.010385,0.0061494,0.0039546,0.0033348,0.0020273,0.0024902,0.0031651,0.0027054,0.013032,0.020047,0.022274,0.039294,0.2645,0.058432,0.011108,0.048949,0.042121,0.055615,0.094542,0.20177,0.066805,0.063382,0.042968
4,0.013887,0.0070217,0.013664,0.032004,0.045874,0.09785,0.184,0.12282,0.0071128,0.0033838,0.0027497,0.0043478,0.0046766,0.01429,0.017216,0.016344,0.0046279,0.0031977,0.0019351,0.0036419,0.0046542,0.023018,0.0071408,0.0054814,0.034493
4,0.13516,0.017688,0.0069417,0.012083,0.014177,0.012277,0.043309,0.18563,0.024785,0.0028455,0.0011876,0.00051299,0.001739,0.000997,0.00085744,0.0018579,0.018389,0.010655,0.0032795,0.0045564,0.0036698,0.0016164,0.0011757,0.0032009,0.0036067,0.0057906,0.010153,0.0082916,0.033184
4,0.0070495,0.0026575,0.0014571,0.0050099,0.006242,0.018311,0.0050561,0.023395,0.0090396,0.0015694,0.0008672,0.00051731,0.00084029,0.00067743,0.0023153,0.0059689,0.0072628,0.0090245,0.014861,0.0042317,0.0040816,0.0037975,0.0047708,0.0089654,0.026912,0.02979
4,0.003534,0.0017376,0.0012304,0.00095766,0.00063581,0.00046121,0.00080969,0.0119,0.0052847,0.00084658,0.00098024,0.00052315,0.00036238,0.00057931,0.0010296,0.0015757,0.0028645,0.0023905,0.0024276,0.00098814,0.00054067,0.00075931,0.0022606,0.0028335,0.0067705,0.0052132,0.010193
4,0.0026198,0.00076205,0.00067554,0.0009188,0.0011957,0.0067526,0.0048104,0.0079857,0.0062639,0.0079587,0.0016951,0.0026699,0.0030338,0.0027485,0.010085,0.0016392,0.0014757,0.0021603,0.0063112,0.0038663,0.0044548,0.011135,0.013275
4,0.0005519,0.00052634,0.0012966,0.0010988,0.0013374,0.0019592,0.0021518,0.00097964,0.00053315,0.0013492,0.0020954,0.0012826,0.0013769,0.0021736,0.0040725,0.0027779,0.0022799,0.0049978,0.0044579,0.019788,0.02662,0.0086171,0.037307
4,0.02505,0.0050045,0.016182,0.033997,0.034402,0.033492,0.089408,0.09225,0.014667,0.0074721,0.019409,0.0086242,0.015633,0.031635,0.024083,0.0032127,0.0031091,0.0025685,0.0065783,0.0094641,0.0064834,0.0066639,0.0092953,0.033565
4,0.0094636,0.0016717,0.0014029,0.0040633,0.0012457,0.0014771,0.0050836,0.0042315,0.0017044,0.0013677,0.0019786,0.0019699,0.0026444,0.0051024,0.0033894,0.0024499,0.0029628,0.0055976,0.0078201,0.0055487,0.0091811,0.013149
4,0.00086442,0.00053918,0.00047883,0.00075345,0.00052483,0.0014622,0.0085015,0.014419,0.0015501,0.0013427,0.0015001,0.0010819,0.0012835,0.0030607,0.0038529,0.00095245,0.00058583,0.00046535,0.00047084,0.0006166,0.0018815,0.0048339,0.021607
5,0.17319,0.33974,0.070884,0.0087323,0.00699,0.00257,0.0021982,0.021374,0.07907,0.067064,0.030798,0.028215,0.018783,0.082315,0.16459,0.37802,0.035712,0.25963,0.22396,0.46359,0.64216,0.36377,0.03487,0.031503,0.016134,0.018981,0.031522
5,0.59802,0.021675,0.0065334,0.0050141,0.0051334,0.013293,0.0082031,0.0064087,0.010365,0.0027737,0.00035308,0.00042811,0.066743,0.1523,0.24378,0.58983,0.69652,0.3395,0.023165,0.011765,0.0075133,0.0079171,0.0054609,0.023943,0.014729
5,0.070807,0.025895,0.029709,0.064914,0.12799,0.12094,0.015916,0.17989,0.2596,0.26285,0.015992,0.0095937,0.0085331,0.0023526,0.0054924,0.035486
5,0.0053328,0.025046,0.0062411,0.0021219,0.0017163,0.0022891,0.0012983,0.00089456,0.0056836,0.0070754,0.016011,0.033116,0.01421,0.031286,0.0029696,0.0012474,0.0012919,0.00097614,0.0021034
5,0.017314,0.0088227,0.01402,0.041951,0.047101,0.042456,0.02395,0.022103,0.0067074,0.007124,0.0095105,0.005074,0.0057481,0.0057629,0.0072663,0.0049648,0.00089471,0.0024832,0.0033136,0.011175,0.021942,0.015711,0.029118,0.048363,0.044767,0.082864,0.044988,0.012534,0.0044755,0.0038402,0.0072444,0.0045831,0.013615
5,0.16922,0.26128,0.025633,0.44012,0.60748,0.43294,0.17176,0.035225,0.010982,0.0072225,0.0027766,0.00632,0.0050878,0.0015385,0.0027462,0.002346,0.001707,0.0031519,0.0048716,0.010882,0.0044511,0.0015327,0.0016985,0.0014373,0.00081968,0.001484,0.0038444,0.064678,0.070378,0.062478,0.098404,0.023315,0.0012869,0.001276,0.0013333,0.0013897,0.0016463,0.0025755,0.0019879,0.0031632,0.0060903,0.0031165,0.0020538,0.0042947,0.019787,0.058655,0.18651,0.061897,0.032981,0.015252,0.018102,0.017857
5,0.012699,0.0045684,0.00081831,0.00092039,0.004291,0.0034717,0.0044639,0.050817,0.016528,0.025132,0.06814,0.015338,0.0071461,0.005561,0.011863,0.0036817,0.0047552,0.011064,0.0026362,0.0031708,0.0030087,0.0032734,0.0057568,0.050326,0.21327,0.33244,0.18538,0.033067,0.27518,0.14925,0.21612,0.079836,0.020878,0.0084282
5,0.41517,0.23797,0.10172,0.050717,0.056239,0.084283,0.15651,0.10883,0.087377,0.042162,0.075019,0.064769,0.10897,0.050573,0.038008,0.0044336,0.0041437,0.087674,0.22413,0.051923,0.060642,0.073978,0.038246,0.031371,0.015779,0.015372,0.018433,0.01363,0.11459,0.082193,0.21727,0.25933,0.252,0.19254,0.1082,0.11718,0.049111,0.028273
5,0.023286,0.011257,0.011359,0.020725,0.012504,0.032738,0.035999,0.019942,0.0073829,0.015857,0.0037429,0.0035422,0.0082891,0.0045763,0.0022073,0.0032947,0.0054182,0.0080804,0.012598,0.052012,0.014341,0.052473,0.02445,0.0053858
5,0.0094967,0.0016545,0.0022686,0.0020161,0.003391,0.015607,0.0097243,0.0082255,0.012167,0.0071273,0.0049437,0.0052879,0.0061618,0.0019395,0.0069074,0.011428,0.0031466,0.0022241,0.0041785,0.0055202,0.0011501,0.0014035,0.001553,0.0057483,0.021836,0.097045,0.013632,0.021247,0.014938,0.01929,0.014222
5,0.11379,0.013882,0.004467,0.0046448,0.0022289,0.0031382,0.013215,0.027027,0.061491,0.1577,0.038597,0.0029754,0.00020835,0.00015136,0.00014833,0.00073764,0.00059579,0.0021429,0.0071159,0.0042801,0.011058,0.0045941,0.041046,0.060858,0.15108,0.15047,0.22997,0.35875,0.2596,0.039657,0.060802,0.025713,0.029998,0.06008,0.031233,0.45068,0.059708,0.10024,0.12125,0.042978,0.024953,0.014401,0.019025,0.0135,0.0041985,0.00082099,0.0039267,0.0028019,0.0027161,0.001825,0.0054026,0.011199,0.032344,0.039185,0.052065,0.019748
5,0.22115,0.0044058,0.0025163,0.0015047,0.0015746,0.00065672,0.0019582,0.0036093,0.0033557,0.0050259,0.010966,0.0075328,0.012233,0.10388,0.093243,0.022473,0.011537,0.0078696,0.0032173,0.0010765,0.0024701,0.044818,0.11867,0.12668,0.12068,0.27947,0.029172,0.013928,0.37049,0.2816,0.20137,0.031669,0.35277,0.11929,0.12571,0.26221,0.25882,0.14945,0.050932,0.017811,0.010005,0.015326,0.012271,0.0067153,0.0086403,0.0053685,0.0091718,0.018631,0.011227,0.019562,0.019791
5,0.010695,0.0054541,0.015483,0.0037716,0.0058047,0.010055,0.017967,0.017284,0.0071771,0.010576,0.011823,0.015091,0.019279,0.0065542,0.0054958,0.0066281,0.018197,0.016692,0.066889,0.056241,0.013196,0.010539,0.03258,0.088759,0.28321,0.27119,0.11325,0.030817,0.050149,0.034162,0.033357,0.0049475,0.0012076,0.0006347,0.001677,0.0032551,0.0052906,0.016987
5,0.0019277,0.0017623,0.0022808,0.0016669,0.0014306,0.0013424,0.0013098,0.00055803,0.00069466,0.00087204,0.0040434,0.015615,0.010513,0.011979,0.010631,0.0030403,0.0034509,0.013357,0.0093504,0.003148,0.0018945,0.00072452,0.008034,0.018132,0.019893,0.015301,0.010058,0.0066884,0.011427,0.010029,0.0078337,0.014009
6,0.0055177,0.0014105,0.00092747,0.00074458,0.0012743,0.0017305,0.012565,0.012147,0.0049381,0.0069122,0.086449,0.077274,0.059884,0.13253,0.039156,0.015311
6,0.17338,0.14926,0.15554,0.0077069,0.0014622,0.0022539,0.020579,0.031378,0.030009,0.03506,0.019584,0.0497,0.030863,0.043242,0.039004,0.043275,0.012719,0.016281,0.012461
6,0.0059568,0.0021283,0.0011841,0.00066897,0.00079025,0.0019241,0.0022878,0.0025215,0.0054198,0.012104,0.058156,0.012047,0.026371,0.0081388,0.028993
6,0.15414,0.077885,0.099286,0.0099842,0.0070905,0.00055313,0.0015004,0.0031401,0.048427,0.13538,0.1298,0.059204,0.041321,0.0017808,0.00079674,0.0048606,0.0091282
6,0.15651,0.015605,0.031948,0.019499,0.008043,0.013801,0.01801,0.1604,0.23527,0.39369,0.32097,0.04669,0.022199,0.014995,0.030159,0.0069343
6,0.070336,0.0073648,0.006709,0.011877,0.022727,0.015308,0.021995,0.0053544,0.0020893,0.0025144,0.0027769,0.0032347,0.0098247,0.028909,0.029416,0.025033
6,0.14755,0.033578,0.024168,0.0099645,0.0021194,0.0059127,0.093832,0.39466,0.53564,0.75458,0.85599,0.38688,0.25729,0.059492,0.046599,0.018408,0.037481
6,0.0040586,0.013073,0.017093,0.015135,0.0049782,0.005227,0.0058145,0.0088872,0.004099,0.0011993,0.0011746,0.0047661,0.023836
6,0.029155,0.0086323,0.015594,0.0045439,0.0018941,0.0027566,0.0046969,0.0088545,0.013541,0.029324,0.080749,0.027264,0.0199,0.016667,0.045838,0.050123
6,0.01836,0.0095329,0.017276,0.012162,0.0082136,0.011601,0.018554,0.029635,0.018482,0.014879,0.082689,0.028983,0.011521,0.010996,0.014912
6,0.021566,0.0064096,0.023703,0.036865,0.044099,0.060821,0.011177,0.031549,0.0065214,0.0018335,0.0025115,0.0030289,0.016673,0.032813,0.044772,0.022255,0.022185,0.0081581,0.0053325,0.010851,0.0023155,0.0023318,0.0011438,0.0025394,0.0018832,0.0048915,0.019279,0.050025,0.063684,0.065958,0.14465
6,0.087452,0.024755,0.020495,0.0059932,0.0048027,0.0028445,0.007438,0.0045121,0.032367,0.0045335,0.0062544,0.0027903,0.0038989,0.00084968,0.00086263,0.0032823,0.0026746,0.0017405,0.0024435,0.0046925,0.00735,0.0063313,0.033363,0.016798,0.14441,0.061726
6,0.027396,0.0057919,0.021129,0.018107,0.010822,0.0054539,0.0096843,0.011062,0.0057005,0.0049786,0.0032471,0.01299,0.0077125,0.020006,0.022534,0.017946,0.010623,0.0045625,0.009913,0.022054,0.0047374,0.00089954,0.00076324,0.0010436,0.00085276,0.00058889,0.0006963,0.0021208,0.0087331,0.0034239,0.095497,0.010874,0.016805
6,0.014206,0.0087408,0.0065756,0.0081416,0.019427,0.022641,0.010574,0.0086914,0.0032442,0.0014432,0.0026669,0.0027459,0.0011387,0.0044754,0.0030606,0.0066634,0.014857,0.024623,0.017198,0.033291,0.017869,0.020507,0.016278,0.0036908,0.0051821,0.0092221,0.008787,0.014281,0.027549,0.043258
6,0.10552,0.015668,0.018575,0.013187,0.01346,0.0083491,0.0072835,0.0067611,0.02335,0.025248,0.014842,0.017121,0.0248,0.024948,0.03658,0.011922
6,0.12471,0.0055536,0.013501,0.016487,0.01249,0.0057228,0.0045049,0.0030222,0.0033854,0.012474,0.050712,0.085444,0.21665,0.28603,0.12864,0.029611,0.025012,0.059874,0.033338
6,0.0016733,0.00078237,0.00052331,0.00039609,0.00046206,0.00035806,0.0013105,0.010398,0.010602,0.013801,0.025106,0.037617,0.0075652,0.0076326,0.005101
6,0.020465,0.0041361,0.0027145,0.00080799,0.0011549,0.00097098,0.00030541,0.00045936,0.0019647,0.0039956,0.015868,0.037647,0.071173,0.048249,0.038245,0.029316
6,0.0065207,0.002421,0.0067241,0.007203,0.064147,0.018046,0.018406,0.0058651,0.0067443,0.0025927,0.0012666,0.0032314,0.010388,0.006643,0.0091486,0.0068754,0.0034546,0.011308,0.015144,0.026895,0.11781,0.049565,0.043601,0.010853,0.0023587,0.001877,0.0039599
6,0.1279,0.011449,0.010654,0.024311,0.0042617,0.00229,0.0018093,0.0028532,0.0026807,0.0017557,0.0025052,0.0022933,0.0029119,0.0022078,0.0038492,0.0029969,0.005057,0.013553,0.0072103,0.027889,0.0048444
6,0.0036389,0.0054159,0.019002,0.024849,0.012935,0.01484,0.015516,0.0048501,0.014281,0.016197,0.037543,0.019064,0.016538,0.033137,0.0097084,0.025862,0.064067,0.032787,0.022611,0.01433,0.044458
6,0.041075,0.0071257,0.011329,0.003709,0.0018608,0.0066022,0.0041448,0.0014411,0.0012395,0.003256,0.00677,0.0016446,0.0014462,0.0025334,0.00023998,0.0011903,0.0017075,0.0020943,0.0051223,0.016141,0.0099503,0.015355,0.016822,0.012846,0.012765,0.0029067,0.0064109,0.06129,0.024826,0.019421,0.014648
6,0.11957,0.0078137,0.0066572,0.0037932,0.0015273,0.0057127,0.0044124,0.0073779,0.014273,0.060085,0.022604,0.0080014,0.0050371,0.0039772,0.0056275,0.0068989,0.0029279,0.00095734,0.00058509,0.00070238,0.0022563,0.0037748,0.021553,0.0031659,0.053283
6,0.038686,0.028747,0.019758,0.0076098,0.003517,0.0063065,0.0013671,0.0022214,0.004106,0.011702,0.013673,0.021111,0.0085177,0.01617,0.0281,0.0099584,0.019176,0.0020989,0.00068302,0.0013627,0.00047584,0.00089248,0.0023251,0.010808,0.0085494
6,0.0073747,0.0013652,0.0011551,0.00069191,0.00057664,0.00021844,0.00046499,0.00036576,0.0010058,0.0020686,0.0050345,0.0036242,0.0037381,0.0050082,0.015091,0.0062868,0.0034317,0.0026342,0.0040032,0.00077086,0.0014945,0.0064499,0.01146
6,0.062169,0.03192,0.043399,0.040723,0.047553,0.081542,0.080003,0.018761,0.026662,0.015074,0.0025312,0.015574,0.0073807,0.001693,0.00031259,0.00039055,0.00062915,0.00023074,0.03456,0.071539,0.19395,0.45126,0.56595,0.13001,0.051794,0.031457,0.016697,0.0021361,0.0015453,0.0030729,0.0045956,0.010752
6,0.022311,0.0024877,0.00089283,0.0034356,0.0039496,0.0019884,0.023733,0.013707,0.013728,0.017287,0.019745,0.0044667,0.003931,0.0034795,0.015123,0.007373,0.0027671,0.0020257,0.0031109,0.0013867,0.001579,0.0027688,0.0070275,0.0050344,0.0096625
6,0.0023147,0.0029847,0.0019072,0.0021505,0.0020694,0.0030507,0.0025206,0.017251,0.021622,0.029418,0.061449,0.020453,0.0064385,0.0045812,0.0064406,0.0017074,0.003888,0.0039917,0.0076555,0.02382
6,0.0054287,0.0013448,0.0018846,0.0051418,0.012939,0.022665,0.044194,0.058448,0.064664,0.034164,0.0060146,0.015203,0.035258,0.0057665,0.0052373,0.0034075,0.004961,0.0024525,0.0029544,0.0015331,0.0015035,0.0029587,0.0022992,0.015341,0.022473,0.035164,0.014541,0.019427
6,0.2571,0.066695,0.012945,0.023939,0.013094,0.020486,0.09638,0.044504,0.027679,0.0074167,0.0016008,0.00035602,0.0045145,0.0049372,0.0074445,0.018358,0.052838,0.17142,0.20993,0.061949,0.058615,0.0012397,0.0020742,0.0074769,0.014372,0.014656,0.018552
6,0.0022534,0.00071945,0.00094019,0.0014154,0.0021809,0.0031178,0.0028657,0.002863,0.0025713,0.0016449,0.00071805,0.00061007,0.0015354,0.0010774,0.0031053,0.0010831,0.0049088
6,0.36581,0.16576,0.12707,0.0052261,0.0032083,0.0067453,0.014545,0.030459,0.113,0.43331,0.46064,0.071988,0.013631,0.0051154,0.0037614,0.003373,0.0040458,0.006436,0.0035378,0.013194,0.020992,0.010752,0.011938,0.023709,0.059762,0.051105,0.030717,0.023643,0.018184
6,0.017928,0.0065939,0.012403,0.018097,0.034455,0.012624,0.024712,0.0040388,0.0028523,0.0024666,0.018496,0.017991,0.02626,0.018553,0.016326,0.0037005,0.0041119,0.0068549,0.0010804,0.0038395,0.025272
6,0.001246,0.0017987,0.001797,0.0018254,0.0021634,0.0016864,0.0023537,0.010967,0.021463,0.025637,0.0020603,0.0037486,0.014365,0.011423,0.0059904,0.012876,0.0090598,0.013115,0.001144,0.002303,0.0039039,0.0057899,0.0080081,0.017086,0.014368
6,0.001006,0.0023044,0.00067556,0.00084977,0.0005762,0.00093646,0.0013888,0.00097393,0.0020191,0.0092602,0.0095865,0.012072,0.0077703,0.027697,0.018853,0.011442,0.014803,0.010646,0.0059355,0.0048656,0.0084425,0.0053064,0.0078204,0.0012915,0.0024446,0.0032415,0.0056635,0.012346,0.013684,0.0382
7,0.00044643,0.00036889,0.00052881,0.0001818,0.00016479,0.00040523,0.00050925,0.00054954,0.00048925,0.0010837,0.00069278,0.00078049,0.0031194,0.018933,0.035664,0.030503,0.031366,0.027841,0.027203
7,0.33969,0.056399,0.061165,0.083454,0.0049517,0.00084424,0.0029342,0.0047043,0.0031733,0.0013451,0.0012043,0.00164,0.0014404,0.0023432,0.0027032,0.0087839,0.0058401,0.0042724,0.0074229,0.046371,0.039208
7,0.0094225,0.0015639,0.0016996,0.0019159,0.0026436,0.001945,0.0030813,0.0012335,0.00094875,0.0025969,0.0036622,0.003428,0.0090317,0.024813,0.021341,0.0022794,0.014878,0.038278,0.016334,0.019454,0.0092523
7,0.041434,0.021163,0.018481,0.010357,0.0062175,0.0063368,0.01346,0.0022109,0.0055683,0.00802,0.038399,0.020019,0.019319,0.013969,0.0010958,0.0018933,0.0051615,0.01359
7,0.0091379,0.0024642,0.0013474,0.00025694,0.00028319,0.00025176,0.0014014,0.0038868,0.025716,0.0048817,0.00314,0.00092597,0.0017055,0.0052775,0.0027683,0.025673
7,0.0029892,0.0011804,0.00039601,0.0004208,0.00068174,0.00040141,0.00075105,0.0024828,0.0015685,0.0026066,0.0012924,0.0014185,0.001726,0.0021008,0.002789,0.0066832
7,0.00089407,0.0015085,0.0044756,0.0054402,0.0012557,0.0017256,0.0013158,0.00070634,0.0006839,0.00073029,0.0018771,0.0029681,0.0027791,0.0016951,0.0018034,0.0039312
7,0.010423,0.01408,0.013783,0.0031611,0.0052838,0.0080556,0.003829,0.0025714,0.0044382,0.0015689,0.0011286,0.0012598,0.0010433,0.00060566,0.0016897,0.0015597,0.0013076,0.0010477,0.0010636,0.0012335,0.016145
7,0.0022587,0.0016135,0.0015969,0.0026897,0.00038965,0.00023808,0.00026747,0.00042445,0.00033712,0.00071526,0.0016183,0.0014215,0.0013803,0.0016723,0.0031597,0.010651
7,0.0035171,0.0033771,0.0045266,0.0029324,0.003611,0.005115,0.0037532,0.0043926,0.0024184,0.0013783,0.0014539,0.0039904,0.0013013,0.0018908,0.0026428,0.0047243,0.001542,0.0029921,0.0044951,0.015352
7,0.00853,0.0027962,0.0050333,0.0041139,0.00073221,0.0012461,0.0013565,0.0017987,0.0038478,0.0061944,0.0048203,0.0054585,0.0024013,0.0015922,0.0022157,0.002109,0.0038419,0.0074168,0.0085824,0.0043992,0.006219,0.0027301,0.0038619,0.005325,0.0084519,0.017964,0.025857,0.014448,0.0019476,0.00084384,0.0028174,0.0036313,0.0041213,0.0085665,0.0069271,0.012002,0.030607,0.013637,0.014523
7,0.15647,0.018409,0.012944,0.0022046,0.0026276,0.002276,0.00093833,0.0010851,0.0037525,0.01695,0.050012,0.016059,0.018777,0.0056967,0.0022457,0.002817,0.0035283,0.0032467,0.018714,0.0055286,0.019804,0.012624,0.0060606,0.0012235,0.0019416,0.0038892,0.0027832,0.0065103,0.0055723,0.0040202,0.0012955,0.003502,0.010813,0.018572,0.019563,0.050042,0.054873,0.04078,0.020321,0.10695,0.013577,0.025956
7,0.084914,0.021585,0.034095,0.014338,0.0087444,0.0032808,0.0022368,0.0041598,0.0027475,0.0033797,0.0021627,0.00082484,0.00090628,0.00081834,0.0016823,0.0020186,0.0033451,0.0032622,0.0025927,0.00086951,0.0051262,0.004602,0.0032102,0.0021297,0.0014901,0.0017656,0.0018187,0.0049959,0.014696,0.018133,0.011188,0.008806,0.011315,0.0043678
7,0.0049219,0.0023057,0.0024218,0.0027233,0.0021308,0.0019647,0.0013575,0.0018552,0.0083303,0.0056635,0.0061866,0.033274,0.012547,0.0029355,0.0078832,0.0014222,0.0011421,0.0017842,0.0024513,0.0014411,0.0016129,0.0020129,0.001411,0.0020601,0.0022484,0.0030583,0.0056494,0.012251,0.019397,0.0099761,0.0085259,0.0020567,0.0014974,0.0015935,0.0079413,0.013305,0.019176,0.012944,0.017542,0.025721,0.012576
7,0.0013866,0.0011162,0.0010878,0.0011734,0.0013195,0.0010042,0.0015207,0.0021739,0.0015951,0.00085393,0.00076849,0.00029411,0.00030032,0.000326,0.00041542,0.00028078,0.00078153,0.0011377,0.0011804,0.0030968,0.0023582,0.0037631,0.0022016,0.0019314,0.0027636,0.0033977,0.0049816,0.0026682,0.013331,0.0099112,0.0067981,0.020604,0.018333
7,0.0014128,0.001448,0.00089379,0.0016695,0.0014799,0.0015627,0.0025152,0.0051183,0.00080999,0.0008198,0.0013582,0.0017128,0.0022476,0.0013146,0.0023224,0.002649,0.0020033,0.0051157,0.004441,0.0013669,0.0031508,0.00336,0.0025811,0.0034026
7,0.0054303,0.006074,0.013087,0.0012888,0.0020186,0.00092277,0.00069543,0.0022916,0.00090981,0.00034847,0.00047861,0.00044503,0.00053517,0.0012703,0.00158,0.0024124,0.0051412,0.0056714,0.0049948,0.0041986,0.0010235,0.0044716,0.0020191,0.0022206,0.0052678,0.029655
7,0.0066888,0.00063401,0.00018354,0.00028755,0.00029988,0.00065998,0.00062925,0.00010175,0.000221,0.00013513,0.00024245,0.00025884,0.0004627,0.00065445,0.0011176,0.0019327,0.012495,0.0068769,0.003943,0.02701
7,0.00946,0.0011202,0.00082864,0.0017133,0.00040449,0.00085267,0.00089616,0.00099181,0.00045004,0.0007479,0.0017493,0.0015098,0.0010797,0.0022111,0.0038963,0.0041908,0.0047879,0.0044016,0.0053358,0.0075791,0.0023703,0.0019036,0.0060848,0.0098491
7,0.00078075,0.00078675,0.0011048,0.00084709,0.0013407,0.00051591,0.00050556,0.00053678,0.00079938,0.0012768,0.0015243,0.0029552,0.0018999,0.0048627,0.0034953,0.005007,0.002725,0.0045316
7,0.00076121,0.00081425,0.0013135,0.0016883,0.001889,0.0013797,0.0013418,0.001988,0.00049962,0.0018443,0.00092091,0.00030217,0.00075755,0.00071549,0.00087907,0.0013067,0.0010064,0.0011062,0.0013834,0.0040154,0.0078617,0.0054386,0.071047,0.071427,0.0069808,0.0063517,0.0084142,0.0027908,0.0054803
7,0.0098235,0.0025974,0.0022286,0.0016362,0.0015498,0.0021036,0.0036939,0.0062595,0.0090951,0.010834,0.0042369,0.0023995,0.0021475,0.0021566,0.00053483,0.0015283,0.0027628,0.0029951,0.0011276,0.001242,0.0025197,0.0025071,0.0066482,0.060661,0.10754,0.12822,0.12552,0.035371,0.0033575,0.0030656,0.0030169,0.0023314,0.0035822,0.00337,0.0079507
7,0.00020059,0.00015933,0.00032672,0.00066784,0.0009423,0.0011426,0.00053683,0.00078913,0.00040254,0.00045612,0.00065094,0.00063113,0.00066236,0.00092646,0.0011631,0.001805,0.0085562,0.0064138,0.053878,0.0051692,0.031782
7,0.0013464,0.0013383,0.002548,0.003479,0.0027005,0.0018776,0.0022586,0.0043888,0.0036491,0.0030001,0.0032301,0.0020239,0.002512,0.0011267,0.0021377,0.00093844,0.0015276,0.00039647,0.00067628,0.0011054,0.0016568,0.0040608,0.017248,0.004924,0.00802,0.0058121,0.0059036,0.015535
7,0.012521,0.0038348,0.0044361,0.0012474,0.0010619,0.0040003,0.0015488,0.0018149,0.00070274,0.0008722,0.00044723,0.0017346,0.0013981,0.0021355,0.0023433,0.0012455,0.0012211,0.0028884,0.0044039,0.0050166,0.0064591,0.0070653,0.0053493,0.0017723,0.0027797,0.0030218,0.0050326,0.0056368,0.0064994,0.0057346,0.0089671,0.0071703,0.0095243,0.0050593,0.0098414
7,0.15204,0.014103,0.017191,0.001566,0.0023187,0.0019249,0.0065249,0.0020445,0.0025996,0.0054026,0.0044396,0.0061027,0.015749,0.0071943,0.0020815,0.01095,0.0081046,0.0068135,0.0086061,0.0147,0.023063,0.016734,0.032288,0.005346,0.0058888,0.010303,0.0071359,0.0072257,0.0067515,0.0095146,0.032818,0.042407,0.0030859,0.0056696,0.0059064
7,0.0082589,0.00198,0.0021553,0.0024663,0.0014989,0.0030396,0.0020144,0.00053581,0.00041761,0.00071024,0.0010673,0.0015981,0.0013257,0.00076778,0.00069593,0.00072946,0.0013686,0.00043694,0.00055122,0.00021597,0.00036527,0.0009593,0.0030438,0.0055701,0.0052011,0.0066984,0.012413
7,0.028688,0.0063552,0.0052262,0.0068298,0.0078911,0.0044745,0.01316,0.0069871,0.00084847,0.0008644,0.0014806,0.00078727,0.00065659,0.00056686,0.001603,0.0040002,0.0027716,0.0019527,0.0012146,0.0010898,0.00055316,0.0011813,0.0022939,0.0029472,0.0034842,0.0028077,0.0014057,0.0014335,0.00076939,0.0010748,0.0036076,0.0069296,0.0069144,0.009239,0.055302,0.023842,0.015914,0.051839,0.028008
7,0.027636,0.022079,0.020879,0.0061051,0.002788,0.0017897,0.0019088,0.00098288,0.0021577,0.004874,0.0041859,0.0014524,0.0073677,0.018499,0.019762,0.0062808,0.0050519,0.00066673,0.00086723,0.0009728,0.0056697,0.0075517,0.0041012,0.0028037,0.002499,0.0058094,0.0049607,0.0033565,0.0082189,0.010276,0.0065416,0.0046986,0.0069714,0.0040222,0.0029204,0.0031798,0.0068049,0.03535,0.016738,0.014839
7,0.0075336,0.0054589,0.0066196,0.0064789,0.0024054,0.0012453,0.0012727,0.00031357,0.00092621,0.00030217,0.00039059,0.0014312,0.0012082,0.0010066,0.0029864,0.0019072,0.0019185,0.0014916,0.0017003,0.0014846,0.0032975,0.00091674,0.0009,0.0019685,0.00079168,0.001448,0.0041444,0.00054498,0.00036462,0.00036857,0.00026047,0.00020984,0.00063396,0.0024808,0.0020981,0.0036158,0.0068414,0.0037957,0.012946,0.024736
7,0.005231,0.0041344,0.0051504,0.0061386,0.0029474,0.0026225,0.0094848,0.011005,0.0040419,0.0014763,0.0026361,0.0010722,0.0011878,0.0022823,0.0034673,0.001386,0.0010281,0.0068644,0.0091614,0.0021074,0.0035654,0.0033115,0.0037099,0.0036308,0.0053626,0.0016948,0.001746,0.0010783,0.001199,0.0017858,0.00077059,0.0010031,0.00061349,0.0049679,0.001446,0.0043059,0.011086,0.0073737,0.0097558,0.013202,0.037962,0.029768,0.076205,0.038205,0.016241,0.01539
7,0.033153,0.001912,0.000769,0.0020324,0.0016004,0.0011629,0.0015411,0.00082334,0.00056382,0.00048354,0.001384,0.0025016,0.006253,0.015624,0.011909,0.0029188,0.0022379,0.001174,0.00089994,0.0011719,0.00071452,0.00042859,0.0005953,0.0009743,0.0028404,0.0026889,0.0024023,0.003356,0.0026736,0.017789,0.026172,0.038739,0.060707,0.035115,0.0013898,0.0017607,0.0044059,0.0064715,0.0099675,0.014037,0.033865,0.037169,0.017623,0.021196,0.008055
7,0.0092392,0.014201,0.007301,0.0041128,0.0079303,0.010558,0.030099,0.032064,0.077268,0.043922,0.0043441,0.0017122,0.002113,0.00073704,0.001026,0.0016072,0.0018997,0.003186,0.0021407,0.0026488,0.0018566,0.0046025,0.018173,0.0073237,0.014702,0.0068955,0.0052217,0.0062939,0.006673,0.0048865,0.0077163
7,0.023957,0.010476,0.0074638,0.0033084,0.0090934,0.003767,0.0022719,0.0018385,0.005475,0.0089938,0.0020928,0.0058865,0.0010277,0.00078505,0.00064194,0.00091714,0.0012156,0.0016495,0.0019138,0.001252,0.001599,0.0016157,0.0014436,0.0029872,0.0022367,0.0056732,0.0075124,0.0060575,0.010477,0.022467
7,0.0037145,0.0068403,0.0061511,0.0038872,0.002798,0.002642,0.0060013,0.0053881,0.010942,0.039628,0.019451,0.010294,0.0061736,0.00075166,0.00045804,0.00033402,0.00030665,0.0028457,0.0087842,0.028533,0.12733,0.31387,0.0096106,0.0035305,0.0078962,0.012786,0.0078568,0.0098052,0.0035574,0.00096306,0.0013576,0.0028966,0.0036283,0.0014123,0.0027566,0.0025597,0.0031851,0.006982,0.0098953
7,0.0022193,0.026084,0.011369,0.00090405,0.0010168,0.0079832,0.010216,0.0097051,0.013413,0.018205,0.007658,0.0068274,0.0023492,0.002185,0.0011866,0.001146,0.0014681,0.0014346,0.00090229,0.0014735,0.0022629,0.0070915,0.0032612,0.0033392,0.0038989,0.0046004,0.0019017,0.0020484,0.0033234,0.012439,0.010664,0.008263,0.010177,0.0060833
7,0.018879,0.020558,0.0029634,0.0014621,0.0011798,0.0056133,0.0064213,0.023875,0.050255,0.099324,0.0071693,0.0077841,0.0020788,0.00084093,0.0029688,0.0033541,0.0064072,0.0091555,0.015259,0.0065922,0.0038594,0.0033785,0.0017259,0.0016287,0.0028128,0.003466,0.0054646,0.013253
7,0.0011117,0.00020501,0.00018648,0.00023982,0.0003753,0.00048608,0.0011662,0.0015604,0.0012335,0.0011263,0.001195,0.0010318,0.00065231,0.00072391,0.0023612,0.0021309,0.0046323,0.0099919,0.0067793,0.013291,0.0084021,0.006584,0.0062179
7,0.0020234,0.00075441,0.00069246,0.0010553,0.00088216,0.00082925,0.0020407,0.0038176,0.0060564,0.0062903,0.0032652,0.002674,0.0021261,0.0019526,0.0032501,0.022011,0.0010889,0.0029021,0.0020913,0.0016195,0.0006364,0.0024189,0.0032013,0.0033846,0.0024331,0.0011178,0.0012911,0.00085375,0.00104,0.0015256,0.0019847,0.0073687,0.0096531,0.02555
7,0.0053751,0.0015185,0.0023143,0.0032537,0.0094535,0.0070231,0.010286,0.012773,0.011288,0.0049419,0.0050146,0.0091025,0.0009056,0.0018699,0.0025113,0.0021701,0.00098989,0.00091725,0.0016853,0.0021718,0.0077784,0.010323,0.012578,0.0096018,0.0066295,0.0013448,0.0016276,0.0014904,0.0014659,0.001971,0.028708
