1,0.0049549,0.0013565,0.0052087,0.003421,0.25262,0.38632,0.1617,0.059297,0.018917,0.0037774,0.0034312,0.0049361,0.0090813,0.05326,0.062872,0.18599,0.13559,0.019996,0.0021207
1,0.001819,0.00073423,0.00084194,0.0011594,0.00078475,0.0020992,0.0010474,0.0013792,0.00046328,0.00037658,0.00057325,0.00088712,0.00055512,0.00027646,0.00043892,0.0096271,0.16217,0.018322,0.0022438
1,0.0010612,0.00057764,0.010305,0.06117,0.27639,0.17597,0.12823,0.14516,0.12829,0.059857,0.046872,0.059404,0.12531,0.42631,0.31427,0.25993,0.33621,0.043776,0.0028042
1,0.0032644,0.0016483,0.0015514,0.0015409,0.001746,0.0069929,0.0070599,0.0087703,0.0068047,0.0055455,0.0004081,0.00039803,0.00040655,0.0022929,0.0069782,0.018518,0.20156,0.12713,0.036814
1,0.0015412,0.00059067,0.00055964,0.0001609,0.00061112,0.00038377,0.00043003,0.00071756,0.0026266,0.014005,0.015646,0.2326,0.41122,0.3644,0.047702,0.0031274
1,0.00086004,0.00043802,0.0001689,0.0011574,0.00077711,0.0020361,0.0015335,0.00071809,0.001144,0.0016286,0.004674,0.0025624,0.022746,0.021652,0.021517,0.03225,0.01558,0.006715,0.01366,0.017343,0.0022552
1,0.00038165,0.0017866,0.00062873,0.00072412,0.00060608,0.00046433,0.0019936,0.003623,0.0007762,0.0016863,0.010035,0.042447,0.013007,0.0056632,0.02008,0.082839,0.053267,0.0068531
1,0.0003709,0.0029901,0.0012474,0.00038087,0.00045755,8.8694e-05,0.00042059,0.00049511,0.00054728,0.0010406,0.00077409,0.0010477,0.00098667,0.012164,0.019585,0.0093648,0.0038066,0.0084259,0.023665,0.017864
1,0.0009421,0.00062985,0.00040878,0.00054967,0.00085156,0.0028034,0.00080223,0.00098387,0.0065099,0.0049122,0.0027376,0.0053066,0.0050501,0.0040513,0.0028427,0.039948,0.041504,0.0052322
1,0.0011097,0.00040374,0.00029547,0.00054423,0.00083272,0.0021169,0.0026733,0.002197,0.011492,0.10011,0.083024,0.04085,0.0073776,0.012992,0.054206,0.036935,0.0042979
1,0.0020041,0.0017825,0.001278,0.00051711,0.019686,0.017069,0.0037471,0.0018215,0.00055895,0.00055404,0.0004167,0.0029787,0.022818,0.033519,0.013694
1,0.00063391,0.00060604,0.00076006,0.0018944,0.0028856,0.0026849,0.0020397,0.003975,0.0039809,0.0064531,0.00335,0.0012668,0.0089216,0.10145,0.0026043,0.0035438
1,0.0010645,0.00073721,0.00042241,0.00029429,0.0018733,0.0064237,0.021426,0.011013,0.014471,0.030867,0.034533,0.055521,0.060051,0.15199,0.25394,0.36634,0.27027,0.040383,0.0081906
1,0.00088897,0.00074773,0.0023847,0.005207,0.041125,0.08371,0.11746,0.034811,0.010858,0.0071359,0.0077645,0.0021438,0.0024923,0.0032912,0.0033119,0.0016947,0.0019412,0.0022794,0.0012589,0.0013928,0.0032559,0.021353,0.010925,0.0044825,0.0035169,0.001943,0.0006194,0.001238,0.0028222,0.02738,0.17074,0.25502,0.19385,0.070004,0.0060224,0.0028242
1,0.0034296,0.0012477,0.0022908,0.0036143,0.017484,0.036619,0.12169,0.074785,0.04412,0.0072017,0.0040662,0.0025421,0.0081922,0.0082008,0.0074737,0.0049928,0.0046518,0.0022477,0.041902,0.028919,0.019013,0.050419,0.079615,0.011195,0.0041343,0.011553,0.0058638,0.068062,0.079903,0.08737,0.06034,0.013205
1,0.0013386,0.00086663,0.0016026,0.0015655,0.0046881,0.0050662,0.0057291,0.0049737,0.0055514,0.019981,0.012634,0.0012354,0.0017054,0.0030318,0.0024912,0.0004289,0.00020811,0.00017616,0.00046833,0.00073584,0.00074728,0.0019019,0.00041258,0.012991,0.011343,0.0088042,0.0042627,0.0028552,0.00046443,0.00073426,0.00021253,0.00065185,0.0012753,0.0027957,0.011999,0.018436,0.0069303,0.1554,0.19292,0.004075
1,0.012092,0.014238,0.006693,0.006102,0.005874,0.0045425,0.004301,0.027983,0.046385,0.021633,0.0055735,0.0072739,0.0026152,0.0011401,0.0022683,0.00059256,0.00016396,0.00013489,0.0020302,0.015725,0.0070308,0.0042247
1,0.0033508,0.0011557,0.0016026,0.00069745,0.0028086,0.0047254,0.0037552,0.0023616,0.0021443,0.00054188,0.0019071,0.0026343,0.0011604,0.0006129,0.00029988,0.00044299,0.00037396,0.00029253,0.00014318,0.00020409,0.00015895,0.0010072,0.02034,0.009821,0.0023283
1,0.0054281,0.0025388,0.00081582,0.0009067,0.00084137,0.0004981,0.00069972,0.0015983,0.0033335,0.001475,0.0025337,0.0020193,0.0015185,0.00083267,0.001217,0.00040058,0.00057093,0.011584,0.25293,0.016731
1,0.02215,0.014694,0.012609,0.0087642,0.028556,0.025444,0.011534,0.013557,0.0047778,0.00385,0.0038296,0.016813,0.036528,0.10773,0.059523,0.042261,0.016073,0.0031884,0.0018079,0.00054201,0.0010103,0.0011516,0.0026005,0.0035174
1,0.0048055,0.0011096,0.0010687,0.0022893,0.0023756,0.0031824,0.016425,0.016031,0.0046141,0.010175,0.0054452,0.014207,0.016042,0.027323,0.041597,0.061756,0.19084,0.18124,0.34492,0.54253,0.18813,0.36275,0.099107,0.019491,0.0033168
1,0.018056,0.017978,0.0077157,0.077648,0.043596,0.11688,0.052933,0.0051298,0.0054394,0.0017296,0.0021192,0.0028185,0.0074033,0.0056045,0.015279,0.015812,0.017024,0.002726,0.00096597,0.0014933,0.0027525,0.0018578,0.0094262,0.020709,0.07911,0.0037761
1,0.00053631,0.00069726,0.0015312,0.0018815,0.0024617,0.0024815,0.0017429,0.0025956,0.0050006,0.0076739,0.0068694,0.0094715,0.0083696,0.0039117,0.0015248,0.0053709,0.020515,0.024399,0.010199,0.013115,0.011861,0.020708,0.026052,0.064134,0.13646,0.046307,0.0047422
1,0.0027849,0.001512,0.0032381,0.017276,0.017941,0.014747,0.037811,0.035792,0.029565,0.025379,0.0028633,0.0029946,0.0045228,0.027715,0.55805,0.73683,0.64316,0.23751,0.11656,0.046162,0.062947,0.047491,0.30983,0.25924,0.36562,0.30972,0.27569,0.076061,0.048476,0.028676,0.010925,0.029082,0.0084993
1,0.013647,0.0063928,0.0076834,0.014131,0.0051015,0.0023515,0.0021322,0.0024131,0.00075432,0.00029214,0.0002365,0.00015631,0.00050496,0.0032771,0.0021596,0.027594,0.059318,0.033201,0.022034,0.0087541,0.0022825,0.0020914,0.004525,0.0043477,0.014461,0.028874,0.094954,0.078265,0.12465,0.13204,0.08861,0.017027,0.032395,0.051419,0.0027398
1,0.0024629,0.0009234,0.0019773,0.001045,0.00060725,0.0001062,0.00071632,0.0015285,0.0018472,0.0015908,0.0043268,0.0056968,0.024556,0.022411,0.020799,0.015344,0.008416,0.0088778,0.0042149,0.0018951,0.00055787,0.0033065,0.0049183,0.0038794,0.0020084,0.002129,0.0012931,0.0048312,0.010823,0.047192,0.030246
1,0.0020376,0.0032066,0.002968,0.0030272,0.00803,0.01608,0.0070884,0.0092561,0.0018787,0.00076182,0.00022259,0.00034495,0.00044411,0.00015483,0.0002482,0.00028018,0.00037831,0.00036663,0.00029305,0.0018697,0.0011321,0.00045602,0.0002336,0.00019227,0.0019011,0.0069988,0.0051545,0.011053,0.022069,0.083707,0.072827,0.0042111
1,0.16142,0.46356,0.17761,0.15276,0.057472,0.069691,0.04794,0.053742,0.0098194,0.0017877,0.0024771,0.00095751,0.0017315,0.0010068,0.0028141,0.00052054,0.00065372,0.0023188,0.0039602,0.019804,0.064171,0.16681,0.5,0.058604,0.024619,0.0066719,0.00221,0.0014431,0.001322,0.00091842,0.047822,0.2847,0.4916,0.31853,0.28839,0.050855,0.012121,0.011668,0.0022026
1,0.0025526,0.0085896,0.010287,0.0041404,0.0077568,0.0043496,0.0076535,0.0066207,0.0081187,0.0023604,0.00076497,0.00049084,0.0015067,0.00046618,0.00051473,0.00075847,0.0012034,0.0031799,0.0037577,0.0021518,0.0013322,0.0030566,0.0006207,0.00022497,0.00017082,0.00011988,0.0057406,0.053115,0.028019,0.035617,0.040889,0.15995,0.013816
1,0.00070875,0.00087773,0.0027331,0.0024858,0.0024488,0.001706,0.00054939,0.0066505,0.0033591,0.0012337,0.0012876,0.00071678,0.00087597,0.00049129,0.00046257,0.00050119,8.0897e-05,0.00027793,0.00063043,0.0017886,0.0023147,0.0014004,0.00059748,0.00050448,0.00046568,0.0014968,0.00098303,0.0011388,0.00037976,0.0012065,0.0018016,0.011032,0.012457,0.053341,0.091317,0.25087,0.42711,0.28772,0.040581,0.005825
1,0.0082679,0.004394,0.0060308,0.0040699,0.0029517,0.0021619,0.0021692,0.013272,0.014459,0.013876,0.017715,0.0060657,0.0024068,0.011327,0.011189,0.0022911,0.00011862,0.00020833,0.00036613,0.00096989,0.0041457,0.0059933,0.022821,0.040596,0.021339,0.010009,0.03345,0.12352,0.022344
1,0.053152,0.050202,0.023134,0.033912,0.049983,0.043999,0.0236,0.05573,0.012515,0.0077481,0.0035743,0.0019932,0.00083978,0.0018026,0.0021952,0.00093266,0.00035184,0.00039876,0.0013856,0.025332,0.071549,0.029107,0.03556,0.51755,0.45229,0.021266,0.027025,0.068561,0.143,0.0036157
1,0.090671,0.0049248,0.015266,0.0072825,0.013828,0.0056039,0.0034443,0.0018173,0.00091783,0.0032154,0.010497,0.03012,0.30785,0.066981,0.027606,0.010896,0.0024848,0.0011074,0.0094811,0.00739,0.021177,0.028803,0.041611,0.010076,0.030145,0.17426,0.23075,0.3693,0.22723,0.014811,0.0017744
1,0.0013885,0.00028478,0.00045288,0.00066363,0.00094797,0.00076466,0.00023984,0.00019529,0.0011722,0.0035591,0.0044795,0.0013417,0.0011133,0.001305,0.0010354,0.0017043,0.041172,0.033444,0.025586,0.040107,0.012584,0.0026384
1,0.0038562,0.0017969,0.0022731,0.011284,0.015037,0.016135,0.022292,0.011846,0.0020561,0.0030702,0.0034692,0.0052898,0.0074906,0.0034058,0.0019945,0.00616,0.01749,0.027602,0.052232,0.072539,0.06324,0.011607
2,0.0016919,0.0007693,0.00068351,0.00063778,0.045205,0.017019,0.010321,0.0048344,0.0033227,0.001178,0.0014939,0.0015616,0.0011994,0.0011162,0.0011901,0.0018505,0.0043177,0.0018059,0.0063712
2,0.01323,0.0010272,0.001208,0.0019154,0.0056493,0.0030204,0.01406,0.01986,0.0028587,0.0022251,0.00076362,0.00038106,0.0011675,0.00047574,0.0017415,0.0016581,0.00050205,0.0017194,0.0019906,0.0016143,0.010244,0.0027722
2,0.0013601,0.0018716,0.0015142,0.0068803,0.032158,0.019873,0.0040156,0.0018481,0.0013442,0.0011265,0.00024902,0.0036539,0.0015878,0.0076029,0.15143,0.018519,0.022424
2,0.078532,0.0027248,0.0030188,0.0024216,0.0050325,0.0026303,0.0046531,0.0071767,0.0085749,0.0042886,0.0016485,0.0017038,0.0007691,0.00087869,0.00061746,0.002308,0.00057032,0.00061719,0.00077598,0.0022766,0.046926,0.11639,0.034506,0.0053067
2,0.0026022,0.00047185,0.00026505,0.00030148,0.00050474,0.00038617,0.0013702,0.0014744,0.0051922,0.0046323,0.0028485,0.0031743,0.0032843,0.00035316,0.00055628,0.0011085,0.032514,0.059409,0.012504,0.0021807
2,0.005187,0.004301,0.010862,0.016759,0.01536,0.011379,0.041462,0.005516,0.0098528,0.0052552,0.0053203,0.0036826,0.0041821,0.0017061,0.0017393,0.000581,0.0027492,0.00016076,0.00011998,0.00020226,0.00057761,0.0085801,0.0017541,0.0040648
2,0.067742,0.056293,0.017344,0.01091,0.022966,0.0060618,0.0062851,0.0038328,0.0014178,0.00094395,0.00092053,0.0015939,0.0014993,0.008687,0.0099185,0.025895,0.017704,0.01133,0.011197,0.020802,0.0035873
2,0.041908,0.0064554,0.0071019,0.0019883,0.00077501,0.00059582,0.00057189,0.00083027,0.00080729,0.00040423,0.0044828,0.0058091,0.05409,0.10209,0.0081484
2,0.0011804,0.00050516,0.0012459,0.00058093,0.00031438,0.00026433,0.0002288,0.00052283,0.00077272,0.0007892,0.0040211,0.0034103,0.031259,0.020851,0.11299,0.11596,0.0075231
2,0.0012158,0.00085109,0.0021725,0.0024959,0.0022532,0.0069381,0.0054829,0.001813,0.0018075,0.00085717,0.00039281,0.00022393,0.0010038,0.0038444,0.016484,0.0049979,0.001846,0.0068369,0.022786,0.032339,0.0089899,0.0035249
2,0.0038219,0.0022395,0.0035073,0.0046372,0.0040518,0.011042,0.0023415,0.0011193,0.0015604,0.0012748,0.0011806,0.074956,0.05152,0.11624,0.22833,0.24648,0.0034849
2,0.0017619,0.0010933,0.0006369,0.00039241,0.00091949,0.00034147,0.0003509,0.00039307,0.00034337,0.0040585,0.0026313,0.0069512,0.0088194,0.035999,0.0045098
2,0.00046778,0.00023019,0.0005212,0.001547,0.0017205,0.001053,0.0018775,0.0027234,0.00067319,0.001133,0.00055872,0.00027192,0.00094535,0.00042106,0.00040021,0.000601,0.0005651,0.0029752,0.0016375,0.00098091,0.0036604,0.025499,0.022423,0.0077879,0.0028559
2,0.0091038,0.0042375,0.0017044,0.00037136,0.00035257,0.00050478,0.00033424,0.0011276,0.0011343,0.016229,0.0076857,0.0043989,0.032202,0.12205,0.0089354
2,0.0061632,0.0016542,0.00062001,0.00057473,0.00036508,0.0042376,0.020609,0.0023927,0.0059141,0.0019491,0.001211,0.0024248,0.0021047,0.0015623,0.024785,0.36433,0.77729,0.21133,0.0034453
2,0.050688,0.076031,0.068155,0.038285,0.039252,0.058112,0.013877,0.0082158,0.0014265,0.00026857,0.00019444,0.00019583,0.0010205,0.0036115,0.0044487,0.055539,0.059052,0.026672,0.031657,0.023762,0.019057,0.011287,0.015322,0.00057777,0.00042357,0.00057508,0.0074169,0.022437,0.0016064
2,0.0018923,0.0014953,0.00067982,0.0010167,0.0016234,0.0033826,0.0018733,0.0015674,0.00075256,0.00048593,0.00098513,0.0010624,0.00038846,0.00034302,0.00053007,0.00062896,0.0065487,0.013999
2,0.001204,0.00099508,0.00060284,0.00072894,0.0011022,0.0022858,0.0015223,0.0011906,0.00028435,0.00027722,0.0026262,0.00039067,0.00050391,0.00083619,0.0002934,0.00012942,0.00095391,0.0057398,0.0046461,0.014376,0.0044621
2,0.0061686,0.0027506,0.0024398,0.00061755,0.0012623,0.0037692,0.0012159,0.00082151,0.00076192,0.00080889,0.004942,0.0017737,0.0012509,0.00060554,0.00073428,0.00042954,0.00035477,0.00034402,0.00035216,0.00113,0.00038588,0.00078739,0.0021838,0.0060659,0.037746,0.10229,0.0072612
2,0.0016562,0.00068162,0.00038309,0.00037698,0.00035821,0.0033037,0.0010029,0.0011936,0.0016557,0.0020221,0.00082474,0.00037007,0.00056463,0.001375,0.33068,0.061251
2,0.0017973,0.0010168,0.0005135,0.0009904,0.0013118,0.0015057,0.0012914,0.00059685,0.0003931,0.0007593,0.0011519,0.00074232,0.00099767,0.0030251,0.0011069,0.00060537,0.0012375,0.0025011,0.01628,0.016726
2,0.0018037,0.0017485,0.013795,0.018468,0.019832,0.050521,0.061922,0.09873,0.16529,0.12529,0.15863,0.025778,0.031884,0.0051473,0.014192,0.020894,0.013043,0.013691,0.011076,0.0033118,0.025016,0.12569,0.060242,0.026492,0.0067992,0.0020584,0.0011647,0.0020172,0.00090897,0.00099687,0.0017742,0.0022202,0.018133,0.0056659,0.0030907
2,0.014108,0.0057962,0.0031253,0.002044,0.050548,0.095008,0.060825,0.14891,0.10083,0.10978,0.070387,0.035406,0.016609,0.0054046,0.0018071,0.0035129,0.010725,0.10324,0.099473,0.03951,0.0054947,0.0023366,0.0017874,0.00085644,0.0042441,0.0065088,0.0092607,0.043789,0.0033369
2,0.0011512,0.00083092,0.00056984,0.0008663,0.00090012,0.0028708,0.0019497,0.001678,0.00097483,0.00076961,0.00019479,0.00067052,0.00086342,0.00041046,0.00054183,0.00065912,0.0007146,0.0067861,0.0058821,0.0019324,0.00072941,0.0004013,0.00044435,0.00035093,0.0015185,0.0039189,0.003697,0.02346,0.011974,0.0045399
2,0.0037991,0.0010088,0.00050813,0.00037605,0.00065138,0.0025229,0.040182,0.056204,0.10464,0.12832,0.32029,0.031469,0.066472,0.032231,0.02279,0.0035692,0.0023741,0.00073294,0.00065445,0.00057394,0.0020017,0.0046726,0.025193,0.016343,0.005886,0.0013466,0.0013841,0.00076251,0.0010286,0.01556,0.023276,0.029077,0.082496,0.0091335
2,0.23902,0.034615,0.089105,0.24036,0.20726,0.14221,0.32753,0.29671,0.41262,0.68926,0.60184,0.029417,0.033009,0.026102,0.015532,0.011024,0.059464,0.024686,0.0089786,0.012489,0.0068934,0.002822,0.0030095,0.0013641,0.0009756,0.00078376,0.00032648,0.0015777,0.0020457,0.0081598,0.012407,0.012097,0.05286,0.0066077,0.016548,0.019741,0.012551,0.0046125
2,0.0015729,0.00052711,0.0013244,0.0013514,0.0008847,0.0023152,0.0029146,0.0046083,0.0088028,0.0069382,0.0024504,0.00057646,0.00017736,0.00013171,0.00032916,0.00042805,0.00020971,0.00030547,0.00033021,0.0026546,0.055861,0.055628,0.028928,0.0066053,0.0039985,0.0007576,0.00024307,0.00016148,0.00097866,0.0069677,0.0095441,0.0080973,0.37694,0.12653,0.0073132
2,0.0014556,0.0012563,0.0020491,0.0018936,0.0072682,0.0092161,0.0029626,0.0078333,0.01446,0.022992,0.0066789,0.003112,0.0031716,0.0025278,0.0014332,0.0014828,0.0012646,0.0018417,0.014307,0.030277,0.031679,0.0029989,0.00062426,0.0003289,0.00030356,0.00057803,0.011094,0.23096,0.23839,0.33907,0.036515,0.0039672
2,0.0016167,0.0005254,0.00038364,0.0016038,0.0012558,0.0036811,0.0052822,0.0096296,0.0042534,0.027941,0.015388,0.01658,0.0057979,0.0078967,0.00082404,0.00033221,0.00045404,0.00021288,0.00018063,0.0017146,0.0015642,0.0035741,0.0031637,0.0012466,0.00029917,0.00028921,0.00019516,0.00049087,0.0023591,0.0045561,0.003692,0.033826,0.1311,0.041402
2,0.17992,0.23743,0.20319,0.31522,0.39588,0.28363,0.35864,0.10357,0.058107,0.051897,0.15981,0.48997,0.58641,0.42805,0.10919,0.14129,0.0095211,0.015073,0.0034985,0.0020463,0.0014057,0.0023214,0.0013173,0.0046137,0.015689,0.03987,0.046467,0.049233,0.038203,0.0058309,0.00069453,0.0013668,0.0029068,0.0034122,0.0080481,0.017742,0.014999,0.025008,0.010727,0.009853,0.00262
2,0.24932,0.15534,0.056256,0.0086827,0.0031693,0.010117,0.0052658,0.0052262,0.013796,0.017518,0.0049691,0.0014972,0.0011202,0.0073575,0.0029184,0.0068245,0.0046014,0.0014622,0.00032269,0.00023691,0.00031377,0.0069193,0.0090886,0.0026299
2,0.0077417,0.0049882,0.003024,0.00060262,0.00030166,0.00052335,0.0014916,0.0022002,0.0052031,0.0039645,0.0049556,0.0034603,0.0057265,0.0039606,0.0029281,0.0020741,0.0025816,0.036273,0.61924,0.0094011
2,0.061761,0.073366,0.017876,0.017146,0.0069949,0.0053224,0.0090545,0.036617,0.01433,0.035018,0.007334,0.0094383,0.0074818,0.0045185,0.002436,0.0022276,0.0014974,0.0018848,0.00089796,0.0022957
2,0.0024501,0.004705,0.008265,0.014186,0.0086472,0.014055,0.010482,0.0033053,0.0063359,0.011753,0.015558,0.013523,0.004853,0.0051252,0.0035921,0.0023974,0.0021611,0.0015141,0.00077187,0.00063872,0.0066,0.12011,0.0044038
2,0.0084161,0.0032755,0.0020609,0.001405,0.002602,0.00095151,0.0016433,0.0012655,0.0010899,0.0007982,0.0011561,0.00056586,0.00076141,0.0015557,0.0015874,0.000384,0.00024758,0.00019389,0.0004194,0.044085,0.038932
2,0.0016234,0.00081294,0.0012209,0.00052583,0.0015833,0.0038298,0.00592,0.0042344,0.0039974,0.0041129,0.0017099,0.00052222,0.00060517,0.0002914,0.0004566,0.00076475,0.00062253,0.0012015,0.00036732,0.0017855,0.057569,0.010341,0.0033968
2,0.011386,0.018268,0.022369,0.011811,0.0015563,0.0027951,0.0016857,0.00063991,0.013034,0.011838,0.0204,0.01826,0.014272,0.0077936,0.0038016,0.0029502,0.0013763,0.0010823,0.00044132,0.00058229,0.0059206,0.213,0.020929,0.0050392
2,0.018779,0.0079225,0.0097616,0.033296,0.031541,0.027387,0.013098,0.0036024,0.005544,0.015463,0.0028759,0.0041146,0.0071686,0.0099924,0.0088474,0.0018486,0.0073391,0.0046386,0.0051175,0.072188,0.059581,0.026702
2,0.0054965,0.0027547,0.0011278,0.0012889,0.00057693,0.003867,0.0075279,0.0047387,0.0014804,0.00077347,0.00071975,0.0018933,0.0010199,0.010378,0.013083,0.023898,0.0085841,0.023102,0.11965,0.10409,0.099275,0.11122,0.0036498
2,0.0015875,0.00076221,0.00061711,0.001022,0.0021224,0.0010989,0.0040618,0.0082908,0.0031028,0.0027123,0.0032211,0.0025273,0.0024363,0.0033246,0.0026344,0.0041463,0.0021989,0.0065724,0.0036581,0.0048321,0.066475,0.23013,0.0043752
2,0.0025824,0.00077053,0.0015188,0.00063704,0.00076991,0.0052215,0.017782,0.0026276,0.0023218,0.0027078,0.0018676,0.0008099,0.0089056,0.0079815,0.0074441,0.009318,0.025355,0.017982,0.0099039,0.10194,0.023492,0.009693
2,0.0076197,0.0045092,0.0048566,0.0034088,0.0061739,0.0060077,0.015669,0.025277,0.020446,0.017112,0.089357,0.022896,0.0065588,0.0049065,0.0048224,0.0044667,0.0055574,0.045619,0.031248,0.0041835,0.006847,0.00097547,0.0027805,0.0051175,0.011006,0.006879,0.021679,0.056963,0.013511,0.0048947
2,0.0011089,0.00081222,0.00046709,0.0016335,0.0014503,0.0093575,0.0077434,0.0059215,0.012442,0.0012991,0.0029388,0.0053655,0.005042,0.004018,0.0029015,0.0030089,0.0022528,0.00080332,0.00070815,0.00035496,0.00073932,0.0041008,0.0017471,0.011849,0.010562,0.12464,0.13206,0.003765
2,0.36132,0.14687,0.045794,0.072762,0.090726,0.033073,0.010859,0.0063827,0.011254,0.0024233,0.0019685,0.00035328,0.00031485,0.00016619,0.00019546,0.0029699,0.001771,0.00091564,0.00083924,0.0035009,0.00054979,0.00051448,0.0016106,0.017987,0.029948,0.0062173,0.0077375,0.011776
2,0.00138,0.0010488,0.00034694,0.00030046,0.00094245,0.0030677,0.0033253,0.0012731,0.0006735,0.00029486,0.00024565,0.00058001,0.00078552,0.0011881,0.0013136,0.0015864,0.00053313,0.001103,0.0012341,0.0031618,0.0064259,0.011899,0.014541,0.010026
2,0.018355,0.0060831,0.0013184,0.0012113,0.0011984,0.00055674,0.0013189,0.0030691,0.0045761,0.0052581,0.006248,0.0032124,0.0022837,0.0020204,0.011226,0.076124,0.10611,0.0079157,0.0055273,0.00363,0.002513,0.0014867,0.021473,0.0093669,0.012648,0.025808,0.014469,0.013361,0.0086637,0.0054151,0.0016032,0.0041085
2,0.052214,0.021632,0.12693,0.25884,0.19069,0.075933,0.045941,0.070364,0.063321,0.060369,0.062737,0.023212,0.0019202,0.0018234,0.0021639,0.0037484,0.0035239,0.0036032,0.0016463,0.00091887,0.001456,0.00045106,0.0009507,0.0012798,0.0012795,0.0027614,0.0025111,0.022431,0.0024428
2,0.0029417,0.0011146,0.00069982,0.00059455,0.0013005,0.00069742,0.00065855,0.0011939,0.0007201,0.0052289,0.0026378,0.0033429,0.0027416,0.0029621,0.0012646,0.0043849,0.0022892,0.0016088,0.0013657,0.00078556,0.00019403,0.00053787,0.0015027,0.0023116,0.0042318,0.0047153,0.016634,0.015173,0.0085772,0.024448,0.12336,0.041711,0.001986
2,0.0037802,0.0010823,0.00074948,0.00082372,0.00078426,0.00040717,0.00050547,0.00045678,0.0023111,0.00035859,0.000309,0.00047736,0.0013,0.00092102,0.0017787,0.00064059,0.00019096,0.00022303,0.00025403,0.0002132,0.00010697,0.00026074,0.00018772,0.0010006,0.0061249,0.020141,0.038528,0.0067886
2,0.0031723,0.0033275,0.0019333,0.00561,0.024688,0.014052,0.0049911,0.062015,0.01519,0.011041,0.0039064,0.0015875,0.00069099,0.0043292,0.030943,0.059645,0.04692,0.0086467,0.042349,0.02237,0.025417,0.015722,0.013237,0.0045654,0.0071457,0.045101,0.013985,0.0027293
2,0.0067194,0.0036829,0.0039201,0.0014227,0.00027229,0.00021626,0.0010919,0.0024796,0.0043376,0.0041426,0.0027314,0.0047238,0.0011029,0.014248,0.084007,0.015918,0.02583,0.0302,0.042725,0.072688,0.012919,0.012203,0.034252,0.17915,0.17737,0.019881,0.0040074
2,0.10961,0.054881,0.044357,0.01641,0.01629,0.072778,0.027466,0.031319,0.03109,0.1825,0.10279,0.42402,0.095009,0.041464,0.034142,0.0057668,0.0009774,0.0018335,0.0017878,0.00040642,0.00058003,0.00062719,0.00014598,0.00092452,0.0016705,0.013398,0.0033403
2,0.0061625,0.0050634,0.0060646,0.014166,0.012097,0.019265,0.067418,0.07704,0.086296,0.45783,0.10317,0.12535,0.13095,0.056254,0.0072841,0.0062855,0.014904,0.0047557,0.0086582,0.016349,0.012951,0.00891,0.0084362,0.0048436,0.013259,0.027185,0.048505,0.0093755,0.0022083,0.0017225,0.0009091,0.00093247,0.0046904,0.18456,0.22491,0.079127,0.075319,0.11077,0.023592,0.0070704,0.0039555
2,0.010076,0.0067513,0.019895,0.0088283,0.01156,0.0093706,0.030337,0.052956,0.028579,0.0096117,0.007665,0.001767,0.00064508,0.0012947,0.00026948,0.00016088,0.00056244,0.0010292,0.00053233,0.00044068,0.0003271,0.00049007,0.0026363,0.0032428,0.0011849,0.0010518,0.00019117,0.00016169,0.00030424,0.026738,0.010825,0.0071421,0.0044965,0.015844,0.024059,0.047495,0.010549
2,0.0070213,0.023908,0.021018,0.032217,0.030704,0.044422,0.040066,0.040841,0.037899,0.026249,0.030072,0.017626,0.011183,0.013712,0.017924,0.022488,0.10054,0.035759,0.014759,0.038814,0.070158,0.083911,0.16604,0.10521,0.0080069,0.0013826,0.00038841,0.00049098,0.0010514,0.0030424,0.0054836,0.0055257,0.0055053,0.0051701,0.0052753,0.003954,0.001258,0.00032056,0.00075104,0.000851,0.0017128,0.0029014,0.053623,0.174,0.0081014
2,0.00020511,0.00010015,0.00033916,0.00034468,0.00041291,0.0005311,0.0011765,0.0024049,0.0047913,0.005294,0.0051069,0.014812,0.0044863,0.0035771,0.0029196,0.00048771,0.0010556,0.00073369,0.00073432,0.0003523,0.00035729,0.00057537,0.00039445,0.00048859,0.0018377,0.0011121,0.00053528,0.000891,0.0015571,0.0036114,0.010724,0.051009,0.031437,0.0051325,0.0070128,0.0025424,0.0007849,0.00062203,0.00062754,0.00020987,0.00012306,0.00018823,0.0044762,0.0073112,0.02704,0.0033652,0.0028046,0.0022059,0.00206,0.0022726,0.0052495,0.0013816
2,0.00058113,0.00050879,0.0016842,0.0030489,0.001319,0.00045836,0.0020671,0.0013216,0.0099346,0.0041508,0.0014711,0.0045325,0.0031028,0.0059421,0.0026272,0.0040992,0.00087132,0.0011626,0.00094845,0.0036613,0.0024846,0.0011566,0.0061272,0.010107,0.0033523,0.0014396,0.0013385,0.00039409,0.00025413,0.00022903,0.0050387,0.0068425,0.023159,0.050105,0.047408,0.092465,0.10912,0.061122,0.0060274
2,0.0019811,0.0017345,0.0022698,0.0013434,0.0036968,0.0023259,0.0069305,0.014319,0.0064392,0.014431,0.0084673,0.0037327,0.0023445,0.0015594,0.00022996,0.00015075,5.433e-05,0.00017074,0.00017256,0.00048146,0.00047407,0.00043241,0.00089545,0.00047004,0.00019051,0.00011394,0.00015106,0.00055024,0.0054248,0.020348,0.021134,0.025443,0.03539,0.049339,0.030613,0.011916
2,0.038611,0.0063792,0.0148,0.018021,0.044138,0.066662,0.033176,0.061881,0.012401,0.01541,0.026364,0.044383,0.016126,0.0083844,0.0012567,0.00045751,0.00033379,0.00025928,0.0013083,0.0052321,0.0062908,0.012733,0.038228,0.062758,0.011878,0.0022623,0.020914,0.014687,0.004257
2,0.0028563,0.00095276,0.00041895,0.0018032,0.010242,0.026018,0.018935,0.017239,0.011517,0.0049806,0.0040854,0.0047103,0.0024799,0.0016569,0.00078079,0.00019361,0.00021633,0.001061,0.0055105,0.0088746,0.04565,0.016828,0.014083,0.026807,0.10007,0.007301,0.0050069
2,0.0024375,0.0015264,0.0021998,0.0016927,0.00043959,0.00023639,0.0003701,0.0011097,0.0010259,0.0030633,0.0020302,0.0011012,0.00076158,0.00079909,0.011677,0.0048018,0.00072253,0.00067433,0.0012338,0.0035636,0.0022891,0.00224,0.001436,0.00069548,0.0011929,0.0019326,0.0043295,0.011254,0.044176,0.02534,0.013869,0.025779,0.25247,0.097565,0.021655,0.054619,0.14982,0.062369
2,0.0016186,0.00095102,0.0033826,0.0042216,0.0036342,0.0041504,0.0032026,0.0012449,0.00073792,0.00033074,0.00051338,0.00031211,0.00016776,0.00019502,0.00018544,0.00025224,0.0009658,0.0027218,0.0067327,0.0080629,0.011237,0.011116,0.12816,0.025009
2,0.0090917,0.0032501,0.0047955,0.0031492,0.0018914,0.019817,0.031024,0.027427,0.021661,0.015676,0.0081529,0.010973,0.010155,0.0055413,0.0069762,0.0081116,0.0037251,0.001631,0.00075022,0.0016161,0.0010351,0.0029842,0.0040617,0.0033377,0.0025841,0.0032107,0.0023094,0.0046053,0.003109,0.0037112,0.040445,0.049476
2,0.011844,0.0061902,0.0037678,0.0025579,0.0023223,0.0044203,0.0027016,0.0041398,0.0023882,0.0045635,0.015149,0.014241,0.0032069,0.001149,0.0012199,0.00097863,0.0012387,0.0058591,0.0051628,0.024909,0.0056742,0.0049001,0.056856,0.11423,0.0026589
2,0.0032357,0.0030082,0.0023531,0.0023445,0.0025113,0.0016524,0.00054256,0.00066243,0.00029716,0.0016682,0.019297,0.0021373,0.001137,0.0020692,0.0024742,0.00056929,0.0099377,0.010926,0.0071997,0.057637,0.15391,0.019685
2,0.018287,0.015713,0.015126,0.037182,0.06825,0.11804,0.077853,0.057928,0.0038725,0.0033026,0.0023923,0.011498,0.0421,0.06201,0.017301,0.0026461,0.0013683,0.0013072,0.0020025,0.0017031,0.01041,0.0030591,0.0027886,0.010681,0.086566,0.0086521,0.002129
2,0.002519,0.0013181,0.0016999,0.0003406,0.001091,0.0010183,0.00058849,0.00043239,0.00044726,0.00068328,0.00027422,0.00052567,0.0001367,0.00015569,0.00038209,0.0013654,0.0013338,0.0013949,0.0061129,0.0020914,0.0017759,0.0097489,0.040222,0.022577,0.054541,0.19368,0.083077,0.16549,0.014581
2,0.0013173,0.00094833,0.0023354,0.0010718,0.00076698,0.00076045,0.00069491,0.00016387,0.00012095,0.00048918,0.00085674,0.0036399,0.0024195,0.0014237,0.0025545,0.0042919,0.0016718,0.0021484,0.00081368,0.0004888,0.0011071,0.0015804,0.0055389,0.034475,0.012878,0.005236
2,0.0017347,0.0017573,0.001159,0.0018252,0.0017729,0.0012775,0.00059432,0.00028351,0.00031654,0.00023769,0.0015064,0.00089121,0.00088987,0.00193,0.0027187,0.0011166,0.022067,0.016454,0.0085838,0.16824,0.29289,0.0080817
2,0.0099263,0.0031006,0.0011357,0.0017707,0.0015424,0.00042853,0.00069308,0.0003994,0.00053809,0.0086149,0.0017638,0.0012789,0.0020215,0.0029793,0.0015082,0.017661,0.013668,0.021544,0.049213,0.010368,0.0091592,0.0054293
2,0.0011445,0.0010244,0.00051785,0.00084311,0.001025,0.0022311,0.0020047,0.0006742,0.00066668,0.00092576,0.00026154,0.00062615,0.00079169,0.00085011,0.0016526,0.0024998,0.0029303,0.0090018,0.013803,0.0050695,0.0084774,0.062421,0.0107,0.012994,0.0033043
2,0.0043621,0.0030012,0.0026129,0.0026323,0.001778,0.00045805,0.00032682,0.00020296,0.00011908,7.494e-05,0.00073458,0.0060515,0.0054635,0.0017577,0.00084834,0.00082407,0.00053391,0.00018787,0.00042761,0.0057076,0.0069201,0.0059242,0.0035014,0.0076784,0.020584,0.14113,0.0092997
3,0.089672,0.011952,0.030992,0.10378,0.10975,0.09285,0.074217,0.14733,0.28525,0.77199,0.86055,0.87784,0.64972,0.2442,0.12803,0.060777,0.0099354,0.0029048
3,0.0046794,0.0057474,0.010436,0.12711,0.35026,0.14906,0.096557,0.060438,0.13213,0.17816,0.16519,0.28735,0.48381,0.33202,0.39402,0.20896,0.070102,0.014459,0.0025159
3,0.079211,0.033172,0.050445,0.17292,0.47762,0.42587,0.35435,0.14306,0.033429,0.051769,0.036931,0.052826,0.084954,0.1936,0.16645,0.16042,0.036873,0.019742,0.0051485,0.0039095,0.001969
3,0.015435,0.022394,0.043549,0.34436,0.099269,0.081525,0.45525,0.6176,0.78789,0.45286,0.32084,0.40828,0.20767,0.25544,0.067932,0.011858,0.010065,0.023585,0.022,0.011056,0.0035858
3,0.11301,0.043615,0.017192,0.0042223,0.014876,0.019278,0.0065621,0.0045369,0.00084449,0.0014189,0.0016803,0.0068037,0.021121,0.014415,0.015446,0.010354,0.023071,0.015753,0.026161,0.038905,0.0172,0.0093983,0.04991,0.01598,0.0059266,0.0027556,0.0066974,0.012055,0.0017545
3,0.51632,0.42026,0.029175,0.21642,0.49079,0.53163,0.48939,0.64765,0.57078,0.62997,0.58085,0.53982,0.2517,0.030081,0.0041072,0.002769,0.018752,0.012271,0.0096265,0.0063839,0.0045396,0.25728,0.47889,0.57114,0.65777,0.41836,0.43522,0.24714,0.39928,0.2339,0.2616,0.33567,0.30104,0.36748,0.019451,0.013884,0.0035659,0.012019,0.12176,0.18386,0.41951,0.54837,0.63546,0.46981,0.14603,0.20261,0.31902,0.079977,0.091452,0.12276,0.023808,0.019372,0.0054446,0.0023796
3,0.034343,0.042756,0.026782,0.027607,0.045835,0.077792,0.061283,0.096299,0.13876,0.16429,0.18386,0.35252,0.17232,0.092602,0.1397,0.017158,0.050393,0.077542,0.11652,0.42434,0.51103,0.62284,0.76649,0.42728,0.44441,0.3317,0.1987,0.45827,0.35706,0.42642,0.4603,0.21306,0.043028,0.045058,0.024731,0.0085494,0.0096998,0.012476,0.0043261
3,0.091054,0.060206,0.017947,0.022226,0.010434,0.029596,0.031711,0.042594,0.036522,0.062177,0.04982,0.086439,0.38635,0.22404,0.17546,0.16258,0.15135,0.092952,0.20569,0.09244,0.69596,0.4656,0.47254,0.17131,0.79941,0.29682,0.17045,0.10788,0.025804,0.0045782,0.010662,0.044576,0.018694,0.0022188
3,0.062031,0.0063228,0.016211,0.036658,0.035029,0.048777,0.037444,0.06854,0.28136,0.16633,0.40378,0.27922,0.089476,0.095767,0.18369,0.21408,0.37466,0.55833,0.59752,0.7833,0.78195,0.36534,0.48499,0.16332,0.12695,0.067479,0.069702,0.095242,0.13146,0.22168,0.16313,0.11517,0.031229,0.019516,0.0028727
3,0.30514,0.014363,0.013555,0.0091585,0.067116,0.10215,0.060297,0.15403,0.27544,0.077632,0.17906,0.21916,0.26219,0.24798,0.58613,0.33825,0.42095,0.17361,0.2424,0.20685,0.22657,0.51649,0.25778,0.038664,0.30356,0.3603,0.14877,0.051362,0.010776,0.066051,0.089717,0.18665,0.36562,0.25697,0.24671,0.060769,0.033871,0.011231,0.0028964,0.0010504,0.0015721,0.011876,0.0069644,0.0057774,0.0050787
3,0.13348,0.0061522,0.0051354,0.035231,0.17048,0.1733,0.89751,0.80303,0.83608,0.73883,0.87612,0.85124,0.65827,0.22706,0.15848,0.024721,0.013411,0.0084005,0.014258,0.012327,0.020212,0.02259,0.38307,0.5,0.41372,0.51598,0.41928,0.46796,0.55845,0.75496,0.65289,0.71851,0.6526,0.28249,0.031235,0.020977,0.0031387,0.0063423,0.0083873,0.0091797,0.0094288,0.0081879,0.0047365,0.035222,0.19338,0.57317,0.56176,0.64921,0.69234,0.19099,0.58083,0.66322,0.33592,0.25072,0.27116,0.0057015,0.004835
3,0.010745,0.013325,0.02965,0.032745,0.023562,0.019969,0.02266,0.0037353,0.007076,0.015134,0.017667,0.011574,0.16531,0.089984,0.19232,0.018505,0.0043147,0.0028362,0.018493,0.0011644
3,0.42147,0.64114,0.49129,0.5349,0.68488,0.44215,0.50836,0.27349,0.2791,0.25895,0.077243,0.035449,0.050043,0.018455,0.0050378,0.0040225,0.0038452,0.0064811,0.0053102,0.002399
3,0.053403,0.014924,0.037416,0.11708,0.099017,0.039779,0.029807,0.012081,0.0073533,0.013841,0.020627,0.024881,0.027907,0.0045804,0.008699,0.011246,0.0034498,0.0027625,0.0038489,0.0066939,0.017282,0.0022057
3,0.12339,0.090444,0.026007,0.041871,0.033521,0.017719,0.0062191,0.013051,0.025047,0.051023,0.17585,0.070125,0.14167,0.15639,0.11534,0.12406,0.20202,0.13578,0.23316,0.05717,0.036534,0.11581,0.11872,0.0027286
3,0.0079138,0.0059864,0.010921,0.040795,0.095414,0.035437,0.010023,0.0037059,0.003311,0.0053809,0.017603,0.033046,0.059402,0.1119,0.16266,0.090715,0.040897,0.003739,0.0018777,0.0017175,0.0036012,0.032296,0.044393,0.25793,0.029697,0.05798,0.19968,0.085903,0.045376,0.089052,0.063163,0.075931,0.073644,0.057207,0.02312,0.016989,0.0018742,0.03973,0.06049,0.020946
3,0.43771,0.22113,0.028246,0.035938,0.12701,0.22627,0.12366,0.064219,0.15007,0.068341,0.018468,0.028395,0.068008,0.042872,0.0072645,0.010308,0.015428,0.37421,0.20491,0.51961,0.71653,0.61972,0.56708,0.90021,0.63949,0.59833,0.17774,0.10521,0.03186,0.2269,0.013914,0.13087,0.022362,0.0056886
3,0.33157,0.22464,0.15527,0.026931,0.070523,0.18332,0.2011,0.12774,0.22222,0.083282,0.1316,0.031628,0.11274,0.1712,0.18695,0.19736,0.029851,0.010315,0.019551,0.0074978,0.012555,0.0099408,0.013683,0.015161,0.012802,0.013164,0.0090236,0.010782,0.026101,0.02725,0.38309,0.82102,0.18576,0.060011,0.034551,0.019338,0.044202,0.48105,0.87799,0.75065,0.14361,0.23811,0.63587,0.53926,0.54343,0.24653,0.071857,0.01067,0.006646,0.0065484,0.0033269,0.0029473
3,0.070073,0.027558,0.059694,0.0044331,0.010063,0.02041,0.043889,0.034775,0.017868,0.040629,0.02186,0.011776,0.025598,0.014103,0.014968,0.0072582,0.029669,0.033079,0.0093543,0.0098172,0.033292,0.086669,0.087862,0.3178,0.33196,0.37052,0.38896,0.55075,0.52973,0.17845,0.054901,0.102,0.039763,0.047889,0.024587,0.017389,0.0046131
3,0.034934,0.067579,0.25885,0.061096,0.044543,0.027671,0.25314,0.087496,0.44122,0.31,0.36807,0.4307,0.69149,0.53494,0.08873,0.019891,0.0091725,0.0040221,0.0030872,0.033789,0.14602,0.63071,0.28621,0.59401,0.5833,0.55259,0.38582,0.60333,0.51166,0.44688,0.49443,0.3624,0.32279,0.59565,0.11339,0.0065071
3,0.05896,0.015541,0.0087129,0.010376,0.011502,0.029187,0.085092,0.036792,0.045961,0.027058,0.059551,0.058568,0.042005,0.0053281,0.0040891,0.01421,0.058213,0.26287,0.22254,0.1754,0.093386,0.0078533,0.064295,0.053413,0.12196,0.039289,0.026255,0.0087846,0.028657,0.015425,0.011737,0.0093431,0.006933,0.04089,0.034175,0.008126,0.01493,0.016571,0.0080537,0.015521,0.0068035
3,0.60225,0.54569,0.20289,0.16148,0.18651,0.23281,0.42977,0.44417,0.81997,0.57194,0.76501,0.61525,0.61594,0.10569,0.44574,0.64689,0.6423,0.36552,0.18433,0.069937,0.14895,0.094889,0.57874,0.44502,0.39415,0.42319,0.12103,0.045721,0.016665,0.012276,0.0058421,0.00515,0.0029465,0.0025871,0.0028623,0.0016492,0.0019579,0.0019141,0.0016275,0.00096174,0.0016647,0.010287,0.015075,0.032847,0.40975,0.27643,0.18137,0.60702,0.1106,0.094449,0.18146,0.16052,0.24046,0.27438,0.28031,0.12508,0.021794,0.010433,0.02399,0.0024781
3,0.30067,0.16784,0.091737,0.12697,0.087365,0.034944,0.0092206,0.022585,0.074445,0.018611,0.0084997,0.028924,0.05354,0.077633,0.18662,0.13196,0.046739,0.085156,0.06739,0.14215,0.34852,0.57962,0.59957,0.69151,0.14751,0.074399,0.03484,0.065132,0.13251,0.15903,0.27293,0.33482,0.13621,0.049923,0.015471,0.010796,0.0047349,0.0014502
3,0.67094,0.52128,0.15063,0.33169,0.11724,0.24631,0.69061,0.61879,0.87033,0.47815,0.72458,0.66909,0.78753,0.57886,0.30343,0.5,0.88645,0.83125,0.82579,0.84653,0.75559,0.36491,0.16023,0.014412,0.014532,0.015128,0.012105,0.010964,0.012247,0.011657,0.011429,0.013226,0.0096556,0.012541,0.01814,0.021038,0.43878,0.84055,0.89489,0.46487,0.43873,0.20967,0.07546,0.20323,0.86791,0.8674,0.73283,0.53721,0.23172,0.044374,0.036039,0.039937,0.0048929
3,0.55516,0.54415,0.49001,0.53453,0.8075,0.67897,0.57588,0.29012,0.15307,0.030901,0.039186,0.0087678,0.0068731,0.0033898,0.0038035,0.0034351,0.0053832,0.011621,0.1395,0.3987,0.16748,0.097423,0.060217,0.036646,0.024004,0.032296,0.19455,0.38671,0.34401,0.22398,0.097998,0.06877,0.091839,0.097964,0.037469,0.043479,0.014603,0.0049554,0.0045541,0.0037516,0.003045,0.0029257,0.017889,0.2328,0.62152,0.59402,0.58901,0.48861,0.44892,0.33416,0.28351,0.29865,0.69458,0.65518,0.74424,0.47828,0.29274,0.022503,0.012979
3,0.056678,0.060627,0.019578,0.015602,0.015726,0.0090816,0.0079714,0.0057309,0.0046208,0.022006,0.0086212,0.00271,0.0026765,0.0015196,0.03193,0.04143,0.058177,0.017305,0.01079,0.0063534,0.012471,0.022068,0.0045499,0.0021567,0.0032877,0.059019,0.06793,0.030342,0.027038,0.067518,0.050018,0.021801,0.030856,0.027155,0.060944,0.11527,0.28903,0.38661,0.26601,0.273,0.14027,0.23881,0.02589,0.0054513,0.020022,0.019919,0.013985,0.51111,0.71935,0.10677
3,0.01987,0.0056082,0.015044,0.024031,0.050104,0.083715,0.13101,0.029952,0.079893,0.19972,0.10306,0.12183,0.078742,0.0053876,0.00085535,0.0019255,0.028199,0.030838,0.23853,0.76613,0.90376,0.92424,0.86208,0.71474,0.76688,0.60735,0.16533,0.26187,0.32025,0.50625,0.67391,0.8173,0.53862,0.5727,0.27477,0.021691,0.024825,0.031166,0.01151,0.0039892
3,0.095613,0.025494,0.049675,0.046318,0.015328,0.0051012,0.1272,0.11434,0.16521,0.21429,0.26877,0.47003,0.3288,0.35507,0.11254,0.043047,0.011366,0.0056007,0.0069596,0.0054362,0.0054022,0.0079818,0.00824,0.0070707,0.0041745,0.0037893,0.004153,0.0031088,0.10836,0.17719,0.32042,0.38198,0.60953,0.6814,0.40641,0.23897,0.45287,0.0763,0.050394,0.16168,0.060427,0.076899,0.30957,0.15336,0.20775,0.2728,0.33978,0.055626,0.0077136
3,0.0099285,0.0025901,0.014623,0.018518,0.046348,0.029563,0.009941,0.019192,0.11232,0.15656,0.26334,0.51417,0.40619,0.28702,0.62096,0.77533,0.94916,0.53307,0.046089,0.0022024,0.0019532,0.0015037,0.00092306,0.0009988,0.0010262,0.0050515,0.013995,0.033812,0.031423,0.063218,0.074661,0.22698,0.038935,0.021126,0.011903,0.036725,0.046835,0.11796,0.13196,0.26696,0.011435,0.017784,0.039875,0.097887,0.11503,0.15892,0.3324,0.60823,0.16838,0.034672,0.030988,0.0039986,0.0022742,0.017879
3,0.16889,0.0041269,0.023274,0.017805,0.013104,0.02723,0.026253,0.045694,0.026334,0.11626,0.061308,0.018302,0.065416,0.025875,0.021951,0.0084777,0.0052199,0.0044304,0.0025474,0.0014417,0.0018563,0.0028093,0.067254,0.53815,0.73966,0.75021,0.65486,0.47819,0.075616,0.22293,0.10518,0.12019,0.060169,0.036631,0.012092,0.014935,0.0079763,0.0049596,0.0021512
4,0.25603,0.29834,0.23867,0.25957,0.79455,0.89957,0.91536,0.79975,0.73803,0.38027,0.1211,0.24283,0.10712,0.095605,0.1495,0.3078,0.0087525
4,0.16951,0.17763,0.11396,0.41517,0.16078,0.59719,0.87816,0.83551,0.60244,0.63896,0.36148,0.11815,0.023492,0.052796,0.03697,0.018978,0.010082,0.0048294
4,0.015224,0.022003,0.02402,0.3807,0.053036,0.29347,0.59265,0.37825,0.2112,0.071565,0.18309,0.064401,0.26586,0.31869,0.2414,0.085485,0.083449,0.0042209
4,0.042932,0.083154,0.13107,0.29316,0.43491,0.35534,0.18626,0.06949,0.014689,0.0089497,0.020144,0.027618,0.082306,0.24944,0.010112,0.003238
4,0.25074,0.17345,0.51172,0.78518,0.79641,0.61348,0.66248,0.41323,0.18846,0.05262,0.37513,0.12876,0.0917,0.081232,0.021082,0.0050646
4,0.21704,0.26358,0.1626,0.87501,0.65894,0.43426,0.50901,0.4234,0.46887,0.34735,0.60272,0.38143,0.40395,0.18687,0.021649,0.0031893,0.0027273
4,0.12794,0.167,0.11265,0.28141,0.50556,0.57153,0.38793,0.81743,0.85501,0.79653,0.27,0.081016,0.037312,0.059973,0.051458,0.008078,0.0079683
4,0.16566,0.0070137,0.0090854,0.013768,0.028297,0.012081,0.042505,0.056712,0.33915,0.38369,0.6011,0.72571,0.35877,0.060713,0.077107,0.028683,0.021126,0.0024377
4,0.082458,0.074173,0.23303,0.16444,0.4023,0.5514,0.88982,0.87314,0.8097,0.48852,0.08913,0.12134,0.16526,0.029764,0.0039681
4,0.92218,0.82971,0.55086,0.55742,0.48897,0.34146,0.27834,0.7498,0.65135,0.25954,0.13345,0.060732,0.03067,0.011241,0.026746,0.0021135
4,0.0058164,0.0071376,0.0077624,0.011534,0.0083035,0.0070265,0.22129,0.5064,0.61403,0.65132,0.90667,0.88393,0.15736,0.11945,0.08176,0.0035021
4,0.42234,0.13678,0.0052835,0.0083,0.1958,0.60424,0.8703,0.50998,0.35095,0.099748,0.20421,0.5,0.29835,0.071514,0.1351,0.052508,0.034154,0.0072126
4,0.5,0.67268,0.64901,0.3742,0.74806,0.89007,0.91719,0.90962,0.85101,0.90326,0.81237,0.91624,0.84585,0.8311,0.24793,0.10761,0.03179,0.0079696,0.0061042,0.006292,0.0017647
4,0.27705,0.049131,0.028708,0.17417,0.76899,0.61444,0.49,0.42793,0.59597,0.66407,0.14596,0.011008,0.048707,0.0062645,0.019124,0.0025336
4,0.57508,0.39469,0.090859,0.61226,0.64912,0.56988,0.51655,0.22836,0.23788,0.72288,0.18021,0.088314,0.077697,0.066696,0.016162,0.017732,0.0022675
4,0.22261,0.81595,0.76348,0.94153,0.63613,0.66884,0.5,0.36704,0.59417,0.75982,0.5736,0.31281,0.39745,0.56862,0.3066,0.23071,0.16352,0.22884,0.053151,0.33245,0.46305,0.3024,0.10547,0.20047,0.26128,0.1905,0.011031,0.0031889,0.0036304,0.0037455,0.0024997,0.010366,0.0038649,0.002335
4,0.093954,0.072065,0.070279,0.24374,0.81066,0.89907,0.86873,0.8949,0.84413,0.63404,0.69626,0.70538,0.51548,0.80915,0.7696,0.57571,0.40278,0.86033,0.73373,0.82644,0.81009,0.87036,0.55809,0.23438,0.34721,0.27006,0.31659,0.5,0.39462,0.049582,0.0089082
4,0.012398,0.022529,0.032338,0.5543,0.83997,0.84863,0.67193,0.61362,0.26289,0.144,0.23835,0.18088,0.27114,0.54774,0.7796,0.88838,0.65805,0.61447,0.86285,0.59301,0.59529,0.62542,0.64817,0.42711,0.27077,0.5805,0.19886,0.16753,0.23871,0.30367,0.031453,0.022607
4,0.14076,0.078808,0.061768,0.19055,0.35672,0.61604,0.67393,0.79485,0.7724,0.57067,0.61567,0.77831,0.73756,0.77926,0.55491,0.17666,0.28893,0.51228,0.80779,0.84817,0.78058,0.83735,0.8277,0.43087,0.38187,0.48798,0.2524,0.17723,0.24349,0.061908,0.062362,0.013297
4,0.1644,0.20425,0.08916,0.11449,0.43849,0.559,0.43178,0.55889,0.52422,0.099648,0.021784,0.018753,0.047075,0.34469,0.064168,0.12672,0.053855,0.34541,0.50572,0.8643,0.73476,0.80829,0.4327,0.26197,0.17772,0.1492,0.11202,0.13621,0.2176,0.14736,0.067037,0.0074218
4,0.040927,0.11625,0.15199,0.10943,0.16251,0.27413,0.20472,0.59835,0.71701,0.5,0.34523,0.54004,0.67595,0.41109,0.072388,0.074151,0.13377,0.04386,0.00407
4,0.15066,0.39138,0.10535,0.22751,0.42052,0.36495,0.48048,0.74004,0.69583,0.62381,0.62921,0.46269,0.55844,0.5939,0.70609,0.20141,0.11461,0.27503,0.011921
4,0.4099,0.31081,0.20252,0.12196,0.034568,0.089089,0.14975,0.224,0.30194,0.52358,0.37397,0.36434,0.31894,0.69768,0.14041,0.072289,0.39875,0.011878
4,0.18742,0.41394,0.13218,0.24271,0.21584,0.21471,0.33139,0.54662,0.4478,0.67469,0.53315,0.89463,0.89835,0.91914,0.84289,0.83029,0.54905,0.64532,0.73684,0.64391,0.57566,0.49058,0.33453,0.12963,0.014654
4,0.36751,0.16046,0.54056,0.58312,0.78686,0.5,0.77195,0.84247,0.65332,0.88074,0.85949,0.79492,0.40682,0.87147,0.78049,0.77181,0.72759,0.62547,0.30919,0.11452,0.02974,0.16638,0.028533,0.006403
4,0.39871,0.52133,0.48258,0.69183,0.67732,0.28621,0.42156,0.34194,0.3167,0.69216,0.9242,0.84983,0.69186,0.87849,0.40077,0.63322,0.40207,0.095353,0.092143,0.059463,0.034043,0.010742,0.0025251
4,0.17611,0.63454,0.70052,0.5168,0.65996,0.33687,0.10084,0.32031,0.3675,0.60416,0.80441,0.7816,0.44642,0.34442,0.67956,0.24571,0.36389,0.29303,0.5,0.24044,0.36839,0.038191,0.043553,0.011322,0.0051521
4,0.70873,0.48581,0.45581,0.928,0.73221,0.40438,0.56428,0.81848,0.68583,0.44322,0.27225,0.2181,0.22752,0.12814,0.26414,0.42591,0.30887,0.4641,0.55146,0.62969,0.75384,0.79837,0.72346,0.76675,0.52518,0.18579,0.043139,0.013004,0.0037236,0.0045659
4,0.41419,0.20841,0.042841,0.060997,0.34579,0.23673,0.43131,0.53341,0.18043,0.28889,0.24177,0.2302,0.41001,0.53194,0.92335,0.94707,0.86691,0.80859,0.92552,0.90507,0.96195,0.95935,0.87048,0.61311,0.88107,0.089903,0.014737
4,0.75645,0.45246,0.4156,0.21966,0.16769,0.19665,0.42235,0.45451,0.37093,0.30668,0.35427,0.48499,0.67053,0.36363,0.77215,0.78689,0.6751,0.54131,0.79501,0.79537,0.6345,0.81659,0.31782,0.16221,0.17095,0.027769,0.0025971,0.0016875
4,0.67171,0.44367,0.54126,0.80509,0.56943,0.28734,0.49182,0.21996,0.18652,0.46834,0.4423,0.66627,0.26792,0.332,0.71394,0.6145,0.63979,0.76105,0.63118,0.88093,0.75623,0.6334,0.22105,0.070056,0.035292,0.025425,0.0056447
4,0.24681,0.086905,0.023044,0.078481,0.21307,0.16936,0.2412,0.31402,0.33746,0.061835,0.020715,0.0044206,0.0054067,0.01728,0.0099375,0.010465,0.054863,0.013215,0.0027023,0.027911,0.045766,0.1108,0.18011,0.15402,0.11902,0.070124,0.095173,0.013774,0.016402,0.0047337
4,0.041258,0.030226,0.03109,0.042089,0.0088629,0.026831,0.15057,0.24996,0.24069,0.20753,0.15953,0.15201,0.46498,0.52325,0.67634,0.62228,0.341,0.12317,0.40512,0.33113,0.55467,0.59684,0.47061,0.33726,0.2844,0.103,0.1722,0.0052127
4,0.56182,0.61371,0.37179,0.073145,0.071386,0.059551,0.35313,0.51586,0.57845,0.56688,0.52434,0.4836,0.3512,0.052596,0.022146,0.027859,0.017249,0.037335,0.52623,0.25189,0.51879,0.60531,0.65395,0.23922,0.34515,0.097101,0.17925,0.29604,0.30712,0.701,0.6526,0.52051,0.63318,0.31929,0.12423,0.0072923
4,0.058249,0.023284,0.076882,0.74246,0.47692,0.44783,0.62507,0.72292,0.88589,0.6509,0.71413,0.65783,0.57705,0.2256,0.33948,0.69673,0.50647,0.53171,0.38953,0.2101,0.11705,0.20554,0.37815,0.21957,0.38231,0.35664,0.15137,0.14594,0.73587,0.95185,0.91041,0.84912,0.82797,0.50731,0.22775,0.10576,0.0048646
4,0.54345,0.42033,0.66618,0.88892,0.68432,0.5194,0.64726,0.87727,0.95282,0.96826,0.97828,0.91652,0.80485,0.49074,0.22786,0.57876,0.68282,0.7615,0.52763,0.132,0.039595,0.29315,0.39026,0.47264,0.48251,0.6326,0.41881,0.48501,0.52526,0.71496,0.57263,0.62481,0.33257,0.20392,0.19389,0.32308,0.12633,0.058982,0.004312
4,0.88006,0.88538,0.4521,0.18604,0.11006,0.2307,0.075882,0.49297,0.58711,0.17565,0.28929,0.20591,0.31678,0.40314,0.54805,0.53376,0.36789,0.37102,0.25306,0.20103,0.2662,0.26278,0.5326,0.66134,0.7614,0.53058,0.050679,0.5,0.92555,0.87686,0.88663,0.56929,0.073347,0.031499,0.009611,0.0045109,0.0023907
4,0.52887,0.36155,0.19001,0.046542,0.031205,0.026715,0.013293,0.025886,0.83408,0.69227,0.60311,0.53781,0.45591,0.44229,0.28393,0.28704,0.86538,0.78583,0.78415,0.5,0.45713,0.13537,0.01754,0.011012,0.0020683
4,0.061367,0.058642,0.033233,0.14623,0.11902,0.2657,0.29035,0.25492,0.34158,0.52438,0.47212,0.37256,0.063399,0.055871,0.056002,0.0094656,0.08923,0.58603,0.6642,0.73229,0.89191,0.78969,0.65049,0.64529,0.24284,0.058291,0.0058984
4,0.15126,0.14551,0.14916,0.12864,0.24081,0.087173,0.18655,0.058219,0.53035,0.48067,0.33791,0.72173,0.58536,0.73784,0.32893,0.15149,0.40412,0.63972,0.53013,0.86218,0.62477,0.37729,0.1997,0.088572,0.021204,0.0067043
4,0.64299,0.67474,0.16571,0.74138,0.56505,0.38669,0.49148,0.20419,0.58501,0.70169,0.79161,0.81725,0.71288,0.44182,0.34514,0.47782,0.61992,0.4155,0.52457,0.22513,0.39851,0.12034,0.092603,0.090744,0.1339,0.18027,0.011027
4,0.44597,0.3017,0.57442,0.59371,0.37998,0.026072,0.030558,0.015347,0.075302,0.2878,0.88149,0.80519,0.66571,0.76612,0.586,0.53223,0.46124,0.10873,0.037011,0.19841,0.078522,0.0098073,0.0027424
4,0.51655,0.65584,0.75779,0.93752,0.80274,0.22652,0.084365,0.15968,0.19903,0.11395,0.089766,0.061557,0.021026,0.036925,0.099091,0.094564,0.46313,0.24762,0.15099,0.095306,0.042523,0.0076024,0.0028167
4,0.91893,0.88381,0.8981,0.73966,0.50511,0.58647,0.34598,0.23883,0.58427,0.94649,0.91969,0.89998,0.8997,0.71178,0.56471,0.30431,0.2091,0.20927,0.43382,0.042167,0.019157,0.0030833
4,0.059428,0.058877,0.15848,0.33616,0.43528,0.32959,0.21813,0.0658,0.015778,0.031552,0.53413,0.53712,0.8778,0.7689,0.89971,0.70243,0.44367,0.27723,0.38291,0.16112,0.20206,0.13622,0.072478,0.0061164
4,0.96698,0.9791,0.99399,0.94676,0.90736,0.81532,0.35117,0.24917,0.52794,0.96151,0.97613,0.94624,0.64588,0.61442,0.37525,0.22803,0.085366,0.18373,0.2666,0.29391,0.061226,0.022497,0.0027814
5,0.017941,0.0213,0.0040897,0.0036243,0.0087263,0.019982,0.051068,0.0061518,0.01586,0.012293,0.0085478,0.0031551,0.0028845,0.001483,0.0019212,0.0013826,0.0012149,0.0016766,0.0012682,0.0016501,0.0015578,0.0024644,0.071182,0.068336,0.021406,0.012952,0.0040002
5,0.037681,0.0098232,0.025486,0.027245,0.23395,0.1682,0.11865,0.0071866,0.0023032,0.00095109,0.00034852,0.00030551,0.0085208,0.01707,0.072845,0.15456,0.037694,0.017444,0.00245
5,0.0080414,0.0046268,0.0024232,0.0067651,0.005756,0.34986,0.059724,0.085437,0.038104,0.036103,0.020197,0.022891,0.0066622,0.0026919,0.0009844,0.0018066,0.026264,0.076419,0.24291,0.53389,0.17795,0.027651,0.20898,0.0040159
5,0.0089637,0.0014298,0.0005219,0.0006983,0.00093066,0.0025164,0.0021417,0.0033866,0.0011838,0.00026478,0.0025857,0.0041938,0.0023907,0.0027053,0.0008595,0.00053465,0.0003447,0.00079514,0.074451,0.32058,0.34308,0.52249,0.24894,0.0055276,0.0028682
5,0.0051392,0.0095151,0.011687,0.0050662,0.0034345,0.0025257,0.0093024,0.0094052,0.017947,0.011771,0.08369,0.029922,0.01966,0.22498,0.023295,0.0055296
5,0.010605,0.0049019,0.0074792,0.027774,0.033315,0.01979,0.052039,0.054882,0.033446,0.01994,0.027742,0.028725,0.090022,0.05691,0.01636,0.0022723,0.030017,0.0044685,0.0074872
5,0.013442,0.0085798,0.0017585,0.0053441,0.022086,0.061597,0.24741,0.25479,0.17096,0.13037,0.045954,0.075358,0.1542,0.11374,0.26043,0.077909,0.096363,0.14646,0.14406,0.46252,0.41721,0.3404,0.23694,0.58504,0.32912,0.28628,0.27726,0.083403,0.038646,0.061989,0.011295,0.018435,0.0048772
5,0.0003948,0.0049592,0.0021568,0.0023861,0.0025788,0.0028109,0.011861,0.014147,0.025946,0.10898,0.044026,0.03296,0.086291,0.042889,0.058245,0.17771,0.10112,0.25682,0.222,0.072889,0.022847,0.0028507
5,0.013095,0.0028807,0.0072189,0.0012356,0.037601,0.048335,0.26758,0.42255,0.49102,0.38009,0.36361,0.1457,0.16353,0.021649,0.0071007,0.0020305,0.0012604,0.0031785,0.0019782,0.01163,0.0027859,0.0015299,0.01566,0.58187,0.47185,0.67248,0.44995,0.20788,0.048119,0.04573,0.0079314,0.01475,0.019432,0.013638,0.047025,0.031049,0.092837,0.10038,0.11338,0.060943,0.039403,0.0053365
5,0.046699,0.048876,0.00282,0.0048426,0.00079286,0.00073346,0.00057504,0.0095202,0.028341,0.034365,0.027051,0.054765,0.39911,0.41797,0.033223,0.0058576,0.0039148,0.00044438,0.00057514,0.0037551,0.015118,0.027458,0.040673,0.15746,0.027946,0.029222,0.070518,0.005454,0.0077192,0.0023908,0.0012927,0.00085254,0.0023987,0.0025661,0.020014,0.078039,0.23185,0.24305,0.082003,0.06778,0.024787,0.014133,0.0044958,0.0011348,0.00038523,0.0010386,0.0012523,0.0057096,0.006463,0.011846,0.0081431,0.0046571
5,0.012674,0.0075935,0.0029811,0.012234,0.013481,0.10325,0.24198,0.23124,0.028105,0.0085172,0.0065727,0.022025,0.014705,0.01684,0.010063,0.0070244,0.0072161,0.0073404,0.0091442,0.031184,0.0042499,0.0047121,0.0016928,0.001886,0.0026967,0.0019906,0.0019949,0.0025383,0.0022644,0.0044806,0.0066351,0.13136,0.34708,0.0059686
5,0.018502,0.01374,0.0062342,0.22504,0.13041,0.19677,0.025744,0.019186,0.0078688,0.0047222,0.0053996,0.031019,0.039219,0.11691,0.040098,0.021551,0.060591,0.02048,0.0019703,0.0029363,0.0017174,0.0025095,0.0014731,0.0023296,0.0031337,0.0015024,0.0027985,0.0025297,0.00089028,0.00044908,0.00011277,0.00033331,0.0036929,0.005365,0.0036052,0.021909,0.07033,0.00473
5,0.014151,0.011353,0.026238,0.10211,0.084882,0.061217,0.021337,0.01289,0.0046968,0.006369,0.012065,0.016209,0.019359,0.042689,0.047882,0.010505,0.014281,0.0028354,0.003461,0.010674,0.022092,0.0039755,0.017994,0.017037
5,0.06894,0.021903,0.0090286,0.021146,0.039273,0.05978,0.030492,0.011054,0.0029535,0.0014544,0.013449,0.019061,0.0058291,0.007589,0.01872,0.0079054,0.021117,0.051571,0.023776,0.036247,0.11114,0.0271,0.051499,0.0061394,0.0023659,0.0066179,0.030424,0.02717,0.024088,0.0040469,0.0019222
5,0.008149,0.0076623,0.003874,0.0023641,0.0028019,0.0033868,0.0023415,0.0013364,0.015818,0.011363,0.016661,0.013467,0.0088473,0.034086,0.1488,0.56457,0.37641,0.6101,0.38133,0.3105,0.085291,0.048914,0.050089,0.0052472,0.0040295,0.0034046,0.022736,0.006092,0.027316,0.01337,0.0071248
5,0.38621,0.22652,0.14975,0.032511,0.14333,0.10607,0.081253,0.045395,0.02233,0.032319,0.077054,0.23334,0.14833,0.11843,0.17736,0.18568,0.15191,0.11568,0.17499,0.13736,0.49444,0.39877,0.089092,0.13311,0.13047,0.019945,0.0049081,0.0010885,0.0003594,0.0050013,0.0070763,0.012025,0.014509,0.019052,0.010313,0.020802,0.0084107,0.0073568,0.0033183,0.00085801,0.0018966,0.0023067,0.0032707,0.0042173,0.016983,0.013055,0.01087,0.0031405,0.0055902,0.026505,0.009144,0.0084911,0.0082628,0.0019765,0.0012532,0.006908
5,0.036034,0.071153,0.14825,0.066172,0.08847,0.059417,0.1194,0.091409,0.22656,0.32351,0.1353,0.064504,0.0091659,0.0061661,0.0052714,0.0010631,0.0058321,0.0072371,0.024483,0.055728,0.060873,0.0032501,0.00040531,0.00013056,0.00011067,9.4741e-05,0.00044583,0.0015026,0.010437,0.017423,0.0097014,0.0037809,0.00055797,0.00053185,0.00068413,0.0020207,0.00090201,0.0015148,0.0010911,0.016778,0.020456,0.014129,0.0057316,0.013819,0.0084408,0.011616,0.034299,0.12547,0.013361,0.0074192,0.0053711
5,0.083729,0.037101,0.52972,0.49352,0.69104,0.69888,0.86282,0.56234,0.22159,0.13125,0.078664,0.14483,0.089,0.053057,0.021462,0.0038492,0.0047974,0.015082,0.046503,0.04908,0.02771,0.11747,0.11838,0.018842,0.023416,0.044249,0.022568,0.021767,0.0265,0.030153,0.024428,0.010449,0.017659,0.018123,0.0036844,0.013341,0.11092,0.18771,0.60836,0.29376,0.29246,0.12737,0.023508,0.021323,0.022523,0.0039025
5,0.003752,0.0021962,0.0032663,0.004807,0.0052185,0.023287,0.059276,0.047686,0.10347,0.055451,0.10035,0.18661,0.23522,0.15151,0.1371,0.015972,0.016386,0.023907,0.025933,0.015221,0.03791,0.021258,0.01255,0.0067506,0.0092516,0.0034692,0.0014471,0.0016359,0.0035744,0.00090373,0.0045251,0.019689,0.62555,0.25132,0.082084,0.017236,0.13475,0.0029994
5,0.057686,0.029293,0.038302,0.20008,0.27179,0.19352,0.1655,0.061478,0.19407,0.20983,0.58486,0.030272,0.020838,0.0089969,0.0074031,0.0038025,0.012074,0.2381,0.25452,0.24145,0.38614,0.74795,0.12215,0.047406,0.062262,0.43457,0.018297
5,0.020101,0.0097591,0.0049885,0.017332,0.049973,0.085329,0.13931,0.056567,0.014053,0.0023557,0.0026682,0.00090047,0.0012732,0.0022769,0.0028973,0.01071,0.0016531,0.0029843,0.0063569,0.098317,0.24961,0.07795,0.058422,0.0416,0.03897,0.09838,0.048099,0.0019856,0.00088507,0.0020852,0.0045835,0.0021816
5,0.012274,0.005262,0.0035007,0.0038411,0.029543,0.066711,0.097212,0.035949,0.033253,0.0025021,0.0031879,0.017817,0.009058,0.047841,0.061985,0.017424,0.0016513,0.0013257,0.0011568,0.0030131,0.0031487,0.0018361,0.037346,0.016921,0.014531,0.040391,0.31709,0.08916,0.0038235
6,0.18303,0.18119,0.31725,0.31972,0.35981,0.3742,0.008938,0.0059682,0.024864,0.0064995,0.0047861,0.018256,0.052813,0.0012653,0.0026027,0.0017862
6,0.43539,0.39831,0.38173,0.66015,0.26559,0.20803,0.037568,0.013887,0.038701,0.0081653,0.013753,0.17097,0.029196,0.0066776,0.0057953
6,0.18109,0.27465,0.40345,0.33529,0.19159,0.12246,0.051574,0.023865,0.0028704,0.0019539,0.00051501,0.00092011,0.0011552,0.0027348,0.0023814,0.0023133,0.00091298
6,0.0044109,0.0039943,0.0073168,0.025636,0.027497,0.022903,0.021931,0.006939,0.0037859,0.0009437,0.001589,0.00091954,0.061838,0.083738,0.21183,0.0073933
6,0.0035315,0.001623,0.0023544,0.0045909,0.0050875,0.013914,0.012001,0.047703,0.32221,0.33126,0.044388,0.010532,0.0048656,0.0071604,0.0060987,0.010583
6,0.029232,0.009289,0.0072962,0.0092022,0.023087,0.027459,0.059459,0.011023,0.01263,0.30136,0.057009,0.0090909,0.0042646
6,0.015221,0.046956,0.099459,0.15464,0.42415,0.65664,0.34289,0.50862,0.39517,0.49498,0.3995,0.22912,0.43249,0.079195,0.0049064
6,0.0035592,0.0034802,0.0067873,0.041695,0.078596,0.10665,0.022527,0.021357,0.024946,0.015104,0.0018213,0.015467,0.054109,0.021309,0.0029499,0.0026467
6,0.0059438,0.0090445,0.0014689,0.0090536,0.038424,0.020372,0.030472,0.01431,0.010791,0.019139,0.019799,0.0082818,0.02855,0.5583,0.0093,0.0050893
6,0.001137,0.00042372,0.0012147,0.001105,0.0010648,0.00065149,0.00060681,0.001202,0.0043098,0.0012645,0.00041924,0.00050051,0.002557,0.026265,0.014188
6,0.0018225,0.0020724,0.0020214,0.0023171,0.0060577,0.024866,0.017596,0.026625,0.0039072,0.0013761,0.00029723,0.001496,0.0012682,0.0018819,0.00063436,0.00030092,0.00014763,0.0036987,0.003294,0.0052907,0.0057693,0.0016742,0.0030129,0.0015173,0.0014916,0.0015758,0.0044022,0.0034134,0.028507,0.029773,0.012389
6,0.048406,0.0064468,0.002493,0.012163,0.011586,0.016135,0.031915,0.021974,0.0053819,0.0022945,0.0027233,0.0023325,0.0027416,0.0060277,0.010608,0.066619,0.020543,0.0099503,0.0033705,0.0037577,0.0014296,0.0011966,0.0035243,0.018299,0.015669,0.0076029
6,0.052471,0.012776,0.0043357,0.021135,0.080631,0.10387,0.1706,0.055316,0.059322,0.065992,0.16248,0.073149,0.20586,0.26954,0.19528,0.21975,0.68709,0.061278,0.72066,0.64731,0.1148,0.18018,0.043149,0.01114,0.0095199,0.074286,0.042332,0.030446
6,0.023683,0.044657,0.016115,0.031187,0.1605,0.42379,0.32348,0.3864,0.15264,0.0061812,0.0015075,0.002966,0.03811,0.1185,0.10144,0.095654,0.01027,0.01139,0.014006,0.029866,0.031304,0.54919,0.27505,0.08675,0.020667,0.03914,0.0050916,0.0015523,0.0018963,0.010824,0.030874,0.021791,0.0040487
6,0.055215,0.052705,0.031242,0.062874,0.17606,0.2452,0.6981,0.55698,0.43302,0.14549,0.015072,0.033578,0.070355,0.016641,0.007422,0.014323,0.0036019,0.006887,0.029731,0.020838,0.0093977,0.0029255,0.0022747,0.0040112,0.0022342,0.03373,0.053088,0.018338,0.013789,0.0021404
6,0.038846,0.0073503,0.0015811,0.00096445,0.0011068,0.001025,0.00062995,0.00062779,0.0021438,0.0024715,0.0011813,0.0075751,0.0035536,0.0014284,0.00055341,0.001924
6,0.0020862,0.0022763,0.0062931,0.0024296,0.0022013,0.0024622,0.0052383,0.014821,0.011036,0.0031369,0.0027552,0.0018856,0.001491,0.00099345,0.00043973,0.00040678,0.0043362,0.0076844,0.0016797
6,0.61374,0.53456,0.069746,0.10694,0.061284,0.034101,0.032539,0.026032,0.030579,0.030199,0.036457,0.024711,0.036976,0.077995,0.006762
6,0.11959,0.047632,0.0068899,0.010908,0.0020126,0.0014733,0.019592,0.025469,0.017976,0.031368,0.0687,0.0049299,0.0031493,0.017633,0.03324,0.0053105
6,0.0079062,0.0034537,0.0067264,0.019201,0.0097982,0.0093725,0.010177,0.0069398,0.010983,0.0048958,0.0087626,0.012383,0.018991,0.007283,0.0061774,0.0020759,0.0016558,0.001139,0.0045982,0.013708,0.0052352
6,0.017116,0.019779,0.036377,0.075123,0.0031955,0.0054056,0.0064284,0.010408,0.02546,0.041724,0.047851,0.063601,0.014998,0.016617,0.13969,0.033175,0.06548,0.092033,0.083826,0.088079,0.0030196
6,0.014515,0.0021198,0.0015757,0.001343,0.0014202,0.0035105,0.0021258,0.0060718,0.0030663,0.0093951,0.019183,0.011272,0.0112,0.01626,0.0032704,0.011257,0.014533,0.022563,0.035516,0.045567,0.38619,0.068356,0.0029423
6,0.0013849,0.0003332,0.00018952,0.001023,0.001633,0.00030357,0.0015335,0.010579,0.059723,0.020091,0.021708,0.02333,0.0034804,0.0064695,0.15309,0.22776,0.10967,0.12982,0.02244,0.0073765,0.0058621,0.0042383,0.0048659,0.0046236,0.0098609,0.0061687,0.0037957,0.00324,0.0068611,0.053959,0.013591
6,0.12514,0.18062,0.18407,0.21456,0.0057396,0.020587,0.01833,0.017277,0.013884,0.0036501,0.0063197,0.003542,0.017822,0.01442,0.0075655,0.0046042,0.03555,0.011789,0.019368,0.007616,0.0040031,0.002253,0.0094261,0.016178,0.0018824
6,0.019968,0.0079879,0.012574,0.031053,0.015419,0.024809,0.04336,0.02763,0.03226,0.055687,0.01499,0.01422,0.022616,0.005737,0.0016656,0.0048705,0.0049598,0.0045619,0.019433,0.014402,0.024852,0.01472,0.02919,0.021184,0.0026429
6,0.16461,0.028324,0.013767,0.0038902,0.0721,0.10651,0.17381,0.11317,0.29108,0.42421,0.11532,0.38437,0.28358,0.066481,0.021086,0.024714,0.027163,0.034237,0.018979,0.10591,0.23185,0.024002,0.0033787
6,0.12004,0.089198,0.065982,0.11383,0.12554,0.19784,0.28867,0.44432,0.11257,0.086084,0.039136,0.013798,0.016896,0.015378,0.025519,0.037166,0.036903,0.0056394,0.0056594,0.0046905,0.0047339,0.0077309,0.0098351,0.01095,0.0087415,0.022051,0.10214,0.14732,0.053336,0.28521,0.069499,0.055429,0.0086104
6,0.16659,0.088461,0.20697,0.015038,0.025757,0.062482,0.02537,0.019444,0.016587,0.022349,0.027599,0.019314,0.0081691,0.0059106,0.0070131,0.005047,0.0043169,0.019193,0.074253,0.02709,0.11042,0.18084,0.077475,0.0029031,0.0058431,0.010726,0.0059917
6,0.718,0.075857,0.097129,0.036346,0.070259,0.041863,0.0598,0.027795,0.039369,0.063316,0.12264,0.094574,0.07995,0.055582,0.014264,0.019268,0.068055,0.51969,0.47523,0.58974,0.45067,0.21554,0.04316,0.063423,0.0047696
6,0.070038,0.20922,0.09566,0.30453,0.40598,0.38432,0.18425,0.067837,0.031308,0.018547,0.0027009,0.0026478,0.0048933,0.015017,0.011972,0.049451,0.1733,0.12913,0.0023347,0.0039304
6,0.10887,0.02547,0.018634,0.042047,0.027903,0.03657,0.043408,0.0098465,0.20296,0.075488,0.038286,0.18677,0.152,0.19937,0.16104,0.022368,0.014628,0.012325,0.0073145,0.033793,0.1396,0.049777,0.080024,0.14248,0.089007,0.061407,0.089566,0.003259
6,0.036966,0.039342,0.044374,0.027903,0.022638,0.010752,0.017171,0.1265,0.057569,0.035458,0.022923,0.01028,0.0098851,0.052687,0.04653,0.040627,0.0023988
6,0.020898,0.0066746,0.0028353,0.0029376,0.0035822,0.004318,0.0036428,0.0025623,0.00061379,0.00027324,0.00047751,0.00054856,0.00044656,0.0019757,0.0016125,0.0018269,0.0011926,0.0038523,0.0070577,0.0016014,0.0011432,0.00073231,0.0017894,0.0035864,0.024134,0.022047,0.011768,0.00632,0.0039281
6,0.012215,0.013386,0.0038083,0.0017182,0.0020221,0.0022429,0.0010697,0.019135,0.064636,0.068736,0.013048,0.010674,0.0046017,0.0085411,0.010462,0.072746,0.04172,0.11807,0.19623,0.0025627,0.0045216
6,0.56568,0.11825,0.11959,0.1597,0.022656,0.11217,0.089369,0.1128,0.024488,0.052376,0.099509,0.21454,0.05802,0.052458,0.045509,0.041823,0.060649,0.13797,0.017627,0.01187,0.054829,0.049091,0.029814,0.004999,0.0018955
6,0.26353,0.072318,0.080175,0.095304,0.13559,0.087325,0.041083,0.059453,0.011492,0.011474,0.011066,0.039169,0.0081552,0.0059114,0.0045586,0.017312,0.05456,0.028254,0.11721,0.060162,0.056505,0.032739,0.13702,0.033374,0.0066124,0.062549,0.032144,0.013417,0.003701,0.0016839
7,0.077888,0.22928,0.46029,0.41049,0.19281,0.26143,0.35072,0.51279,0.38308,0.17124,0.59819,0.27738,0.073651,0.064961,0.040101,0.06031,0.046469,0.0097934,0.007544
7,0.064489,0.047585,0.15471,0.12439,0.10283,0.069957,0.066014,0.24967,0.34518,0.14542,0.019882,0.0088018,0.0055923,0.07055,0.031189,0.12276,0.052013,0.035749,0.0021868,0.0032074
7,0.010813,0.014162,0.026209,0.083075,0.053816,0.063651,0.039437,0.13162,0.60916,0.027309,0.015132,0.0087473,0.0053441,0.0018961,0.0044734,0.036772,0.0072502,0.0028513,0.0055061,0.0078155,0.0029313
7,0.15177,0.20529,0.13029,0.32222,0.15615,0.36121,0.5,0.67833,0.5,0.80645,0.44829,0.063058,0.025414,0.0024417,0.0059758,0.0037349
7,0.091966,0.42252,0.39482,0.19631,0.13227,0.13805,0.37652,0.56716,0.79485,0.68934,0.42659,0.057012,0.01883,0.028659,0.0041441,0.0027491
7,0.0042532,0.0035966,0.027863,0.14217,0.11242,0.14146,0.15408,0.57102,0.54048,0.51972,0.68006,0.72952,0.73011,0.22988,0.04245,0.0048071,0.013633,0.0086313
7,0.061772,0.032196,0.012089,0.11038,0.054301,0.092722,0.074164,0.33207,0.59079,0.82095,0.64886,0.5217,0.11314,0.011545,0.0039246,0.0027431
7,0.023187,0.037407,0.061322,0.047831,0.21253,0.64827,0.36904,0.32952,0.66104,0.27249,0.058667,0.095937,0.1719,0.12407,0.024639,0.0047339
7,0.0018601,0.0009243,0.0017227,0.0075126,0.020248,0.069341,0.15309,0.35479,0.14544,0.46536,0.5,0.41152,0.43129,0.15323,0.55606,0.7324,0.6414,0.10071,0.098638,0.13452,0.028963,0.0051879,0.0015116
7,0.018218,0.033421,0.058463,0.14857,0.15663,0.47755,0.94026,0.85006,0.6552,0.68898,0.82154,0.61022,0.96237,0.89112,0.5961,0.17977,0.072821,0.022435,0.0069876,0.0031958
7,0.039811,0.029757,0.02406,0.033964,0.14637,0.16391,0.27319,0.071786,0.041764,0.22107,0.060849,0.040777,0.016423,0.22571,0.055572,0.078517,0.086592,0.021828,0.0091734,0.061226,0.075715,0.0089091,0.0078497,0.066499,0.072053,0.19741,0.77963,0.59581,0.41998,0.20178,0.591,0.78512,0.42794,0.29718,0.28139,0.10304,0.012696,0.0075255,0.0027297
7,0.050548,0.028851,0.020926,0.10077,0.059621,0.17441,0.15926,0.41942,0.89601,0.97213,0.84984,0.68872,0.66351,0.55254,0.704,0.7624,0.91344,0.61689,0.22347,0.38501,0.19639,0.23752,0.17432,0.10583,0.11248,0.074281,0.12749,0.59066,0.57665,0.48452,0.6687,0.55937,0.055901,0.020515
7,0.21821,0.2313,0.40647,0.64939,0.69633,0.56277,0.60394,0.41645,0.23969,0.33617,0.29509,0.11387,0.031875,0.0042542,0.00033917,0.001813,0.014923,0.53128,0.68923,0.52383,0.63388,0.33707,0.531,0.49222,0.43817,0.30157,0.37529,0.21404,0.34017,0.5,0.21211,0.37858,0.26002,0.24888,0.43516,0.26856,0.06547,0.1029,0.030384,0.0095655,0.0057976
7,0.022722,0.0091784,0.0038508,0.054105,0.15976,0.12108,0.32224,0.40314,0.48471,0.33249,0.12291,0.22493,0.26843,0.12272,0.19132,0.55515,0.25588,0.070143,0.40012,0.3688,0.54944,0.75903,0.75043,0.35259,0.15081,0.39144,0.56769,0.43486,0.32956,0.22621,0.17017,0.059359,0.04481,0.0041005
7,0.05333,0.10241,0.10778,0.1255,0.51482,0.41789,0.59082,0.69533,0.81385,0.86596,0.70264,0.49469,0.47829,0.33907,0.21585,0.23423,0.028883,0.044083,0.058558,0.30899,0.74722,0.87913,0.78985,0.78929,0.65498,0.73153,0.69741,0.45851,0.2839,0.25885,0.16434,0.023313,0.0077215
7,0.18277,0.066037,0.022772,0.050071,0.067365,0.03017,0.033151,0.073354,0.28057,0.45101,0.22025,0.23145,0.34458,0.46274,0.14253,0.1737,0.13269,0.21281,0.022007,0.0078427,0.0073908,0.016032,0.017308,0.0064379
7,0.10132,0.12831,0.028543,0.025465,0.059471,0.051289,0.090765,0.51092,0.2971,0.38973,0.35687,0.5919,0.29429,0.58012,0.54874,0.059629,0.0027518,0.015644,0.0055683,0.0013243
7,0.007417,0.014133,0.015011,0.006277,0.059098,0.050276,0.10874,0.23924,0.25695,0.18655,0.08286,0.15707,0.18513,0.078346,0.078613,0.12146,0.16544,0.039667,0.0065793,0.0019352,0.017594,0.033519,0.0081142,0.0023763
7,0.011409,0.051443,0.052261,0.049972,0.09295,0.061829,0.09957,0.01788,0.036074,0.03627,0.081064,0.31933,0.17022,0.064912,0.087154,0.24441,0.13955,0.019499,0.013889,0.025851,0.025741,0.012103,0.0014642
7,0.017211,0.022093,0.026271,0.024992,0.02063,0.02406,0.026172,0.034914,0.062047,0.081088,0.032107,0.044652,0.01168,0.0057427,0.0070174,0.0030292,0.026726,0.0056221
7,0.09709,0.082279,0.044347,0.017354,0.10953,0.31333,0.59183,0.4179,0.3867,0.17791,0.13151,0.26002,0.69666,0.75528,0.64593,0.26482,0.65252,0.79758,0.64107,0.66577,0.61336,0.34469,0.15207,0.13404,0.076486,0.047357,0.062233,0.021635,0.0028035
7,0.30757,0.17121,0.43923,0.73931,0.54206,0.68727,0.38257,0.4731,0.6888,0.82412,0.54292,0.91674,0.82124,0.88445,0.96414,0.62167,0.31414,0.39291,0.011556,0.016321,0.0082515
7,0.009606,0.020719,0.025325,0.03776,0.14506,0.15377,0.19648,0.078509,0.026111,0.021481,0.025114,0.068632,0.20331,0.29248,0.34819,0.2768,0.1569,0.58375,0.26422,0.60891,0.43851,0.061215,0.030164,0.012568,0.0054069,0.0020795,0.0021831,0.0015425
7,0.0067196,0.01081,0.0097924,0.021653,0.016317,0.11588,0.21353,0.15697,0.37318,0.30716,0.51113,0.52839,0.60602,0.66544,0.5,0.58562,0.71718,0.74357,0.77261,0.41382,0.36779,0.2253,0.28558,0.041578,0.13366,0.0029781,0.0039863
7,0.53465,0.16442,0.047207,0.20512,0.59495,0.57029,0.24831,0.41796,0.82526,0.65043,0.55947,0.5,0.32261,0.38311,0.33392,0.32909,0.52653,0.54365,0.356,0.59647,0.76683,0.79083,0.84283,0.75143,0.82538,0.69245,0.80961,0.70176,0.5,0.28059,0.1073,0.057668,0.030126,0.006385,0.0022832
7,0.69927,0.62088,0.31174,0.048502,0.028458,0.045853,0.065354,0.091569,0.098529,0.15096,0.079625,0.37554,0.082047,0.351,0.61923,0.51194,0.30124,0.65603,0.91811,0.63276,0.75086,0.42879,0.30872,0.31062,0.17965,0.017649,0.0024707
7,0.022538,0.018846,0.01767,0.22428,0.51057,0.24642,0.17253,0.25542,0.73553,0.62253,0.36418,0.35203,0.39272,0.15551,0.33765,0.072543,0.054944,0.14294,0.32265,0.52455,0.16274,0.35002,0.32835,0.67119,0.47778,0.86979,0.94729,0.91882,0.81967,0.74098,0.422,0.3055,0.25089,0.13278,0.069918,0.16168,0.052695,0.0040609
7,0.0037124,0.005844,0.031413,0.045089,0.054829,0.15212,0.17143,0.5,0.53649,0.46027,0.23479,0.28113,0.53989,0.18551,0.14552,0.30326,0.26155,0.081217,0.17278,0.27516,0.12531,0.18406,0.14968,0.5,0.864,0.88952,0.7094,0.79693,0.86122,0.27337,0.12482,0.1013,0.037353,0.015404,0.0029077,0.0025413,0.0040027,0.0035569,0.0019638
7,0.00094577,0.0060897,0.006994,0.0027515,0.015277,0.0072496,0.014979,0.024251,0.01037,0.015487,0.039721,0.026252,0.010717,0.0025996,0.0043356,0.18547,0.0619,0.23487,0.25411,0.066882,0.009672,0.092266,0.094047,0.064333,0.11109,0.043233,0.03432,0.23977,0.23877,0.41094,0.69501,0.8929,0.90169,0.87345,0.59263,0.4484,0.31124,0.093775,0.030674,0.0028804
7,0.19583,0.21047,0.195,0.16328,0.41079,0.46841,0.41745,0.18205,0.035008,0.21852,0.53665,0.22954,0.14394,0.052613,0.059329,0.11931,0.048219,0.25949,0.28791,0.40818,0.026065,0.58022,0.58198,0.19873,0.56696,0.36408,0.027019,0.031725,0.30816,0.047415,0.15527,0.40484,0.23473,0.32876,0.20445,0.10445,0.093213,0.045638,0.035951,0.0033437
7,0.033095,0.11522,0.21987,0.36182,0.66498,0.61796,0.23828,0.5721,0.41959,0.2689,0.76096,0.92068,0.8297,0.2383,0.64418,0.65749,0.36213,0.55661,0.61107,0.77338,0.96021,0.68466,0.87902,0.86731,0.84369,0.86687,0.94096,0.93217,0.95177,0.95471,0.88592,0.89267,0.72549,0.52857,0.32187,0.19901,0.08359,0.028095,0.022488
7,0.63991,0.652,0.75948,0.65658,0.47123,0.15861,0.10555,0.15072,0.73224,0.757,0.66808,0.59654,0.71429,0.6792,0.65984,0.53878,0.11708,0.20703,0.18105,0.38266,0.36915,0.5,0.65992,0.52375,0.6392,0.51979,0.82743,0.58887,0.32145,0.26492,0.56285,0.47872,0.22004,0.21681,0.85851,0.69185,0.49235,0.67807,0.21157,0.17046,0.050706,0.0081357,0.010094,0.011815,0.0039892
7,0.10905,0.0059153,0.010035,0.024537,0.11418,0.057903,0.0095857,0.013129,0.0074385,0.013986,0.57974,0.74381,0.62021,0.35344,0.59282,0.14553,0.42763,0.60578,0.34589,0.51282,0.88285,0.86067,0.84372,0.94208,0.83762,0.71737,0.65803,0.10716,0.30989,0.27734,0.044399
7,0.14897,0.061012,0.38534,0.5,0.61396,0.47963,0.55823,0.6707,0.67094,0.64545,0.44918,0.41171,0.40125,0.70033,0.070919,0.14169,0.47302,0.43077,0.55741,0.8096,0.69174,0.383,0.10699,0.037315,0.054526,0.0078349
7,0.086975,0.23008,0.044674,0.57983,0.63873,0.60677,0.24146,0.62253,0.4228,0.30787,0.38222,0.56289,0.40037,0.66329,0.78095,0.72828,0.24932,0.02992,0.18498,0.37332,0.54618,0.66862,0.66158,0.5566,0.19629,0.048147,0.019965,0.013962,0.0091903,0.0053363
7,0.29369,0.0057309,0.0055589,0.032418,0.033366,0.029461,0.040543,0.03413,0.012741,0.019823,0.15824,0.27741,0.14871,0.050804,0.059572,0.22528,0.26803,0.070797,0.032426,0.062961,0.18809,0.069726,0.62242,0.62497,0.51267,0.75536,0.76727,0.45984,0.16224,0.12842,0.033664,0.013747,0.019693,0.01422
7,0.76462,0.36424,0.86622,0.91319,0.90058,0.83093,0.73262,0.088621,0.089237,0.41527,0.72833,0.55359,0.52263,0.81583,0.74943,0.74645,0.71314,0.26958,0.28586,0.29885,0.1412,0.029557,0.0082077,0.005316
7,0.21318,0.47093,0.59151,0.42599,0.37942,0.58815,0.36842,0.11116,0.16082,0.76527,0.83152,0.9603,0.94439,0.96878,0.2371,0.16533,0.069137,0.1556,0.19277,0.12358,0.18492,0.033096,0.010574
7,0.67576,0.32319,0.21149,0.46614,0.84036,0.32157,0.34486,0.12731,0.15427,0.065545,0.020014,0.0040973,0.003738,0.0031368,0.0078689,0.013454,0.054754,0.56812,0.81513,0.96104,0.9693,0.96468,0.90292,0.93202,0.7753,0.48982,0.47727,0.39918,0.24776,0.27884,0.12104,0.0073436,0.01551,0.001919
7,0.014607,0.01066,0.068223,0.12059,0.16242,0.075749,0.054473,0.043707,0.064788,0.074204,0.037677,0.010125,0.048652,0.078496,0.16319,0.37709,0.52674,0.51939,0.57771,0.56792,0.19035,0.17148,0.09588,0.065119,0.17787,0.12221,0.045661,0.036193,0.045498,0.066511,0.0026485
