1,0.94943,0.77155,0.87086,0.92928,0.92173,0.61614,0.81364,0.87228,0.79842,0.71301,0.36852,0.21574,0.18084,0.15333,0.16959,0.024531,0.0038259,0.022813,0.0023818
1,0.45863,0.10658,0.020883,0.025686,0.076679,0.092893,0.20008,0.24641,0.34866,0.18546,0.078288,0.079047,0.095908,0.051488,0.067619,0.091755,0.079932,0.093622,0.03849
1,0.0072324,0.010423,0.013224,0.061287,0.061338,0.0055498,0.0013131,0.00071319,0.0035622,0.0023135,0.0025519,0.047269,0.020304,0.011081,0.0017633,0.0036273,0.0070688,0.023712,0.026367,0.012319,0.0058694,0.019738,0.0018828
1,0.97311,0.84583,0.87472,0.95012,0.72364,0.78409,0.82674,0.78457,0.95214,0.95812,0.57679,0.21537,0.25248,0.030677,0.025236,0.020581,0.013414,0.017043,0.0084467
1,0.045756,0.0028818,0.0024044,0.018444,0.010028,0.018333,0.053524,0.057458,0.014031,0.017147,0.016592,0.0096919,0.0031364,0.0064296,0.00094945,0.085391
1,0.93297,0.78226,0.17376,0.060274,0.014206,0.023358,0.14915,0.18759,0.19661,0.40421,0.45267,0.23542,0.43072,0.70349,0.4051,0.10024,0.032764,0.011321,0.0051471,0.00076564,0.0044841
1,0.19149,0.01403,0.012697,0.049772,0.02712,0.02443,0.014348,0.072283,0.038793,0.053864,0.049885,0.032966,0.0073324,0.0013805,0.001003,0.0035973,0.012509,0.022859
1,0.27571,0.0014889,0.0014122,0.0055321,0.0059961,0.0093426,0.010985,0.020842,0.024146,0.034652,0.019076,0.0072287,0.0036355,0.0046401,0.001931,0.0012709,0.033454
1,0.77802,0.69814,0.3159,0.14224,0.099814,0.076658,0.08654,0.0795,0.016325,0.032715,0.061766,0.029658,0.055447,0.03606,0.035606,0.015129,0.031279,0.0012665
1,0.8717,0.79138,0.81489,0.27552,0.025132,0.02425,0.40796,0.51342,0.45644,0.56684,0.43569,0.13347,0.024168,0.010925,0.0039452
1,0.030605,0.023955,0.020266,0.020533,0.010678,0.0071107,0.00495,0.0091228,0.0056782,0.0069188,0.010474,0.0092563,0.02067,0.015833,0.0060528,0.0077223
1,0.76183,0.48014,0.45348,0.11289,0.045862,0.035353,0.070581,0.041581,0.019,0.038442,0.057149,0.038551,0.01918,0.035695,0.029937,0.016289,0.014239,0.01092,0.020782
1,0.47676,0.22588,0.089215,0.097767,0.021582,0.0093896,0.012874,0.005646,0.0026616,0.0021411,0.0038526,0.0087041,0.025436,0.038244,0.08341,0.014348,0.0037566,0.0017288
1,0.062961,0.031017,0.064057,0.059517,0.052136,0.052157,0.026085,0.030691,0.03437,0.041105,0.044352,0.068135,0.043975,0.028492,0.03056,0.011965,0.11669,0.14632,0.066912,0.070487,0.0067525,0.00047609,0.0014584,0.0019173,0.00052706,0.00089368,0.0028328,0.010994,0.022712,0.09397,0.10218,0.051413,0.081672,0.099232,0.077366,0.0099059
1,0.099143,0.018584,0.043606,0.05425,0.085321,0.13112,0.15778,0.43583,0.29166,0.12196,0.065843,0.039023,0.015016,0.12751,0.080816,0.036903,0.045778,0.030573,0.060801,0.048338,0.03226,0.054511,0.029805,0.0096944,0.096721,0.30755,0.31136,0.44439,0.42696,0.011332,0.024682,0.061616,0.066209,0.12564,0.14856,0.079232,0.095062,0.018289,0.076631,0.0011752
1,0.52933,0.076441,0.12624,0.16832,0.024626,0.0081223,0.040826,0.038036,0.01314,0.012757,0.0060371,0.0081299,0.011515,0.10331,0.060075,0.061197,0.047994,0.02175,0.006894,0.0061295,0.004636,0.012081,0.0080651,0.017615,0.022201,0.034161,0.021996,0.026838,0.021222,0.025267,0.0099381
1,0.013996,0.0026926,0.051563,0.039312,0.056882,0.04163,0.023885,0.0058655,0.0099751,0.065693,0.13574,0.10302,0.125,0.11657,0.06426,0.0179,0.055606,0.021337,0.011334,0.014868
1,0.054179,0.0085148,0.072024,0.039359,0.020114,0.019828,0.030779,0.013947,0.013046,0.036144,0.34187,0.2262,0.54875,0.67083,0.60363,0.4038,0.11591,0.045679,0.0074124,0.0060294
1,0.006383,0.0030843,0.0012293,0.0013981,0.00052642,0.0011578,0.00055095,0.00071737,0.00081368,0.00094445,0.0015959,0.00066019,0.0014827,0.00071657,0.00034156,0.00020904,0.00055836,0.0011608,0.0035638,0.010807,0.016087,0.029581,0.040886,0.0035237,0.004097
1,0.096532,0.012263,0.017044,0.016325,0.060132,0.049953,0.049988,0.028375,0.041748,0.284,0.2219,0.060418,0.036079,0.087089,0.050487,0.089281,0.067594,0.050551,0.081197,0.031124,0.017601,0.013464,0.0029728,0.0076713,0.004029,0.017792
1,0.07121,0.021269,0.016548,0.0066832,0.065263,0.060939,0.10631,0.026267,0.011491,0.0029065,0.0063718,0.0054387,0.00059146,0.0046702,0.014974,0.023492,0.013322,0.033188,0.054477,0.061732,0.058286,0.02764,0.0041605,0.0069593,0.003521,0.00071991,0.00058046
1,0.008128,0.0016733,0.0014887,0.011755,0.013307,0.03255,0.013745,0.019899,0.10759,0.064919,0.028613,0.0028863,0.0049563,0.003319,0.0030873,0.0067288,0.0073627,0.016826,0.060176,0.054746,0.012423,0.017881,0.0073916,0.0015951,0.0025412
1,0.020888,0.014984,0.020309,0.011961,0.044072,0.021488,0.016306,0.021752,0.023025,0.044247,0.099161,0.18655,0.030077,0.070586,0.03655,0.039436,0.040247,0.059447,0.013819,0.011157,0.047338,0.024403,0.0047486,0.0028929,0.0037335,0.0095001
1,0.042825,0.0017222,0.012253,0.012164,0.0086635,0.020473,0.02802,0.040133,0.081947,0.10194,0.035326,0.0090102,0.014938,0.016008,0.024012,0.081448,0.025328,0.036062,0.017237,0.030018,0.031403,0.019074,0.0016863,0.0017924,0.0027322,0.0077762,0.0063266,0.01031,0.0098377,0.019426,0.004382,0.032731,0.023268
1,0.022498,0.011961,0.0064442,0.0078744,0.014012,0.033005,0.026621,0.026977,0.18317,0.20161,0.16115,0.089555,0.064237,0.042953,0.0057914,0.0098925,0.016027,0.044629,0.016241,0.013782,0.072502,0.031316,0.013496,0.013256,0.0044345,0.0026482,0.0024826,0.0032296,0.0019315,0.0034144,0.0026237,0.0064014,0.0054603,0.0032012,0.0062636
1,0.17318,0.032638,0.020968,0.0576,0.041422,0.023053,0.0064343,0.036052,0.010141,0.036152,0.089609,0.10988,0.10269,0.12753,0.25509,0.36047,0.88163,0.8846,0.18823,0.58403,0.46966,0.26362,0.045742,0.026081,0.03416,0.020647,0.01703,0.003742,0.0065331,0.0145,0.00089763
1,0.047924,0.014441,0.015935,0.005584,0.011093,0.016159,0.020165,0.040073,0.40579,0.43017,0.21205,0.14075,0.2772,0.066485,0.084631,0.081488,0.072215,0.066897,0.029996,0.0015741,0.00079285,0.0017856,0.002653,0.0032514,0.0050878,0.012118,0.0043009,0.0029872
1,0.027865,0.0026779,0.006782,0.0037151,0.0019932,0.0088635,0.01125,0.013649,0.075686,0.16021,0.19547,0.1397,0.1012,0.12415,0.072902,0.11818,0.19042,0.20897,0.36226,0.82332,0.76001,0.65312,0.68293,0.64605,0.016037,0.025287,0.021893,0.018686,0.019452,0.013634,0.010629,0.0022867
1,0.078568,0.0017939,0.00044976,0.00050277,0.00042817,0.00025551,0.0017707,0.019943,0.033788,0.05729,0.039676,0.07219,0.064275,0.047522,0.0043242,0.031209,0.043978,0.008959,0.010648,0.00571,0.0040847,0.0049866,0.0058495,0.047123,0.03607,0.28734,0.4288,0.46423,0.53434,0.56848,0.020287,0.014226,0.026821,0.023032,0.055648,0.039849,0.010056,0.025066,0.0022711
1,0.34214,0.0030767,0.0022326,0.0044385,0.0028633,0.0050217,0.0079766,0.0090519,0.0096771,0.083742,0.078213,0.1141,0.017005,0.035526,0.029377,0.026308,0.016003,0.0094607,0.011271,0.0101,0.20987,0.53508,0.54832,0.63977,0.74555,0.64099,0.018597,0.0045381,0.0082365,0.011256,0.0070973,0.015778,0.0018064
1,0.2737,0.024967,0.0070285,0.0089641,0.0057548,0.011218,0.044081,0.012715,0.10533,0.23131,0.53566,0.72923,0.81328,0.67613,0.37142,0.078921,0.071247,0.010107,0.01028,0.089018,0.11675,0.094005,0.1289,0.7018,0.86636,0.87674,0.7564,0.75717,0.44517,0.10895,0.016444,0.022378,0.037417,0.018034,0.015584,0.030982,0.021307,0.036619,0.0055288,0.0015105
1,0.35957,0.059671,0.013501,0.091448,0.057092,0.052972,0.056125,0.066117,0.055071,0.054359,0.05844,0.042246,0.028135,0.01582,0.0036564,0.0083139,0.0062751,0.022109,0.027225,0.050246,0.04596,0.059867,0.088951,0.036997,0.022719,0.068575,0.094991,0.023048,0.035788,0.048461,0.011484,0.0050434,0.0026237,0.008926,0.0092568,0.0063671,0.041736
1,0.21618,0.019465,0.15662,0.19694,0.21489,0.094711,0.11213,0.0097605,0.047022,0.040993,0.038311,0.06349,0.17872,0.060742,0.051329,0.14705,0.40958,0.036773,0.059302,0.072853,0.0060568,0.021079,0.0099892,0.009809,0.0051976,0.012951,0.019772,0.020754,0.0090591
1,0.10077,0.0040524,0.0043349,0.0049685,0.0043429,0.0041017,0.0065927,0.0044481,0.010155,0.014954,0.033764,0.035352,0.060244,0.06512,0.066661,0.22794,0.13595,0.029919,0.040561,0.0044103,0.0035286,0.0053218,0.0037761,0.003378,0.0021247,0.0017675,0.0059342,0.010294,0.003178,0.009418
1,0.94,0.12796,0.19389,0.22247,0.35119,0.39702,0.45494,0.63518,0.096069,0.13686,0.033761,0.02039,0.023793,0.040697,0.036816,0.093013,0.07152,0.047237,0.079861,0.047675,0.064607,0.034259,0.012712,0.0093033,0.013372,0.014973,0.006161,0.002218
1,0.2625,0.021434,0.038631,0.041938,0.42383,0.3597,0.49132,0.51866,0.54502,0.059527,0.027155,0.019071,0.015672,0.68325,0.56139,0.32776,0.065286,0.066974,0.0084234,0.016675,0.012133,0.01006,0.0068623,0.037033,0.060395,0.017258,0.025833,0.059874,0.044109,0.015199,0.0044879
1,0.84882,0.40278,0.35359,0.56632,0.10467,0.06018,0.12296,0.53163,0.41403,0.36405,0.29821,0.57178,0.34827,0.20747,0.077656,0.028198,0.0032758,0.0030129,0.002776,0.0017655,0.0051403,0.0038939
1,0.018467,0.0021829,0.0021572,0.0035395,0.0048554,0.008459,0.0068356,0.0073815,0.0081147,0.037748,0.016075,0.0058614,0.0026729,0.0031207,0.0014723,0.0024107,0.0020214,0.0020168,0.0016969,0.0024655,0.0026316,0.0032058
1,0.072322,0.017827,0.052529,0.049117,0.069287,0.03817,0.044763,0.2801,0.1857,0.43439,0.053338,0.01225,0.026939,0.027587,0.00198,0.019218,0.0064978,0.0014422,0.0032003,0.0053592,0.0056475,0.0045512,0.0046591,0.015053,0.010216
2,0.97148,0.90695,0.83901,0.83609,0.47851,0.40436,0.41681,0.12247,0.1823,0.27032,0.18015,0.1644,0.21298,0.049696,0.035003,0.015814
2,0.58792,0.34713,0.42358,0.51977,0.36851,0.17661,0.25053,0.44208,0.82681,0.92171,0.92556,0.93673,0.27677,0.14275,0.67191,0.83884,0.8127,0.79773,0.48707,0.44905,0.11061,0.058288
2,0.94408,0.87556,0.83932,0.57487,0.36936,0.78359,0.97324,0.96273,0.77778,0.76527,0.73124,0.069408,0.1183,0.14097,0.033851,0.012303,0.0074743
2,0.6133,0.17932,0.039548,0.028957,0.017143,0.04277,0.093997,0.11147,0.33044,0.18612,0.95175,0.93571,0.93921,0.89051,0.79715,0.029367,0.064273,0.10322,0.099984,0.14181,0.13177,0.075266,0.048603,0.013922
2,0.99999,0.99076,0.99158,0.99393,0.66659,0.92612,0.96944,0.92386,0.94938,0.97477,0.88773,0.521,0.46128,0.33721,0.048107,0.013861,0.0061137
2,0.6754,0.42365,0.59578,0.66192,0.34285,0.37264,0.47246,0.58571,0.99541,0.99604,0.99369,0.99557,0.9776,0.38846,0.17502,0.21357,0.11484,0.046717,0.01422,0.060384
2,0.39502,0.12269,0.1181,0.1681,0.10253,0.036986,0.051942,0.13797,0.15803,0.50811,0.54571,0.61019,0.98996,0.97146,0.93913,0.88139,0.088351,0.30801,0.24498,0.26148,0.12987,0.018455,0.03145,0.0029231
2,0.25566,0.11775,0.22947,0.10918,0.14223,0.40647,0.48975,0.43961,0.45035,0.30253,0.126,0.21036,0.31223,0.65975,0.56811,0.45,0.29022,0.091095,0.03968,0.010209,0.015374
2,0.18558,0.016539,0.021314,0.10505,0.29154,0.69683,0.81633,0.90146,0.93332,0.9494,0.36516,0.14353,0.051067,0.010125,0.0088423
2,0.97495,0.88684,0.53504,0.53784,0.6748,0.64804,0.60608,0.36187,0.41814,0.26567,0.13929,0.097263,0.060685,0.023507,0.027566,0.015308,0.011852
2,0.096077,0.036838,0.075401,0.13927,0.16492,0.19601,0.75224,0.75701,0.76565,0.76828,0.52886,0.060531,0.014884,0.012016,0.0048359,0.0049906,0.011889
2,0.98744,0.85985,0.13552,0.19957,0.55681,0.59452,0.5,0.87437,0.93731,0.90418,0.92535,0.89945,0.29377,0.030107,0.022837,0.01424,0.0080053,0.0071765,0.017808
2,0.85982,0.42562,0.08493,0.041724,0.22735,0.17379,0.42535,0.5221,0.84858,0.56926,0.63565,0.43109,0.30999,0.24821,0.64813,0.75731,0.6364,0.39968,0.15353,0.12904,0.14742,0.045096,0.069946,0.10709,0.010998
2,0.84542,0.25626,0.52723,0.58359,0.71629,0.57249,0.65609,0.44225,0.64646,0.5501,0.49248,0.19425,0.16964,0.017103,0.029223
2,0.97547,0.90839,0.88129,0.66972,0.76248,0.071512,0.078671,0.054868,0.021169,0.1076,0.13416,0.26686,0.25391,0.3837,0.2475,0.17254,0.02676,0.0056846,0.0042192
2,0.13694,0.12632,0.18266,0.34112,0.12527,0.25032,0.80562,0.5,0.50565,0.63911,0.4845,0.30057,0.37831,0.4532,0.24691,0.40375,0.38705,0.28678,0.19547,0.16521,0.073332,0.12477,0.01468,0.072966,0.13913,0.27147,0.21754,0.021829,0.022856
2,0.99113,0.9847,0.96387,0.80458,0.95566,0.97393,0.97827,0.96914,0.91715,0.897,0.59673,0.74611,0.66832,0.74147,0.66468,0.46708,0.053857,0.01228
2,0.95311,0.92061,0.85136,0.69717,0.56263,0.57477,0.41969,0.39092,0.20914,0.56238,0.68156,0.90152,0.91066,0.94355,0.63131,0.032817,0.012454,0.0083402
2,0.47505,0.46949,0.57366,0.38659,0.63152,0.63774,0.67939,0.65904,0.4371,0.30226,0.040412,0.29947,0.47142,0.63905,0.66744,0.15701,0.31131,0.35925,0.31423,0.24906,0.18971,0.38905,0.15456,0.085383,0.028952,0.044255,0.0071121
2,0.45177,0.33957,0.34125,0.71279,0.77291,0.96506,0.95479,0.88323,0.88198,0.7646,0.44982,0.47414,0.49194,0.20983,0.0077746,0.0018216
2,0.70554,0.51953,0.55332,0.27842,0.15935,0.32809,0.51345,0.50707,0.4689,0.34526,0.19958,0.39487,0.46445,0.45664,0.48407,0.55548,0.32931,0.34311,0.090126,0.012026
2,0.63582,0.10161,0.24379,0.50593,0.55272,0.29547,0.80057,0.65479,0.44207,0.46072,0.23618,0.14961,0.40851,0.56764,0.57861,0.56851,0.6207,0.023133,0.02284,0.31085,0.12447,0.2887,0.2739,0.19619,0.072185,0.071645,0.054755,0.1109,0.023987,0.0061875
2,0.768,0.24767,0.21306,0.25645,0.12873,0.058507,0.094296,0.078477,0.036681,0.042408,0.03945,0.039045,0.20162,0.18175,0.2375,0.26944,0.05597,0.05943,0.069059,0.07713,0.14506,0.17013,0.11832,0.1086,0.12348,0.11337,0.092701,0.055282,0.0080663
2,0.72495,0.62425,0.37529,0.38639,0.59545,0.18797,0.055795,0.039456,0.049694,0.027314,0.033703,0.014611,0.013018,0.054276,0.076742,0.9413,0.9806,0.95328,0.95079,0.96249,0.25006,0.062459,0.059622,0.060916,0.28819,0.24233,0.54268,0.54757,0.42859,0.067163,0.092231,0.026926,0.029335,0.013369
2,0.17399,0.097274,0.1396,0.1152,0.14197,0.11746,0.063006,0.071917,0.11148,0.14677,0.074499,0.062048,0.040773,0.054576,0.060798,0.13479,0.27383,0.12266,0.19212,0.18705,0.13896,0.024959,0.17993,0.12663,0.30805,0.39331,0.45427,0.53359,0.63221,0.63669,0.63007,0.53848,0.48381,0.15929,0.016449,0.029544,0.024306,0.0074711
2,0.92449,0.82621,0.75102,0.81177,0.81932,0.83953,0.82994,0.88443,0.8705,0.74636,0.39435,0.35152,0.45606,0.47756,0.92392,0.96256,0.9073,0.7018,0.38178,0.013686,0.0033726,0.056386,0.35579,0.61857,0.65937,0.35952,0.54239,0.2235,0.19524,0.22541,0.17858,0.12892,0.08651,0.025674,0.004214
2,0.89772,0.40088,0.6715,0.91893,0.74788,0.6446,0.84831,0.7065,0.38051,0.18962,0.068398,0.06743,0.10303,0.76953,0.85675,0.80517,0.74482,0.84721,0.18502,0.12439,0.066409,0.62501,0.45633,0.51338,0.54584,0.67648,0.1133,0.043751,0.049165,0.011162,0.0099207,0.015666
2,0.69223,0.3024,0.17314,0.1702,0.16346,0.14505,0.12924,0.1579,0.66319,0.31753,0.33142,0.28217,0.13492,0.13925,0.37178,0.7487,0.81726,0.76179,0.63404,0.31967,0.30767,0.5,0.4922,0.80968,0.80479,0.80051,0.64723,0.6672,0.2321,0.34408,0.41914,0.34387,0.12409,0.035343
2,0.38037,0.24756,0.065681,0.048022,0.050227,0.16317,0.24833,0.25129,0.20764,0.17947,0.10083,0.080868,0.098211,0.12298,0.05957,0.058466,0.046498,0.050205,0.52103,0.73228,0.6792,0.63777,0.44899,0.023044,0.0069581,0.0017131,0.018171,0.027214,0.028258,0.040587,0.060514,0.038041,0.07469,0.1586,0.15655,0.11315,0.082501,0.09179,0.035337,0.013818,0.004677
2,0.037033,0.0073721,0.0068152,0.015544,0.02449,0.022585,0.022326,0.037747,0.017413,0.099628,0.13538,0.091593,0.23672,0.31603,0.082847,0.081972,0.16743,0.26073,0.41661,0.67061,0.64607,0.069137,0.03778,0.002764
2,0.031153,0.0034444,0.026947,0.048099,0.055848,0.078159,0.24758,0.28009,0.18603,0.74612,0.9255,0.96967,0.98793,0.99623,0.99682,0.99398,0.98472,0.63696,0.028195,0.0053386
2,0.13715,0.056486,0.051887,0.087335,0.040319,0.06671,0.12228,0.27972,0.45088,0.47007,0.79254,0.8545,0.87327,0.98518,0.99469,0.99655,0.99243,0.98609,0.55995,0.0024871
2,0.029768,0.0081465,0.01175,0.019123,0.048425,0.087595,0.086019,0.046427,0.031587,0.050955,0.051486,0.070398,0.45932,0.6785,0.72497,0.88646,0.95754,0.98212,0.95694,0.9068,0.76195,0.014815,0.012505
2,0.063509,0.013256,0.009488,0.047929,0.09342,0.10729,0.1482,0.11877,0.051609,0.24602,0.38464,0.82313,0.91924,0.98206,0.98994,0.98881,0.97865,0.91705,0.61017,0.040341,0.01057,0.013664,0.050478
2,0.55131,0.29625,0.068907,0.04659,0.081378,0.042353,0.02506,0.091075,0.22617,0.24624,0.3206,0.32189,0.23794,0.28491,0.5,0.67159,0.56821,0.75855,0.50715,0.2863,0.098776,0.025126,0.0051724
2,0.012296,0.010335,0.0027185,0.0049473,0.0045598,0.011008,0.0048825,0.0063501,0.043782,0.031894,0.030729,0.059986,0.17519,0.13955,0.40663,0.79611,0.90581,0.9186,0.75657,0.33739,0.076063,0.0061074,0.0043788,0.026773
2,0.90344,0.86465,0.82933,0.6439,0.7192,0.66914,0.87843,0.84932,0.51274,0.3045,0.16304,0.058777,0.074729,0.066479,0.17715,0.61677,0.80602,0.77369,0.5,0.73096,0.21804,0.21877,0.26948,0.35234,0.56396,0.44631,0.17142,0.061002,0.026404,0.015996,0.021711,0.019161,0.0031198
2,0.65205,0.47605,0.62908,0.76059,0.53874,0.35523,0.050853,0.097805,0.73988,0.79359,0.78777,0.33608,0.57793,0.17777,0.23976,0.25282,0.50608,0.17862,0.13723,0.12202,0.05563,0.028893,0.010216
2,0.086455,0.10749,0.099638,0.27191,0.35469,0.31696,0.067283,0.36075,0.36255,0.33471,0.15361,0.22889,0.12469,0.15175,0.29861,0.41062,0.47429,0.32914,0.34055,0.14897,0.031786,0.0052895,0.017832
2,0.54629,0.13501,0.51316,0.53651,0.44023,0.14599,0.3508,0.74452,0.58322,0.3401,0.30372,0.26543,0.056911,0.054877,0.041297,0.058154,0.038545,0.025936,0.016156,0.031345,0.0049124,0.010918
2,0.51448,0.33709,0.33763,0.29084,0.20588,0.045719,0.023253,0.035045,0.011899,0.0027704,0.0031238,0.023387,0.92452,0.92722,0.95184,0.58501,0.8131,0.76774,0.72839,0.46963,0.22341,0.14891,0.09743,0.28918,0.31824,0.060003,0.01725,0.005705
2,0.025628,0.023113,0.023187,0.030002,0.039772,0.015489,0.011633,0.060389,0.06083,0.20155,0.79588,0.80454,0.63862,0.45178,0.66384,0.40122,0.44769,0.57619,0.37446,0.041729,0.20827,0.1221,0.017707,0.011017,0.017037,0.019061,0.010421,0.02979
2,0.95401,0.52143,0.077059,0.51294,0.56756,0.23193,0.74891,0.84857,0.72059,0.657,0.67724,0.62615,0.54946,0.80967,0.79382,0.55485,0.43655,0.3431,0.12025,0.076875,0.031381,0.038809,0.042051,0.020846
2,0.40431,0.16791,0.10159,0.079913,0.057617,0.082349,0.061188,0.041159,0.055679,0.11333,0.33997,0.34612,0.22912,0.3366,0.14521,0.36343,0.37491,0.3762,0.42341,0.59707,0.37502,0.4866,0.61689,0.72345,0.69683,0.73857,0.73907,0.063281,0.0059004
2,0.66059,0.22748,0.34423,0.32933,0.33449,0.12019,0.16527,0.022614,0.036228,0.054576,0.034732,0.075049,0.39106,0.24583,0.17466,0.084034,0.74541,0.59252,0.53448,0.53499,0.35438,0.14855,0.067183,0.10505,0.04322,0.050398,0.030871,0.021902,0.0603,0.061173,0.038104,0.0037317,0.01422
2,0.39757,0.18313,0.45599,0.36277,0.42244,0.28067,0.48232,0.15564,0.080229,0.21315,0.33531,0.13808,0.53611,0.63243,0.64735,0.67634,0.9403,0.87564,0.94625,0.51336,0.44119,0.43005,0.17927,0.0089412,0.014478,0.059415,0.02158,0.023329
2,0.068582,0.032768,0.027259,0.03022,0.017231,0.044861,0.016896,0.010258,0.016649,0.061759,0.088649,0.096922,0.051456,0.038257,0.0057515,0.0023006,0.0043381,0.052989,0.0043794,0.0055163,0.0019521,0.0011742,0.00083893,0.00073231,0.0071658,0.027547,0.0017225,0.011695
2,0.27364,0.060289,0.089618,0.0913,0.14506,0.18175,0.11482,0.044673,0.006671,0.0035166,0.0049929,0.014168,0.084505,0.67576,0.66847,0.61118,0.91163,0.74995,0.7073,0.70548,0.72564,0.19706,0.89238,0.57861,0.77903,0.89832,0.79915,0.31765,0.43383,0.12628,0.05429,0.068935,0.013435,0.037437,0.027893,0.0091307
2,0.038385,0.20431,0.64934,0.86332,0.83106,0.78595,0.45665,0.2491,0.31821,0.56112,0.46866,0.58952,0.26112,0.22779,0.04183,0.027548,0.12047,0.045608,0.022979,0.029824,0.038726,0.033155,0.029754,0.057404,0.059233,0.00664,0.02618
2,0.033228,0.018787,0.012841,0.017467,0.014821,0.010081,0.0089935,0.012832,0.014011,0.015737,0.016226,0.059494,0.17124,0.21181,0.45534,0.39242,0.4879,0.8806,0.36135,0.60716,0.63952,0.61974,0.070617,0.051705,0.089105,0.036271,0.0048356
2,0.55501,0.033321,0.0096404,0.012193,0.012477,0.01527,0.045003,0.035595,0.036493,0.08814,0.075265,0.13738,0.082841,0.13187,0.091335,0.046827,0.021417,0.038107,0.10727,0.079689,0.10554,0.19238,0.14031,0.022751,0.021853,0.025108,0.03771,0.36855,0.73918,0.55605,0.7303,0.88586,0.4029,0.055096,0.089582,0.12546,0.18569,0.043915,0.16884,0.14429,0.0055959
2,0.4936,0.10037,0.016376,0.036486,0.018709,0.022031,0.045255,0.25707,0.33079,0.58855,0.83853,0.86681,0.56205,0.064304,0.17942,0.16568,0.06026,0.25288,0.20253,0.2812,0.36174,0.38971,0.35633,0.30095,0.52819,0.23373,0.63252,0.57285,0.54375,0.020811,0.0089702,0.0078365,0.0090475,0.016991,0.011768,0.012168,0.01393
2,0.018101,0.023181,0.059634,0.067168,0.22535,0.22694,0.27295,0.27248,0.24596,0.058034,0.023053,0.041175,0.031436,0.033572,0.045127,0.037998,0.047386,0.049915,0.035591,0.038824,0.057718,0.082834,0.10605,0.12277,0.12145,0.17596,0.085805,0.093911,0.18706,0.34755,0.6376,0.95066,0.98444,0.99255,0.99108,0.98221,0.89208,0.5,0.29636,0.16451,0.034072,0.024817,0.043916,0.076596,0.056093
2,0.5,0.26904,0.11265,0.049239,0.0178,0.010386,0.0098445,0.02447,0.033346,0.079853,0.11846,0.56944,0.37434,0.45434,0.52968,0.45826,0.22167,0.20896,0.33343,0.4286,0.70449,0.76989,0.18145,0.13955,0.028206,0.0879,0.15047,0.081287,0.029793,0.057458,0.052816,0.040633,0.018452,0.077809,0.11255,0.16773,0.22731,0.57918,0.55628,0.6951,0.59312,0.61664,0.016246,0.01016,0.014255,0.010308,0.00737,0.0078476,0.0061559,0.0053935,0.011603,0.010435
2,0.16504,0.043038,0.028685,0.020509,0.041885,0.073375,0.25866,0.40842,0.51763,0.81748,0.88081,0.91427,0.84664,0.30345,0.51007,0.40116,0.20103,0.098277,0.17643,0.14814,0.050649,0.029908,0.032744,0.16035,0.11958,0.15443,0.14684,0.13567,0.017884,0.023856,0.023527,0.03647,0.061235,0.062443,0.090468,0.022821
2,0.12151,0.082577,0.015966,0.023029,0.047842,0.034646,0.027689,0.063255,0.062942,0.061192,0.052977,0.094701,0.16183,0.19947,0.22024,0.17072,0.044281,0.056234,0.033715,0.048161,0.1205,0.10649,0.10971,0.28589,0.2186,0.5286,0.97427,0.9661,0.9704,0.98893,0.99117,0.25801,0.063973,0.088625,0.047295,0.031119,0.052723,0.11203,0.049961,0.045003,0.065103
2,0.051478,0.085782,0.07164,0.019723,0.27845,0.45321,0.5109,0.46854,0.68481,0.73813,0.35004,0.053422,0.055383,0.38452,0.42414,0.70125,0.915,0.90495,0.88775,0.97305,0.98759,0.94478,0.9689,0.90861,0.11274,0.05457,0.040893,0.044922,0.030116,0.015016,0.0068039,0.015886
2,0.84495,0.31494,0.23355,0.53494,0.55256,0.2482,0.37407,0.57192,0.81855,0.83267,0.65033,0.52863,0.71311,0.64621,0.64703,0.50812,0.3619,0.044676,0.018453,0.018741,0.012115,0.014205,0.019473,0.011931,0.015198,0.0044614,0.024356
2,0.52877,0.073854,0.35076,0.48843,0.74703,0.79536,0.70889,0.11682,0.021658,0.27999,0.44698,0.53315,0.75889,0.93564,0.91562,0.83578,0.39152,0.5,0.65224,0.89938,0.89626,0.91901,0.90817,0.75306,0.32831,0.27472,0.070972,0.16225,0.21231,0.12645,0.14773,0.1913,0.068615,0.064189,0.093801,0.1094,0.098692,0.015473
2,0.85795,0.36192,0.82096,0.97067,0.91913,0.94641,0.96889,0.93423,0.63,0.85374,0.79181,0.82433,0.62855,0.65672,0.33005,0.20578,0.2658,0.24303,0.23404,0.077296,0.049181,0.053531,0.036619,0.014893
2,0.022883,0.010947,0.019502,0.01573,0.014999,0.044875,0.05279,0.067061,0.10476,0.081868,0.016879,0.012819,0.082111,0.23629,0.34767,0.53389,0.84179,0.64325,0.79551,0.9643,0.96127,0.94782,0.97888,0.97928,0.95806,0.94034,0.8583,0.76154,0.74713,0.70153,0.62173,0.029396
2,0.040406,0.021811,0.0093234,0.02036,0.045017,0.030075,0.059634,0.076027,0.04115,0.1583,0.11486,0.2034,0.24889,0.55873,0.69711,0.6811,0.88217,0.39142,0.68681,0.92814,0.97349,0.97742,0.97068,0.96524,0.95296,0.96436,0.83549,0.36837,0.24417,0.13406,0.054086,0.017144,0.0052059
2,0.49289,0.25311,0.5,0.9028,0.89278,0.95254,0.93375,0.89743,0.57222,0.31196,0.36073,0.42043,0.51448,0.60038,0.80435,0.59318,0.44617,0.65107,0.50521,0.39996,0.36651,0.30584,0.14759,0.044483,0.0086722
2,0.18028,0.089602,0.1087,0.40342,0.51382,0.19818,0.31611,0.23378,0.2855,0.65874,0.94213,0.9037,0.92029,0.77997,0.58772,0.50804,0.41474,0.79812,0.89527,0.95802,0.91159,0.27344,0.22914,0.19012,0.020036,0.015948,0.023453,0.016311,0.013957,0.018816,0.012283,0.013296
2,0.55099,0.33598,0.68589,0.86481,0.85517,0.86139,0.92891,0.93081,0.81841,0.082591,0.017584,0.5087,0.3931,0.25001,0.17097,0.23414,0.0060043,0.0055157,0.0039983,0.0026399,0.0052779,0.0057368
2,0.11562,0.13852,0.092392,0.061865,0.14723,0.21101,0.20888,0.19992,0.084563,0.101,0.061604,0.075572,0.14536,0.35263,0.47643,0.89576,0.86481,0.89049,0.55615,0.55903,0.37787,0.35131,0.34235,0.22045,0.074005,0.022666,0.014925
2,0.41322,0.14001,0.15491,0.41997,0.36032,0.43083,0.81412,0.68651,0.70263,0.77032,0.7353,0.70173,0.35388,0.30969,0.094169,0.044202,0.084476,0.04383,0.029183,0.07952,0.079362,0.087188,0.1013,0.274,0.17546,0.12377,0.071761,0.031131,0.0089618
2,0.3004,0.22361,0.1147,0.27198,0.76319,0.70505,0.79879,0.79956,0.72228,0.32287,0.20061,0.94937,0.967,0.94261,0.80663,0.17551,0.40565,0.48066,0.37469,0.57361,0.38602,0.023339,0.045748,0.031991,0.018709,0.026283
2,0.47376,0.099567,0.16827,0.4332,0.35814,0.44377,0.47083,0.83922,0.81859,0.27732,0.19051,0.64532,0.57703,0.40771,0.36483,0.2599,0.032513,0.032601,0.016059,0.015941,0.019752,0.012368
2,0.95658,0.80886,0.87391,0.89476,0.78861,0.30475,0.48701,0.46468,0.43513,0.7293,0.54001,0.11989,0.19015,0.41899,0.54465,0.26367,0.20683,0.46136,0.12603,0.020566,0.030112,0.08211,0.08026,0.075045,0.042384,0.083274,0.0074762
3,0.0036389,0.0014511,0.00056499,0.00016404,0.00012282,4.135e-05,2.5937e-05,6.8669e-05,0.00015738,0.00063092,0.0023269,0.024242,0.014396,0.016368,0.025874,0.001899,0.00025773,0.00049076,0.002104
3,0.0015957,0.0011537,9.8066e-05,0.00016239,1.8208e-05,2.7197e-05,0.00010138,0.00017758,0.0019165,0.0027027,0.011265,0.012145,0.008434,0.0007354,0.00023112,6.064e-05,6.5131e-05,1.2435e-05,5.1212e-06,2.5788e-05,8.5044e-05,4.4547e-05,0.00043018,0.00042691,0.00022953,7.1039e-05,3.3643e-05,5.7957e-06,1.9609e-05,4.5937e-05,0.00038521
3,0.00037,0.00010238,6.8508e-05,0.00014639,9.4378e-05,2.6984e-05,5.291e-05,4.5575e-05,0.00019285,0.00020997,0.00048749,0.00056597,0.0011043,0.0013472,0.0017203,0.0013603,0.0012109,0.0010771,0.00021934,0.0016933,0.0058224
3,0.002114,0.00031983,0.0001337,4.2657e-05,2.418e-05,2.4269e-05,9.4529e-05,0.00044071,0.00056315,0.00055716,0.00048421,0.0013983,0.0024794,0.0040362,0.0035122,0.00017422,0.00013083,0.00018004,5.4871e-05,5.0595e-05,1.8482e-05,1.3631e-05,4.3218e-06,4.0919e-05,4.1162e-05,0.00028019,0.00016368,0.00052195,0.0065528
3,0.00013565,0.00011076,0.000322,0.0002448,0.00029661,0.00014997,6.6671e-05,0.00013414,0.00058275,0.0021726,0.0020438,0.0047348,0.0041416,0.0043794,0.0058157,0.0030669,0.0028479,0.0037949,0.0045213,0.0035312,0.0043809,0.003859,0.0074416,2.488e-05,6.7479e-05,6.4578e-05,5.6602e-05,1.5642e-05,9.9354e-05,0.00013052,5.7591e-05,4.1135e-05,5.2258e-05,0.00035264,0.00025283,0.00026261,0.00034488,0.00062895,0.00074549
3,0.0014665,0.00015645,0.00011379,4.955e-05,3.3179e-05,5.7031e-05,3.3639e-05,1.8339e-05,0.00012095,0.0001062,0.00014386,0.00012102,8.6659e-05,2.6965e-05,0.00018626,0.00015736,0.0016564,0.0017982,0.0015883,0.0017308,0.0014835,0.0017641,0.0010514,0.0001576,2.6735e-05,0.00010855,4.8075e-05,2.6373e-05,2.648e-05,0.00015684,9.1095e-05,0.00063637,0.0017846,0.00031578,0.00034339,0.00013651,3.9259e-06,1.3795e-06,3.5405e-06,7.9369e-06,2.316e-05,4.5254e-05,3.193e-05,1.1157e-05,4.8354e-06,7.7142e-06,6.248e-05,0.00010106,0.0018159,0.0052722,0.017902,0.0078599,0.0042481,0.0012715,0.008656,0.0096207,0.015463
3,0.00041492,0.00013212,1.8965e-05,8.7471e-05,2.3384e-05,2.7841e-05,6.6608e-05,3.1836e-05,7.7122e-05,0.00014567,0.0002794,0.00090183,0.00051466,0.00021682,0.00024597,0.00034565,0.00039684,0.0055468,0.0073982,0.0068934,0.0005269,0.00031356,0.00034185,0.00032377,0.00017629,3.791e-05,5.3573e-05,0.00010892,0.00019293,0.00080033,0.00028327,0.00020896,1.7668e-05,5.9983e-06,1.3376e-05,5.8502e-05,4.9984e-05,0.00016717,0.00056522,0.00021608,8.9478e-05,8.1714e-06,1.2937e-05,6.6279e-06,1.2453e-05,7.1353e-05,0.00018803,0.00052408,0.0014595,0.00061967,0.0018659,0.0067716,0.032324,0.0064175
3,0.00054106,0.00039234,0.00012693,8.6339e-05,7.0147e-05,5.9874e-05,3.5116e-05,2.1018e-05,7.3809e-05,7.2144e-05,7.2587e-05,4.8703e-05,6.3987e-05,6.8956e-06,7.3275e-06,8.7599e-06,1.6037e-05,8.5231e-06,0.00012817,0.00063232,0.00055521,0.00036709,0.0001893,7.494e-05,2.0048e-05,1.5693e-05,5.364e-05,4.8437e-05,0.00010147,0.00053339,0.0012605,0.0011339,0.0037381,0.0037953,0.0022598,0.0014121,0.00070053,0.0024002,0.0018791
3,0.00079219,0.00046276,0.00017471,7.9224e-05,4.2805e-05,0.00016077,6.8972e-05,0.00018781,0.0024156,0.00072216,0.00044784,0.00094559,4.9296e-05,2.9422e-05,1.6505e-05,3.4362e-05,1.6977e-05,4.2153e-05,2.0937e-05,7.2775e-05,1.9832e-05,1.9571e-05,1.5135e-05,8.2546e-06,2.352e-05,0.002207,0.0029294,0.018758,0.044543,0.39724,0.078281,0.0035229,0.0078691,0.0070545
3,0.0008697,0.00023982,0.00038656,0.00034007,0.00055948,0.00090077,0.003726,0.0019952,0.0010987,0.0014238,0.0018471,0.0013467,0.0007644,0.00068101,0.00021858,6.0856e-05,6.1994e-05,3.9909e-05,2.5494e-05,6.1357e-05,0.00024463,0.00082572,0.0013893,0.0026835,0.00013606,6.3391e-05,2.9813e-05,1.736e-05,5.0527e-06,6.2304e-05,0.0002273,0.00051853,0.00024788,0.00016059,0.00029029,0.0013589,0.0021345,0.005002,0.014545,0.055455,0.021061,0.0051901,0.0010295,0.00029423,0.00053398
3,0.0043473,0.0011335,0.00028404,0.0011374,0.00051923,0.00046999,0.00023096,0.00014901,0.0001187,0.00087306,0.0029002,0.0093583,0.0029295,0.0047049,0.00092795,0.00077696,0.0015888,0.019604,0.018986,0.024733,0.028914,0.00016807,0.00011542,0.00012896,0.00012717,6.5571e-05,0.00010064,0.00072153,0.00044983,0.00049018,0.00065186,0.00051934,0.00027186,0.00025308,0.00013161,0.00017979,0.0015466,0.0080439,0.018613,0.020326,0.024809,0.018107,0.0032828,0.013007,0.0063265,0.0040703,0.0014558,0.00015552,0.00027033,0.00097001,0.0018958,0.0023476,0.0042837,0.0036698,0.0031001,0.098118,0.0042528
3,1.6447e-05,5.6332e-06,3.1373e-06,1.7273e-05,2.4685e-05,0.00010809,9.9034e-05,1.943e-05,5.9457e-07,2.5804e-06,5.1476e-05,3.2234e-05,0.00017044,0.0017586,0.0011774,0.0011431,0.0013142,0.0016931,0.00070678,0.0001888,0.001726,0.0022,0.00072382,8.8032e-05,0.00038453,0.00028172,0.00019542,0.00015025,0.00025799,0.0010585,0.00053129,6.187e-05,0.00028943,0.00034357,0.0011925
3,2.4291e-06,1.7741e-06,1.3602e-06,4.3933e-06,7.4952e-06,2.727e-05,2.7738e-06,2.6415e-05,4.4475e-05,0.00013904,0.0018875,0.00046757,4.4885e-05,0.00018586,6.2872e-05,7.1774e-05,1.4888e-05,3.5002e-05,0.00016693,0.00015128
3,0.00037241,0.00020087,4.5601e-05,3.0705e-05,3.647e-05,5.8384e-05,2.2026e-05,7.2161e-06,3.273e-05,3.2686e-05,7.8889e-05,0.00017555,0.00016466,4.4416e-05,0.00015643,0.00014652,0.00011868,0.0012765,0.021254,0.018865
3,0.00064662,0.00013085,0.0008504,0.00018172,8.4297e-05,2.7811e-05,1.6921e-05,1.1546e-06,2.9886e-06,1.2774e-05,7.2648e-06,2.2099e-05,4.0721e-05,2.4361e-05,4.2785e-05,0.00014893,0.00017664,0.00013098,0.0010632,0.0010561,0.0025618,0.004894
3,3.2431e-05,1.2125e-05,3.0002e-05,0.00025201,0.00040466,0.00023664,0.00084899,0.0015274,0.00058149,1.0601e-05,4.4536e-06,3.5887e-06,2.1257e-05,0.00017915,0.0025862,0.0027181,0.0026426,0.0027338,0.0033035,0.0032703,0.0026875,0.0019454,0.001376,0.0012092,0.00031309,0.00018872,0.0016132,0.0043805,0.0024555,0.00093668,0.00066166,0.00032021,0.00017596,0.00035887,0.00017544,7.6346e-05,1.5957e-05,5.7634e-05,0.00011291,0.00080976,0.0081429
3,3.4138e-05,1.3808e-06,4.8579e-06,2.1252e-05,3.5185e-05,0.00010798,0.00052513,0.00033055,2.8141e-05,2.6374e-05,0.00015505,0.00030254,0.00046843,0.00056047,0.00058571,0.0015263,0.0026962,0.0026099,0.0069412,0.0036439,0.0024904,0.0029449,0.00084196,0.0033361
3,1.3867e-05,1.8077e-06,1.7092e-06,2.6339e-06,9.5941e-07,1.2123e-06,3.1449e-06,4.7913e-06,3.5674e-05,4.6191e-05,2.3054e-05,1.0701e-05,3.1257e-05,1.8524e-05,6.3207e-06,1.3331e-05,1.3327e-05,4.144e-05,0.0017302,0.0032859,0.00016606,8.6378e-05,7.6777e-05,8.7983e-05,9.9631e-06,2.7977e-06,3.3211e-06,2.7691e-06,2.9366e-06,1.5494e-06,3.9731e-06,6.2423e-06,8.0549e-05,6.0573e-05,0.00040816,0.00014008,0.00035806,0.00037156,0.0027328,0.0017715
3,5.4169e-05,1.4221e-05,1.6034e-06,1.776e-05,1.0352e-05,1.7038e-05,4.1537e-05,0.00010338,3.7284e-06,4.432e-06,6.4476e-06,1.6018e-05,3.7913e-05,7.7752e-05,0.00015125,7.1656e-06,3.4784e-07,5.0134e-07,1.3114e-06,3.1882e-06,1.0438e-05,5.7406e-05,0.00013895,4.5682e-05,7.4575e-06,1.6933e-05,1.7785e-05,1.2954e-05,8.8473e-06,2.5667e-06,2.8144e-06,6.7577e-06,2.3738e-05,9.6498e-05,0.00033318,0.00040948,0.0018377
3,0.0045868,0.00012811,1.8756e-05,5.3144e-06,2.3512e-06,1.1584e-05,8.7165e-05,0.00041926,0.011711,0.01289,0.0036898,0.0025887,0.0026621,0.0023491,0.0017547,0.00045869,0.0097691,0.0010033,0.0012179,0.0013708,4.2648e-05,5.5805e-05,0.0004708,0.0016064,0.0022639,0.0068708,0.0013751,0.00015058,7.6155e-05,6.6623e-05,0.0001006,0.00024255,0.00079093,0.0019336,0.0018376,0.0020355,0.0025844,0.0022642,0.0039215,0.004648,0.0070972,0.0069949,0.0073755,0.00024422,3.0377e-05,0.00015197,0.00030532,0.00018256,0.00023896,0.0050364,0.0039146,0.053185,0.036596,0.018806,0.0063464,0.0037129,0.0039944,0.0032235,0.0030806,0.0028298,0.05543,0.069635,0.012993,0.0051734,0.00035852,2.3212e-05,4.9472e-05,3.9583e-05,3.7851e-05,3.9487e-05,0.00016236,0.00043051,0.0017487,0.012236,0.0031285,0.0044076,0.0038485
3,3.5395e-05,5.1704e-06,4.0732e-06,1.1308e-05,7.0187e-05,0.00042259,0.00090958,0.0019127,0.0008541,0.00012775,6.3825e-05,0.00010916,0.00024521,0.00028608,0.00024655,0.00046077,0.0006906,0.0020504,0.0027923,0.0033664,0.0054438,0.001763,0.0013,0.0013664,0.0010603,0.0013134,0.0055256,0.0015179,9.4356e-05,3.7152e-05,4.3397e-05,8.4287e-05,0.00011728,0.00027083,0.0021178,0.015215
3,1.2241e-05,1.6691e-06,1.7081e-07,2.3495e-07,3.0039e-07,8.2725e-07,3.9616e-06,7.1402e-07,1.893e-06,3.6931e-06,6.0997e-06,5.7693e-05,7.8716e-05,8.0187e-06,1.049e-06,1.178e-05,2.7601e-05,6.3637e-05,2.8121e-05,0.00010983,2.0408e-05,1.6818e-06,2.3829e-06,1.8342e-06,2.3193e-06,7.2211e-06,1.4169e-05,7.3498e-06,5.912e-06,4.4129e-06,4.5894e-06,4.2539e-06,8.1173e-06,0.00022833,0.00022868,8.9874e-05,5.1157e-05,0.00031239,0.0025953,0.0020464,0.0016044
3,0.0002058,1.5156e-05,1.2522e-05,6.6742e-06,1.2364e-05,1.5968e-05,3.9366e-05,2.1519e-05,9.7962e-05,0.00015365,0.00027789,0.00015584,0.00028197,0.00049031,0.00030592,0.00051892,0.00052934,0.00029427,2.9895e-05,3.0301e-05,5.0272e-05,3.9793e-05,1.0789e-05,5.913e-06,1.2507e-05,1.5909e-05,1.0396e-05,3.2667e-05,1.919e-05,1.6711e-05,3.7977e-05,0.00013752,0.0032806,0.002429,0.0028145,0.0026436,0.0024594,0.0025423,0.0020265,0.0016184,7.3065e-05,2.8417e-05,5.1515e-05,4.8102e-05,5.4939e-05,1.6791e-05,4.0297e-05,8.1883e-05,8.4694e-05,9.9659e-05,3.6287e-05,2.6902e-05,2.84e-05,3.4829e-05,1.1391e-05,2.3387e-05,5.2599e-05,0.0029187,0.0064765,0.022951
3,8.6118e-05,1.2699e-05,2.6911e-06,2.5631e-06,2.5073e-06,1.4126e-05,7.4941e-06,1.5604e-05,3.488e-05,3.6714e-05,0.00011032,9.0542e-05,6.6787e-05,0.00014968,0.00033298,5.9339e-05,8.5153e-05,0.00018266,0.00013107,0.00020745,9.1578e-05,0.000102,0.0001909,0.00011348,4.8549e-05,5.123e-05,0.0002815,0.0003479,0.001045,0.0010678,0.011337,0.005052,0.0041184,0.005202,0.026238,0.010308,0.0090606,0.002987
3,4.0161e-05,1.2866e-05,5.1357e-07,9.0081e-07,2.8634e-06,6.4401e-06,9.3292e-06,2.2826e-05,1.4842e-05,3.5356e-05,0.00012226,0.00037822,0.0069325,0.0040684,0.0032051,0.0034879,0.0026979,0.0018872,0.0011602,0.001063,0.00093983,0.0011356,0.00028165,0.00022828,0.00071912,0.00090182,0.0017214,0.016481,0.0044335,0.0033426,0.0012208,0.00046106,2.7711e-05,1.1147e-05,2.9824e-05,0.00011039,9.658e-05,2.7752e-05,6.7617e-05,0.00011469,0.00013495,0.00025425,0.00014497,0.00016134,0.00028461,0.00040619,0.00046616,0.0020244,0.0017369,0.0014439,0.001669,0.0024096,0.0030812,0.0046831,0.0044757,0.00020292,0.00019585,0.00049044,0.00082113,0.00067074,0.00014348,0.00019795,8.245e-05,3.9833e-05,3.0665e-05,0.00036218,0.00041263,0.0023326,0.0024992,0.00037064,0.0003076,0.00037455,0.00042811,0.0010822,0.00026744,0.0010913,0.0049279,0.0057854,0.0087375,0.00073718,0.003677,0.0035234,0.0055792,0.003177,0.0020748,0.00097487,0.0006996,0.0041459,0.0023459,0.0039123
3,0.001063,0.0001336,4.6195e-05,5.4083e-05,5.7051e-05,8.0181e-05,2.8289e-05,5.4121e-05,7.8797e-05,3.4319e-05,6.1342e-05,0.00049232,0.00097829,0.016523,0.015029,0.015228,0.019841,0.035469,0.0019632,0.00085291,0.0023344,0.0024289,0.0027756,0.0021129,0.0062696,0.039234,0.0051047,0.00045125,0.00065174,0.001069,0.00021864,0.00016639,0.00035895,0.00052299,0.0040516,0.0032146,0.0093168,0.0031269,0.015131,0.015491,0.018937,0.015233,0.00099679,0.0029628,0.0054984,0.0036747,0.0039101,0.0020565,0.0020896,0.0015131,0.0018636,0.0015248,0.00025161,0.0013512,0.0012573,0.0016726,0.0043848,0.06603,0.0086041
3,5.6871e-05,3.9913e-06,6.0171e-07,1.0659e-06,1.7596e-06,1.3979e-06,1.0655e-06,4.7641e-06,7.7299e-06,5.1085e-06,3.7648e-06,0.00014212,0.00073722,0.00044419,1.955e-05,1.4224e-05,2.821e-05,1.4138e-05,1.0551e-05,1.9999e-05,4.0916e-05,3.6152e-05,1.1753e-05,3.6566e-06,1.9642e-05,4.5074e-05,8.8634e-05,1.3745e-05,1.9336e-05,2.364e-05,2.084e-05,7.2521e-05,0.00018392,0.00066543,0.0016234,0.001023,0.00042531,0.00042308,0.00026139,0.00019697,0.0011998,0.002112,0.0047681,0.002067,0.0026725,0.0022606,0.00108,0.00042502,0.00078977,0.0024301
3,0.00087346,0.00043727,0.00024997,0.00023903,3.9128e-05,0.00082425,0.0062696,0.052128,0.025449,0.0020403,0.0014712,0.00073817,0.00032335,0.00084525,0.00050756,0.0014222,0.0041438,0.0043812,0.0028644,0.004396,0.00084991,0.00041887,0.00041178,0.00083013,0.0016557,0.0081017,0.0054132,0.0041113,0.0035649,0.0029748,0.003197,0.0033104,0.0050024,0.00020866,0.00014179,0.00063276,0.0004558,0.00019967,0.00030983,0.00021333,0.00014463,0.00077687,0.00088996,0.0035083,0.0015291,0.0022944,0.0085824,0.043732,0.069591,0.048331,0.018448,0.0074557,0.0025641,0.0003398,0.0014095,0.0032695,0.011456,0.0088944,0.0053734,0.0086391,0.010323,0.0073424,0.0062906,0.0076335,0.00093633,0.0017733,0.0012587,0.0053547
3,0.00010934,1.2384e-05,0.0001148,0.00022628,0.00021291,4.4035e-05,6.0576e-05,4.0398e-05,0.00057211,0.00020076,0.00033496,0.0017642,0.0010316,0.0013339,0.00023036,0.0013443,0.0017636,0.010423,0.012734,0.011141,0.0055135,0.0070423,0.013383,0.017602,0.01603,0.014593,0.01812,0.00015682,0.00020923,8.9602e-05,0.00011373,0.00031079,0.00019113,0.00023196,0.00027388,0.00028319,0.00087724,0.004635,0.0012086,0.00011041,0.00013905,0.00012035,7.7644e-05,0.00022113,0.0023373,0.0031489,0.0081714,0.0040993,0.010788
3,0.000206,5.0443e-05,2.2939e-05,0.00010604,3.1088e-05,1.0584e-05,3.856e-06,1.9215e-05,7.6e-05,0.00010603,9.6152e-05,0.00015827,0.00018984,0.00013237,0.00047504,0.0013675,0.0033475,0.00012859,0.00013422,0.00013327,0.00041263,0.0006543,0.0033314,0.0025939,0.0021448,1.3665e-05,8.2313e-06,1.213e-05,4.667e-05,3.7702e-05,1.6736e-05,2.2746e-05,1.2183e-05,1.5626e-05,7.4581e-05,0.0010925,0.0021084,0.009793,0.0057066,0.0026433,2.3843e-05,0.00037668,7.2807e-05,8.9521e-05,8.1997e-05,0.0001724,4.6374e-05,6.1246e-05,5.1555e-05,5.1088e-05,0.00010075,0.0002872,0.0002439,0.0023894
3,0.00011872,5.2111e-05,7.3734e-05,5.5652e-05,8.6e-05,0.00012535,0.00021391,0.00068018,0.0020752,0.0073596,0.020285,0.0023322,0.00090137,0.00032942,0.00058685,0.0010826,0.0020502,0.0045599,0.0046984,0.0028198,0.0025847,0.0023368,0.0021566,0.0026613,0.003154,0.0021394,0.00017937,0.00047723,0.00039431,0.00037785,0.00019662,0.00033603,0.00065899,0.00035746,0.00031205,0.00028064,0.00025048,1.2576e-05,2.2274e-05,0.00016542,0.00022364,0.00059375,0.0011859,0.0013623,0.00061905,0.00071551,0.0033469
3,0.00035998,5.865e-06,1.9285e-05,6.7728e-05,0.00011928,0.00010666,0.0021039,3.6122e-05,2.4582e-05,7.2564e-05,4.4676e-05,4.3823e-05,0.00031157,0.00025015,0.00035612,0.00021148,0.00044345,0.00085376,0.0011553,0.0089889,0.0077754,0.0011848,0.00037841,0.00071169,0.00063386,0.00044808,4.0938e-05,2.089e-05,8.5042e-06,6.7307e-06,1.4721e-05,8.8209e-05,0.00017419,0.00013759,0.00016719,9.7239e-05,9.3648e-05,0.0013896,0.0046908
4,0.025306,0.011033,0.009883,0.00085533,0.002448,0.0077135,0.0046275,0.0037937,0.0030107,0.0067193,0.0070852,0.0057004,0.006178,0.0040099,0.0062845,0.0073261,0.0050647,0.0082917
4,0.020988,0.006525,0.0026307,0.0037316,0.0010665,0.0041437,0.016627,0.0131,0.010634,0.005717,0.0019997,0.0010981,0.0011409,0.0007609,0.00065505,0.00053692,0.0018281
4,0.0002528,3.9672e-05,0.00023647,0.00012044,9.2697e-05,0.00021838,0.00037738,0.00025836,0.00062391,0.0004081,0.0037721,0.0058707,0.030614,0.0079163,0.011269,0.032923,0.025717,0.024778
4,0.039739,0.025378,0.033248,0.006131,0.0019334,0.0043537,0.0043199,0.0021523,0.0021863,0.0020285,0.0040207,0.016153,0.01577,0.011141,0.014628,0.018496,0.008318,0.028899
4,0.003291,0.00045947,0.00094224,0.00038567,0.00074991,0.020946,0.14951,0.070689,0.015071,0.062517,0.014481,0.0035113,0.0033997,0.0060971,0.019197,0.02567
4,0.066875,0.020084,0.023974,0.0017004,0.0015617,0.0025378,0.0066545,0.0049269,0.0014691,0.0069533,0.010888,0.015758,0.013912,0.016196,0.023468,0.052581,0.0013281
4,0.011853,0.0011866,0.00028709,3.4179e-05,6.9559e-05,9.0395e-05,0.00035923,0.00086461,0.0048605,0.0084302,0.018114,0.0082723,0.0054936,0.00089159,0.00033019,0.00066352,0.0019985,0.012576
4,0.0024149,0.00031243,0.00026546,0.00010523,0.00015048,0.00010979,0.00033566,0.0019511,0.0035218,0.011249,0.021859,0.03173,0.029231,0.026734,0.039871,0.019027,0.018959
4,0.029503,0.00063047,0.00082178,0.00025083,0.00030421,0.00023102,0.00020834,0.00083519,0.0014711,0.0035715,0.004613,0.0067199,0.0069067,0.014643,0.02063,0.062858,0.014268,0.0061269
4,0.042651,0.0097782,0.0061428,0.0038928,0.0033377,0.0040516,0.0052055,0.010199,0.021037,0.019159,0.0085385,0.0058008,0.0024732,0.0057733,0.0089606,0.0078825
4,0.059993,0.082913,0.055908,0.013271,0.02366,0.022778,0.0030157,0.047158,0.059031,0.028878,0.01043,0.014656,0.00096188,0.00055274,0.0010473,0.010394
4,0.0022026,0.00050444,0.0053274,0.0030493,0.00083558,0.00085501,0.0020032,0.00049103,0.00064595,0.0010955,0.00083863,0.00029555,0.00075071,0.00043677,0.00037624,0.00018927,0.00086622,0.004469
4,0.0012251,0.00092856,0.00027347,0.00052985,0.00062572,0.00069805,0.001611,0.0013164,0.00042036,0.00098827,0.00041776,0.00070495,0.00061125,0.0012341,0.00169,0.00068524,0.0028036,0.011878,0.0081583,0.004162,0.0032671
4,0.034145,0.0037986,0.0027323,0.0041362,0.0055353,0.0025832,0.0042654,0.020487,0.0083382,0.0011055,0.0011165,0.0007454,0.00045254,0.00040774,0.00082323,0.0020271,0.0022324,0.0019203,0.0019685,0.0015576,0.00074448
4,0.00028147,0.00014725,0.0005077,0.00013694,9.9484e-05,0.00057824,0.00057876,0.0015514,0.0020987,0.0016296,0.00028348,0.00066213,0.0010909,0.0013289,0.0033789,0.0086643,0.031038
4,0.00033342,6.7306e-05,0.00014329,0.00021895,9.3268e-05,0.00012034,0.00017269,0.00051059,0.00052969,0.00027763,0.00019056,5.6383e-05,5.6902e-05,6.6839e-05,0.00014607,0.00016237,0.00034895,0.00024612,0.0005932,0.00017498,0.00024581,0.00010346,0.00012369,0.00038671,0.0009262,0.00060054,0.00028589,0.00068183,0.0020853,0.0009854,0.0060684,0.004214,0.01527,0.036087
4,0.019205,0.0036576,0.0062077,0.0031478,0.0010777,0.0010694,0.0019043,0.0024189,0.0010845,0.0012796,0.00068541,0.0015655,0.0021131,0.0033237,0.0030897,0.0079939,0.0030595,0.0023276,0.00053044,0.00035546,0.00037683,0.0014817,0.0011782,0.0032364,0.0064531,0.019451,0.016388,0.023316,0.012649,0.0084129,0.0043853,0.02291,0.0046216
4,0.011907,0.0020992,0.0048715,0.0014781,0.0005869,0.00079214,0.001386,0.0014652,0.0011735,0.00046866,0.00077095,0.0011172,0.0008705,0.001017,0.0025431,0.0040322,0.001787,0.00096251,0.0013393,0.00089071,0.001288,0.001954,0.0039546,0.00299,0.0029369,0.0030372,0.0049294,0.0066102,0.0060195,0.010355,0.0063818
4,0.29519,0.059648,0.067669,0.003541,0.0034363,0.0038612,0.0083731,0.01632,0.0050205,0.0072574,0.0053142,0.0076348,0.0096321,0.008325,0.0038585,0.0037696,0.0039973,0.0022885,0.001165,0.0010018,0.0021775,0.0019823,0.0035112,0.0044624,0.0078864,0.012861,0.023391,0.033644,0.032609,0.036971,0.042333,0.018972
4,0.013101,0.0042644,0.0087266,0.012404,0.016652,0.014468,0.025038,0.016559,0.0078079,0.00083824,0.00065023,0.00073289,0.0035663,0.0041609,0.0079951,0.010964,0.0042195,0.0015173,0.00089667,0.0015163,0.00052947,0.00084547,0.00090273,0.0019304,0.0017541,0.0019741,0.00363,0.0047652,0.0032987,0.016952,0.035818,0.011051
4,0.00055514,1.2873e-05,6.2817e-05,0.00025893,0.00034045,0.00044039,0.00085415,0.00030089,0.0011168,0.0016564,0.003043,0.006079,0.0077355,0.0071033,0.016211,0.0068488,0.0025836,0.0019184,0.0026597,0.0020368,0.005189
4,1.5072e-06,3.4016e-07,1.4619e-06,1.0266e-05,1.4918e-05,4.999e-05,1.2367e-05,4.0146e-05,0.0001501,0.00082129,0.0012102,0.0020283,0.001742,0.00099802,0.00025309,0.00077929,0.001033,0.00064452,0.0017281
4,0.00012755,4.6774e-05,0.00017771,0.00018751,0.00012258,0.00015565,2.4388e-05,2.6853e-05,4.1813e-05,0.00019432,0.0007924,0.00055489,0.00076397,0.0016188,0.002188,0.0015284,0.0039073,0.004101,0.0039632
4,0.0024279,0.00012153,0.00010016,0.00017848,0.00010074,0.00023948,0.00011041,0.00018702,0.00012875,0.00017072,2.1716e-05,0.00034074,0.00026561,0.00060235,0.0030709,0.0083687,0.038656,0.067036,0.057144,0.0029519,0.00099785,0.0017449,0.0050399,0.011857
4,0.00028563,5.7837e-05,0.00013287,0.00040122,0.0018025,0.005696,0.0011445,0.00074194,0.0013455,0.0020893,0.0012512,0.00065755,0.0017843,0.00066761,0.00038148,0.00033904,0.0014962,0.0015018,0.0046059,0.0014492,0.0027501,0.00054738,0.00071707,0.0012551,0.010594
4,0.00048599,3.8181e-05,2.9869e-05,0.00012629,9.8202e-05,0.00018175,7.0055e-05,0.00012858,0.00010192,0.00027619,5.4133e-05,3.2845e-05,3.56e-05,3.3432e-05,3.3958e-05,0.00017055,0.00096866,0.0010237,0.0034545,0.0034768,0.00060726,0.00077547,0.0088041
4,0.00032628,2.0787e-05,7.7707e-06,4.8314e-05,0.00029929,0.0018876,0.0010608,0.00033545,0.00037137,0.00013989,2.6965e-05,0.00017175,0.00032554,0.00027168,0.00044836,0.0012384,0.0018135,0.0038579,0.0058595,0.0065953,0.0034391,0.001522,0.0018552,0.0015768,0.0004246
4,0.00084697,5.6095e-05,2.3831e-05,6.2257e-05,6.4694e-05,0.0010316,0.00085667,0.00038137,0.00038563,0.0018383,0.0021902,0.00051596,0.0006269,0.00032132,0.00021339,0.00033335,0.0009411,0.0021024,0.00034509,0.00029532,9.3102e-05,5.9548e-05,3.5724e-05,2.3769e-05,0.00014776,0.0011514,0.00080759
4,0.0025532,0.00049312,0.00026428,9.8057e-05,3.5833e-05,2.6892e-05,3.1533e-05,2.6097e-05,7.8275e-05,0.00053225,0.00031162,0.00078034,0.00051775,0.0018051,0.00041837,0.00079609,0.0018586,0.0015547,0.00010537,0.0001333,0.00013208,0.00015359,0.00022936,0.00026609,0.0010648,0.0026957,0.0039915,0.036862
4,0.164,0.043335,0.034534,0.022497,0.025256,0.0154,0.0062408,0.0036301,0.0051081,0.0081854,0.01278,0.05625,0.067278,0.056372,0.14264,0.069883,0.08198,0.071402,0.010327,0.0027341,0.00090754,0.0015379,0.0027973,0.0022515,0.010147,0.012535,0.011905
4,0.10243,0.051764,0.072155,0.042157,0.027298,0.011679,0.0066051,0.0057922,0.0099057,0.021402,0.041946,0.0099072,0.0013867,0.002723,0.031534,0.053221,0.050327,0.049413,0.059782,0.057694,0.010468,0.0051284,0.006012,0.0071855,0.0056498,0.010751,0.017705,0.057822,0.061579,0.020435
4,0.028605,0.0045407,0.0047814,0.0030589,0.0032388,0.0077207,0.0055354,0.0038646,0.0040275,0.017322,0.029154,0.015068,0.0030059,0.006415,0.0055646,0.012825,0.026697,0.041176,0.053104,0.039419,0.038275,0.011703,0.0095356,0.0057226,0.0022093,0.0015327,0.0025727,0.0057713,0.0068705,0.0059837,0.0070288
4,0.0018927,0.00031157,0.00028638,0.00035432,0.0025715,0.0018272,0.0003787,0.00026727,0.0003439,0.00037659,0.00020952,2.0647e-05,5.7006e-05,0.00011048,0.00065128,0.0012656,0.0030677,0.0030576,0.0012375,0.0010723,0.00051703,0.00021541,0.00034215,0.00024999,0.00039006,0.0017683,0.0053624,0.02379
4,0.00043956,2.0635e-05,3.4181e-05,0.00019837,0.00017884,0.00022276,3.6407e-05,3.4466e-05,3.2365e-05,4.7104e-05,0.00039005,0.00054573,0.0001231,0.00014849,0.00040453,0.00016192,0.00032518,0.00046912,0.00056549,0.00083498,0.00073824,0.0021239,0.0028482,0.0038145,0.0011817,0.0029442,0.0022539,0.0021963,0.0012519,0.0061814,0.0050107,0.0056298,0.0061746,0.014416,0.01792,0.0051693
4,0.011308,0.00023404,0.00015551,0.00095713,0.0026041,0.0044678,0.0043101,0.002131,0.0015265,0.00092874,0.0024324,0.0057411,0.0049238,0.0020163,0.00043153,0.00055134,0.0004035,0.0015107,0.0051115,0.0046601,0.0066553,0.0039138,0.0076987,0.0077314,0.01082,0.020202,0.020913,0.016975,0.020808,0.0098145,0.017461,0.0073161,0.0046362,0.0031667,0.0083259,0.019958,0.0093537,0.027663
4,0.00032916,1.1563e-05,8.8366e-06,2.8504e-05,9.8628e-05,0.0001256,0.00031171,0.0001415,0.00018515,0.00016851,0.00031411,0.0010789,0.0013089,0.00072637,0.00016381,0.00080542,0.00038599,0.00025589,0.00069562,0.00095342,7.144e-05,0.00013752,8.1531e-05,0.00018575,0.00014592,0.00026915,0.00067964,0.00084181,0.00085571,0.00085893,0.00041624,0.00082156,0.0010665,0.00074938,0.00066854,0.0041871,0.010786,0.0086583,0.014838
4,0.025708,0.00083088,0.00092804,0.0038718,0.0018454,0.0027825,0.0052921,0.0034731,0.0083749,0.017083,0.029463,0.11117,0.055683,0.015829,0.0030285,0.0030897,0.0021162,0.001298,0.001394,0.0014054,0.0013289,0.001121,0.0040192,0.0085297,0.013463,0.031338,0.13797,0.063873,0.022834,0.037804,0.036403,0.053566,0.059054,0.15227,0.071779,0.061013,0.05792
4,0.011503,0.00088246,0.0010849,0.010221,0.018645,0.047839,0.16362,0.064898,0.0032425,0.00042988,0.0006851,0.0021762,0.002483,0.0092768,0.013122,0.0069088,0.0038757,0.005864,0.00083167,0.0013877,0.0024166,0.010695,0.0070786,0.0037206,0.061948
4,0.0084942,0.0022416,0.00031734,0.00044896,0.0014176,0.00098852,0.0014365,0.0070157,0.0040158,0.00063729,0.00053389,0.00032124,0.00042847,0.00074394,0.0047326,0.0084679,0.0018321,0.0012262,0.0012423,0.0027172,0.0011973,0.00075088,0.0014497,0.0039286,0.0024626,0.014756,0.010254
4,0.079571,0.0022483,0.0014846,0.0050127,0.017844,0.018225,0.055733,0.10469,0.010729,0.0044062,0.00049356,0.00032672,0.0021586,0.0016347,0.0014358,0.0019343,0.022996,0.0093222,0.0044102,0.0051355,0.0062907,0.002415,0.0014502,0.0031344,0.0034414,0.0032341,0.0051004,0.0039961,0.012898
4,0.0010667,0.00023015,9.4718e-05,0.00021263,0.00081452,0.00046862,0.001886,0.01393,0.0036701,0.00047371,0.00027663,0.0001458,0.00015054,0.00030756,0.00041719,0.0013498,0.0018343,0.0011469,0.0010336,0.0005382,0.00018255,0.00020481,0.00076245,0.0012874,0.0039646,0.0029302,0.012585
4,0.007652,0.0019725,0.0045501,0.0081601,0.012748,0.021605,0.029237,0.051287,0.012191,0.0079949,0.01193,0.0098814,0.011331,0.0166,0.018751,0.0025076,0.0032844,0.0041233,0.0067192,0.0082954,0.0084822,0.0054174,0.0058493,0.032488
4,0.0035908,0.00012813,8.2076e-05,0.0012461,0.00059667,0.00078855,0.0061788,0.0050699,0.001399,0.00048943,0.00071902,0.00073749,0.0010811,0.00098565,0.0031335,0.0029116,0.0031808,0.0059154,0.0083925,0.0041945,0.0038444,0.0008732
4,0.0089794,0.00056627,0.00041633,0.0014259,0.0011255,0.0020549,0.01102,0.010197,0.0075707,0.00098497,0.00040708,0.00056866,0.00057846,0.00067851,0.0002221,0.00026265,0.00052522,0.00090885,0.0017943,0.0015315,0.001103,0.0015511,0.002233,0.01013
4,0.00025241,5.2164e-05,0.00012879,0.00029819,0.00027072,0.0011148,0.0076869,0.012822,0.0016865,0.0013364,0.0009969,0.00066737,0.00062301,0.0013591,0.00019296,0.00020143,0.00012566,0.00010208,7.0484e-05,0.00012606,0.00082215,0.0012455,0.0029982
5,0.239,0.38398,0.13393,0.043558,0.037611,0.014015,0.0096922,0.036317,0.075525,0.058511,0.047788,0.037015,0.05959,0.39988,0.52083,0.6786,0.067719,0.51311,0.4894,0.72199,0.79964,0.59466,0.03465,0.027976,0.0066459,0.0046697,0.024685
5,0.054268,0.0099423,0.0033562,0.0017939,0.00096368,0.0010205,0.0049531,0.10735,0.1828,0.19597,0.40019,0.073728,0.074285,0.052496,0.017049,0.018843,0.033848,0.045637,0.00094481
5,0.80251,0.35735,0.059433,0.004794,0.010513,0.0011284,0.0051343,0.019077,0.042996,0.033288,0.049303,0.083876,0.13803,0.27251,0.33314,0.018511,0.014769,0.028364,0.035054,0.031033,0.084608,0.077801,0.0055077,0.0010341
5,0.51252,0.0070336,0.0016057,0.00099556,0.0014547,0.0096076,0.0099705,0.0063771,0.0095367,0.0018381,0.00092913,0.0024632,0.14741,0.45856,0.41034,0.70447,0.77374,0.43626,0.023435,0.016039,0.0070193,0.0070817,0.0030848,0.0091974,0.0012133
5,0.058205,0.076462,0.054504,0.039629,0.060226,0.047224,0.041871,0.22278,0.40888,0.25292,0.042281,0.011373,0.0044611,0.0027919,0.0013548,0.02463
5,3.3842e-05,8.4648e-05,0.00042173,0.00020846,0.0028819,0.0027889,0.0027612,0.0020485,0.0054724,0.004061,0.011773,0.025989,0.014333,0.020992,0.0030382,0.00068154,0.00045514,0.00052387,0.00061747
5,0.0042106,0.0003925,0.0047641,0.017818,0.022532,0.020276,0.083946,0.026419,0.0093955,0.0049012,0.0086694,0.005655,0.0088993,0.006939,0.0087252,0.0043506,0.00099976,0.0020168,0.0035419,0.0075126,0.016296,0.0076105,0.018011,0.063662,0.06001,0.089379,0.059588,0.012878,0.0053486,0.0037007,0.0048454,0.0033905,0.0075662
5,0.087656,0.00082833,0.00078381,0.00027569,0.00027014,0.0017669,0.0017889,0.0027378,0.0018267,0.0024567,0.0024588,0.005849,0.003748,0.012632,0.012586,0.010911,0.011486,0.0032868,0.0021845,0.0017213,0.002939,0.0082822
5,0.051767,0.002778,0.017692,0.0053142,0.0019351,0.0021688,0.0029715,0.0016501,0.0031694,0.0049863,0.0024962,0.0010191,0.001742,0.00053429,0.0020019,0.0030732,0.0038938,0.0070876,0.022594,0.014179,0.0056547,0.0025094,0.00010812,3.3084e-05,0.00011357,8.6983e-05,0.00021496,0.00014196,0.00010103,0.00019465,0.00015531,0.00023453,0.0077249,0.020163,0.054082,0.30493,0.50674,0.56864,0.43424,0.72515,0.089971,0.0052506
5,0.31829,0.26671,0.014935,0.32859,0.2283,0.12475,0.081896,0.02229,0.0099452,0.0095879,0.0051543,0.010348,0.009557,0.0072745,0.01109,0.0050956,0.0028607,0.0044371,0.002418,0.0048114,0.00077901,0.00070677,0.00047528,5.2995e-05,0.00026589,0.0010189,0.0038815,0.050159,0.076464,0.050606,0.20973,0.096584,0.0013686,0.00073786,8.0104e-05,0.00019921,0.00010063,0.00021806,0.00040763,0.0010267,0.005384,0.0049324,0.0051339,0.013288,0.044711,0.073934,0.13186,0.061134,0.046045,0.015736,0.0073823,0.0022918
5,0.0121,0.0038974,0.00076453,0.0020773,0.003255,0.002626,0.0040636,0.064521,0.021232,0.024349,0.049352,0.011706,0.0030584,0.0013994,0.0014171,0.0005744,0.00020161,0.00023431,0.00059792,0.0026919,0.0018759,0.0044649,0.0042113,0.053535,0.21902,0.2094,0.18909,0.084221,0.20709,0.12112,0.16879,0.071056,0.014257,0.0019425
5,0.26918,0.16656,0.10189,0.045743,0.045786,0.0667,0.10701,0.088256,0.069055,0.033446,0.06402,0.13036,0.21981,0.065597,0.044993,0.0064952,0.0061641,0.070047,0.15876,0.068122,0.066625,0.092116,0.042164,0.04367,0.039075,0.079235,0.13979,0.069528,0.33388,0.078843,0.31529,0.2315,0.20893,0.18992,0.048129,0.059573,0.023968,0.00071125
5,0.018656,0.0076508,0.010232,0.026062,0.026811,0.065973,0.039921,0.018788,0.010162,0.012106,0.0026133,0.004041,0.0081577,0.006476,0.013421,0.019275,0.022099,0.014124,0.0166,0.025242,0.0080945,0.038323,0.031627,0.0025643
5,0.010864,0.00091734,0.0012002,0.0011521,0.0031946,0.0096845,0.0079671,0.010397,0.015925,0.010883,0.0076901,0.0054889,0.0041566,0.00041429,0.0025164,0.0070365,0.0020208,0.00020978,0.00012243,7.8228e-05,0.00012131,0.00062835,0.000957,0.0021057,0.0070243,0.04792,0.0095189,0.01992,0.02207,0.034385,0.0055191
5,0.028936,0.0040786,0.00036929,0.00017652,0.00013507,0.0001325,0.00051907,0.0028725,0.066104,0.025946,0.018169,0.046913,0.0082968,0.00062522,0.00020782,1.9841e-05,8.3841e-06,5.5934e-05,7.4333e-05,0.00021918,0.00089956,0.0032787,0.010356,0.04686,0.021473,0.026507,0.0034716,0.00029953,0.00035081,0.0015362,0.014479
5,0.060168,0.011294,0.0030352,0.0028976,0.0021704,0.0030344,0.012794,0.028801,0.056718,0.10881,0.036638,0.0034946,0.00016807,0.00010853,0.00012487,0.0012133,0.00090914,0.0021143,0.0054382,0.0035604,0.0092743,0.0045307,0.028945,0.03934,0.36455,0.30796,0.27051,0.29795,0.18345,0.026846,0.034814,0.015844,0.019324,0.026434,0.02411,0.35661,0.38448,0.33894,0.14805,0.043965,0.008855,0.020037,0.013548,0.0092603,0.0057966,0.0021381,0.0019411,0.00095675,0.0016431,0.0016556,0.0027922,0.015718,0.024979,0.016427,0.034283,0.017627
5,0.035114,0.0011335,0.001019,0.0041147,0.0042311,0.0028655,0.0094739,0.0083069,0.0051893,0.0073765,0.009383,0.0098969,0.030316,0.08047,0.05688,0.018987,0.0023744,0.002979,0.0025706,0.0016047,0.004255,0.06682,0.1534,0.22607,0.14319,0.14678,0.038218,0.012639,0.26627,0.34984,0.26741,0.029535,0.18876,0.18656,0.18004,0.37373,0.28713,0.16297,0.053498,0.023191,0.008923,0.010973,0.0063981,0.0039291,0.0032716,0.0024641,0.0043937,0.011303,0.010263,0.013373,0.0052564
5,0.020429,0.00037872,5.1165e-05,0.0001048,0.00015055,6.9369e-05,0.0001025,0.00010599,0.00032273,0.0010057,0.0088089,0.0042248,0.0025852,0.00070315,0.0007948,0.00026659,0.00013536,0.00022158,0.00050376,0.0012545,0.0029687,0.0039655,0.0077761,0.0096267,0.0067627,0.0033069,0.0020197,0.010197,0.009961,0.013053,0.30732,0.05208,0.013131,0.0056504,0.0042901,0.0010237,0.00031363,0.0056096,0.0058537,0.0024544,0.00634,0.027616,0.05833,0.017469,0.043388,0.027144
5,0.0049464,0.0018101,0.0001398,0.00090008,0.0016385,0.0032627,0.0051995,0.008789,0.0027263,0.0055993,0.013786,0.016047,0.020186,0.01245,0.0069679,0.0071909,0.018636,0.0047776,0.015684,0.012438,0.0064257,0.00582,0.022384,0.042182,0.1049,0.07601,0.022115,0.013631,0.049214,0.073058,0.078967,0.020654,0.0018536,0.00083067,0.0014943,0.0022162,0.0037525,0.012427
5,0.004357,0.00022563,0.00021636,0.00017628,0.0011095,0.00027894,0.0017569,0.003584,0.0031037,0.0015818,0.00014915,0.008188,0.010135,0.024016,0.042987,0.14621,0.00062018,0.00064563,0.00053178,0.00093772,0.0014222,0.0037049,0.002806,0.005328,0.015969,0.031341,0.018945
5,0.01831,0.00098003,0.0055568,0.0060031,0.0061826,0.0068442,0.01934,0.017222,0.04788,0.061757,0.017265,0.0049836,0.0016415,0.0013225,0.0020072,0.0078293,0.031607,0.023317,0.0065585,0.0021881,0.0015457,0.00066061,0.00025567,0.0060508,0.011273,0.004446,0.004027,0.0049649,0.023868
6,0.0049113,0.00070972,0.00079068,0.00036493,0.00018991,0.00036956,0.00055862,0.00045867,0.0024763,0.0027732,0.06068,0.06046,0.054808,0.1121,0.038843,0.023658
6,0.13376,0.067538,0.12325,0.020642,0.0050712,0.01179,0.059463,0.15629,0.10761,0.10068,0.013437,0.051336,0.026394,0.029504,0.038844,0.035823,0.023495,0.014348,0.0070797
6,0.0077505,0.0010251,0.00060434,0.00055946,0.00017492,0.00055004,0.0013902,0.001978,0.0028129,0.0063542,0.024358,0.0096101,0.023087,0.0049078,0.018676
6,0.11713,0.062139,0.074072,0.009903,0.006455,0.001155,0.003167,0.0055676,0.39371,0.53905,0.29728,0.071816,0.036088,0.00065787,0.00015029,0.0011152,0.0018796
6,0.30185,0.10802,0.10019,0.059832,0.051291,0.32813,0.47876,0.48534,0.31283,0.59665,0.44315,0.11996,0.014666,0.032854,0.021967,0.0083636
6,0.23715,0.06006,0.086236,0.063664,0.015118,0.040557,0.059532,0.24813,0.42321,0.479,0.27211,0.063363,0.028218,0.014554,0.024195,0.0029108
6,0.11497,0.0052924,0.0023103,0.003113,0.0067288,0.0032518,0.003091,0.0012149,0.00048014,0.0020051,0.0015786,0.00098653,0.0069047,0.013572,0.016598,0.017291
6,0.051586,0.015564,0.01991,0.014716,0.003382,0.012311,0.39569,0.66569,0.72345,0.79348,0.80582,0.26402,0.098906,0.033953,0.026988,0.017321,0.023051
6,0.0045739,0.00021724,0.00041755,0.00065454,0.0032776,0.004666,0.0068774,0.0074791,0.0030485,0.0008294,0.00022719,0.0017026,2.3914e-05
6,0.0033757,0.0012754,0.00028034,0.00013096,9.3408e-05,0.0004199,0.0013247,0.0076239,0.008281,0.011237,0.018347,0.010038,0.00519,0.003554,0.012375
6,0.032225,0.0051955,0.0099854,0.0064039,0.0083161,0.0097108,0.0083277,0.021776,0.021005,0.019973,0.033475,0.018123,0.017432,0.016946,0.065097,0.029919
6,0.1302,0.015021,0.010345,0.0024011,0.0021285,0.0034874,0.0026075,0.0030811,0.0037019,0.0022223,0.0016018,0.00063961,0.0014289,0.00059585,0.00094459,0.00046765
6,0.036923,0.011167,0.010507,0.0053455,0.0052493,0.004092,0.0054872,0.0032342,0.0152,0.0019267,0.001599,0.00078296,0.002181,0.00047168,0.00064036,0.00050306,0.00092205,0.0005254,0.00065503,0.0030232,0.0059964,0.0047758,0.027404,0.015937,0.13876,0.029378
6,0.020259,0.0091012,0.0033745,0.0044539,0.00070787,0.00057111,0.00036161,0.00053242,0.00032345,0.0004653,0.00014069,0.00027765,0.00053329,0.00044201,0.00074281,0.00068906,0.00013334,0.00010357,7.7589e-05,8.7148e-05,0.00029972,0.00074891,0.012542,0.020075,0.071775,0.05911,0.04476,0.025482
6,0.077399,0.009139,0.023497,0.017617,0.014781,0.0054398,0.018096,0.015761,0.0081703,0.0045532,0.0019755,0.0080564,0.0024186,0.011879,0.01637,0.0229,0.0077135,0.0056351,0.0080362,0.0049676,0.0021209,0.00038592,0.00035957,0.00027481,0.00038663,0.00025611,0.00029078,0.00067199,0.0044937,0.0029032,0.081912,0.0053893,0.0013799
6,0.012861,0.011412,0.0063729,0.0055714,0.011043,0.019384,0.021327,0.015984,0.0062902,0.0024872,0.0032249,0.0030791,0.0019024,0.0018587,0.0010165,0.0041517,0.0040126,0.032228,0.056698,0.10121,0.02506,0.0038886,0.0031403,0.0016123,0.0013871,0.0042416,0.0051533,0.014433,0.024648,0.053095
6,0.062306,0.0084821,0.002182,0.00073719,0.00033631,9.3228e-05,0.00011164,0.00016492,0.00013845,0.00073935,0.00074055,0.010318,0.0069917,0.0051315,0.016171,0.0076122
6,0.13431,0.0084988,0.023024,0.01055,0.0052761,0.0033787,0.0034212,0.0043681,0.0090827,0.0063369,0.059902,0.060878,0.10479,0.10209,0.070333,0.010723,0.014574,0.059793,0.018186
6,0.004789,0.0010471,0.00047028,0.00032849,0.00041571,0.00045324,0.0029822,0.044586,0.044924,0.046941,0.036292,0.037581,0.0017871,0.0033491,0.0010789
6,0.01654,0.013081,0.0063318,0.0018123,0.00064486,0.00026512,8.3815e-05,0.00016115,0.00050818,0.0013156,0.010781,0.022193,0.052964,0.034459,0.033359,0.030154
6,0.010375,0.0069254,0.016255,0.017165,0.098691,0.068458,0.059442,0.02248,0.014251,0.007191,0.0044696,0.014796,0.038573,0.038063,0.035457,0.040588,0.020299,0.032285,0.037922,0.045036,0.073576,0.026922,0.061154,0.01733,0.0052845,0.0021105,0.0033546
6,0.067181,0.0085596,0.0043555,0.017899,0.00082864,0.0003336,0.00030848,0.00066103,2.5413e-05,0.00014593,6.3327e-05,4.3695e-05,4.531e-05,0.00014024,0.00015949,0.00063135,0.00091993,0.0033484,0.0017386,0.019512,0.0020892
6,0.0098713,0.012596,0.056936,0.034223,0.014956,0.037552,0.06444,0.013337,0.033919,0.0084137,0.015977,0.0086716,0.021722,0.055507,0.019692,0.020914,0.030601,0.018699,0.022535,0.0093716,0.060489
6,0.043162,0.0098532,0.0014583,0.003326,0.0069946,0.0051947,0.008284,0.0061231,0.0078628,0.0012851,0.00015023,0.0001863,0.00019773,0.00026265,0.0017754,0.0072474,0.012547,0.011356,0.011747,0.003789,0.0024335,0.00034149,0.012878
6,0.073239,0.012994,0.007886,0.0058097,0.001214,0.00031464,0.001673,0.0021959,0.0050647,0.029382,0.0055709,0.0013107,0.00072524,0.00066238,0.00056984,0.0010366,7.4921e-05,0.0002104,0.00010417,0.00022184,0.00085907,0.0022468,0.011347,0.00094975,0.024974
6,0.020377,0.010209,0.004716,0.0027141,0.0037111,0.0051886,0.0012243,0.0040275,0.0080002,0.01065,0.026358,0.044679,0.023906,0.03463,0.038028,0.0091103,0.00049726,0.00078647,0.00026389,0.00041456,0.00017948,0.00047444,0.0015057,0.0061655,0.003376
6,0.0025793,8.5778e-05,7.3196e-05,3.45e-05,0.00011112,4.2723e-05,0.00014349,0.00037484,0.00045127,0.0016575,0.0035547,0.0034384,0.0028019,0.0043851,0.016775,0.00097026,0.0010584,0.00061668,0.0010958,0.00012857,0.0001665,0.0010284,0.00032157
6,0.0014775,0.00014629,0.00024534,0.0001418,6.9841e-05,4.2114e-05,2.4038e-05,4.2095e-05,0.00027094,0.00041544,0.00079114,0.00064195,0.00021468,0.00020791,0.00046726,0.00050086,0.0035796,0.015855,0.0081465,0.012657,0.037003,0.0056254,0.0018745,0.0041,0.0028294,0.00086357,0.0005516,0.0022966,0.00060233,0.00070635,0.0063312,0.016803,0.019003
6,0.060258,0.01785,0.014951,0.14873,0.11209,0.14194,0.19249,0.032067,0.049912,0.028839,0.013417,0.041611,0.0071568,0.0012374,0.00059298,0.001177,0.0022575,0.0015688,0.37638,0.36273,0.72994,0.83073,0.86299,0.25217,0.069273,0.049613,0.017538,0.0042629,0.0022563,0.0031619,0.0063586,0.006859
6,0.047637,0.01998,0.0072528,6.2345e-05,3.7089e-05,8.6479e-05,5.8102e-05,9.7193e-05,0.00028496,0.00013836,1.8021e-05,0.00044827,0.0017766,0.0018321,0.001904,0.011518,0.0030157,0.00073109,0.00032389,0.00046637,0.00032115,0.00018837,0.00026974,0.0029591,0.0027325,0.012884,0.01491
6,0.024975,0.0011586,0.00057597,0.001799,0.0015062,0.0007859,0.017538,0.0088591,0.0079143,0.0095192,0.0067641,0.0027811,0.002612,0.0031816,0.0093887,0.0074946,0.0045732,0.0040251,0.0051634,0.0026845,0.0023902,0.0022535,0.0070292,0.0027132,0.011539
6,0.001506,0.0021509,0.001294,0.0020361,0.0019145,0.0011549,0.0010139,0.0058092,0.010685,0.0096493,0.025344,0.0065892,0.0010713,0.0018476,0.0034954,0.0003841,0.0029033,0.0029493,0.0060326,0.011843
6,0.019835,0.0019999,0.0037443,0.019366,0.04486,0.045526,0.060582,0.043099,0.045217,0.017802,0.0029342,0.0086385,0.02696,0.009219,0.0045964,0.0027558,0.0055958,0.0050241,0.0030914,0.0016174,0.0021569,0.0062393,0.0043035,0.013512,0.014069,0.03319,0.016342,0.011072
6,0.091607,0.029585,0.0076128,0.010993,0.014343,0.011023,0.04653,0.035671,0.035654,0.0074996,0.0038218,0.0023442,0.010819,0.02189,0.026894,0.14212,0.73497,0.8121,0.75838,0.18153,0.097884,0.0031905,0.0034754,0.00647,0.0087977,0.01079,0.0027031
6,0.00064589,0.00027076,0.00014305,0.00010056,4.6736e-05,0.00016856,0.00021373,5.4172e-05,0.00017036,0.00016731,0.00010406,0.00044811,0.00044715,0.00024861,0.00094962,0.00060054,0.0009596
6,0.097048,0.016136,0.040962,0.044806,0.03416,0.016817,0.029553,0.009593,0.011775,0.0065375,0.043996,0.026645,0.016202,0.013662,0.017252,0.0077145,0.0054902,0.005637,0.0008934,0.00076834,0.0019669
6,0.00048243,3.1858e-05,2.6675e-05,6.6668e-05,0.00011713,0.00024139,0.00044353,0.003746,0.0054304,0.010124,0.0014666,0.0012989,0.0064619,0.0053025,0.0013707,2.5236e-05,4.1918e-05,3.3179e-05,0.00014116,0.00070407,0.0023091,0.0039189,0.0059715,0.023719,0.0057605
6,0.00045457,4.5461e-05,4.9589e-05,7.1536e-05,4.6587e-05,9.1131e-05,0.00017087,0.00026879,0.00069924,0.0054271,0.0058868,0.0081276,0.0048216,0.033521,0.022953,0.0032865,0.0058472,0.014725,0.0053878,0.00047706,0.00012493,0.00019423,7.6667e-05,0.00014958,0.00087056,0.0016742,0.0028471,0.0081147,0.005831,0.012627
7,8.7535e-05,2.7207e-05,1.6422e-05,3.0486e-05,1.7118e-05,4.0754e-05,9.7817e-05,0.00010623,1.9385e-05,0.00012788,0.00019817,0.00016805,0.0032446,0.024599,0.067994,0.036355,0.057284,0.0025919,0.0089107
7,0.0016887,0.00050618,0.00011411,5.6572e-05,5.871e-05,0.00015145,0.00024862,0.00060452,0.00076579,0.00070943,0.00038686,0.00040738,0.00068671,0.0029281,0.0048031,0.0020399,0.0036901,0.0094842,0.0046523,0.0026285
7,0.20209,0.022615,0.016187,0.035732,0.0074248,0.0015619,0.0020162,0.0034669,0.0020223,0.0014746,0.0016522,0.00182,0.0019124,0.0041491,0.002967,0.0076408,0.0065486,0.0049727,0.0052574,0.048509,0.044364
7,0.00078759,1.4862e-05,4.91e-06,2.2062e-06,2.0759e-06,1.9487e-06,3.0153e-06,1.2739e-05,0.00013056,0.00024092,0.00041169,0.00074669,0.002671,0.0046522,0.0083501,0.0022141,0.010941,0.055017,0.017567,0.05056,0.013454
7,0.036561,0.0014594,0.0019294,0.00088011,0.0014056,0.0013632,0.0020648,0.001455,0.0078696,0.013415,0.061102,0.028741,0.019324,0.01061,0.00027245,0.00024671,0.00025917,0.00010338
7,0.002988,0.00011667,1.5249e-05,3.0517e-05,0.00016438,0.00052254,0.0033089,0.009257,0.017036,0.002659,0.002135,0.00031112,0.00051332,0.0020907,0.0027304,0.019766
7,0.0010574,0.00012666,0.00014325,7.4223e-05,7.2085e-05,0.00014126,0.00054528,0.0013773,0.0010706,0.0033415,0.0011045,0.00050177,0.00045518,0.00083523,0.00090299,0.0025201
7,0.11022,0.0029042,0.0003839,5.4535e-05,1.7072e-05,4.0941e-05,9.9128e-05,0.0002375,0.0020818,0.0036909,0.0055944,0.0049773,0.0037076,0.00073349,0.00048674,0.0015367,0.0049571,0.016703
7,0.00022256,0.00011744,5.972e-06,1.3926e-06,1.368e-06,1.0846e-06,5.4555e-06,4.4377e-05,0.00012423,0.00034031,0.0012928,0.0026517,0.0041694,0.00054995,0.00074697,0.0019225
7,0.011303,0.00095008,0.00093365,0.00040702,0.00020129,0.00077469,0.00049457,0.00072531,0.0010521,0.00052378,0.00049716,0.00042997,0.00030824,0.0004474,0.00090121,0.0027532,0.0018396,0.0013871,0.00049306,0.0009857,0.00070135
7,0.0021866,0.00037508,0.00040656,0.00081891,0.0001479,0.00019081,6.707e-05,0.00011993,0.00015451,0.00021172,0.00065181,0.00046674,0.00058219,0.00057022,0.0010501,0.0010792
7,0.017559,0.010679,0.0072845,0.00075071,0.00063059,0.00044856,0.00042272,0.0026482,0.0017943,0.0017135,0.0016208,0.0015547,0.0020743,0.0020285,0.0019509,0.00097191,0.00092953,0.0018674,0.0021609,0.0036163,0.0046022,0.0030376,0.0098812
7,0.0076441,0.00073912,0.0039846,0.0052328,0.0030289,0.0026471,0.0037568,0.0047186,0.0086291,0.012745,0.0095686,0.0085593,0.0039647,0.0049532,0.0049009,0.0049184,0.0069804,0.0093613,0.0083039,0.00050917,0.00025572,0.0005062,0.001214,0.0036232,0.013928,0.018871,0.020491,0.0068007,0.00086597,0.000566,0.0013723,0.0019612,0.0024764,0.005279,0.0043851,0.0076656,0.022545,0.0068687,0.0050066
7,0.061649,0.0032067,0.0029252,0.0011936,0.0014028,0.0029884,0.0011491,0.0010901,0.005098,0.014841,0.029091,0.016467,0.010399,0.004205,0.0023907,0.0017512,0.0023379,0.0035667,0.0073131,0.0064293,0.012445,0.0064002,0.0037051,0.00039703,0.00072036,0.0018813,0.0014859,0.00322,0.0029452,0.0024136,0.00090148,0.0028541,0.010882,0.023351,0.022508,0.042908,0.031431,0.024983,0.021386,0.13481,0.018118,0.025849
7,0.021484,0.0029024,0.0046084,0.0028091,0.0024651,0.0016237,0.0015346,0.0041678,0.0023291,0.0020764,0.0017027,0.00039509,0.00073427,0.00059225,0.0016047,0.0023212,0.0023143,0.0018874,0.0018702,0.00026094,0.00079632,0.00058372,0.00036043,0.00020431,0.00031977,0.00079228,0.001478,0.0031679,0.0077734,0.010974,0.007689,0.007917,0.010044,0.0022797
7,0.0022289,0.00030316,0.00021689,0.00018981,0.00021307,0.00038745,0.00027275,0.0010956,0.011031,0.0086913,0.0056695,0.029902,0.0030327,0.00025957,0.0016288,0.0008507,0.00088511,0.0013666,0.0012246,0.00067168,0.00055255,0.00074902,0.00050464,0.0014986,0.0016186,0.0015529,0.00017216,0.00049068,0.00045239,0.00050815,0.00028727,0.00039929,0.00025903,0.00061845,0.0034064,0.0070253,0.017739,0.013077,0.012489,0.031041,0.016097
7,0.060425,0.0095996,0.0080713,0.0035398,0.0018724,0.00071785,0.0021082,0.0027752,0.0012053,0.0016241,0.00029558,0.00022079,0.00046558,0.0006623,0.00062808,0.0016195,0.0036252,0.0021929,0.0008925,0.00074066,0.00075964,0.00056959,0.0011344,0.00050096,0.0013564,0.0087897,0.0088359,0.015094,0.026959,0.024434,0.011613,0.019075,0.011888,0.007413
7,0.00020229,0.00015491,0.00014903,0.00016218,0.00031966,0.00029688,0.00079776,0.0019931,0.0030235,0.0015199,0.0015118,0.00043324,0.00049684,0.00057788,0.00074576,0.0005669,0.00086869,0.00081856,0.00086675,0.0012381,0.0012292,0.0026447,0.0015512,0.0010408,0.002035,0.0025096,0.0038952,0.0027654,0.013018,0.013872,0.0081417,0.019773,0.025139
7,0.00034961,2.5483e-05,8.7387e-06,0.00012832,8.4669e-05,5.4677e-05,0.00014383,0.00080878,8.4479e-05,0.0002761,0.00046573,0.00040952,0.0010337,0.002179,0.0035101,0.0037649,0.0035518,0.0034325,0.0034318,0.0021745,0.00089498,0.0030994,0.001097,0.0019644,0.0035573,0.033258
7,0.0065965,0.0007385,9.5107e-05,5.4413e-05,9.2806e-05,0.00017297,0.00010231,7.4139e-06,1.7456e-05,1.7285e-05,2.4798e-05,5.6438e-05,0.00025438,0.00036145,0.00061684,0.0012765,0.007502,0.0050278,0.0032454,0.025494
7,0.0009171,6.3339e-05,4.924e-05,6.387e-05,8.0116e-05,0.00024608,0.00054581,0.00091905,0.0007386,0.00067207,0.0019022,0.0018506,0.00051833,0.00091555,0.0010667,0.001377,0.0019389,0.00054105,0.00031847,0.00046257,0.00048366,0.00079606,0.0025409,0.0039874
7,0.00062212,3.9059e-05,4.3478e-05,2.8003e-05,3.6528e-05,0.00034557,0.00020454,3.091e-05,0.00019065,0.00044871,0.0014311,0.0017717,0.0017891,0.0014516,0.0018545,0.0026721,0.0056949,0.00071432,0.0011896,0.0009436,0.0012117,0.00087706,0.0015006
7,1.9777e-05,2.7258e-05,3.147e-05,3.437e-05,4.802e-05,5.4057e-05,0.00014829,0.00031895,0.00019525,0.00039745,0.0007008,0.0014962,0.0017599,0.0043464,0.0021867,0.0030828,0.0015725,0.0043389
7,0.0059388,0.00038321,0.00017134,8.4721e-05,2.1679e-05,9.7261e-05,0.0024213,0.0031861,0.0030913,0.003853,0.0011933,0.00051363,0.00043849,0.00078274,0.00010427,5.3896e-05,0.00012821,9.7825e-05,0.00012532,0.00014685,0.00037674,0.00083587,0.0061967,0.077199,0.11095,0.19053,0.11472,0.021875,0.00066547,0.00070821,0.0010979,0.0011748,0.0031952,0.0038654,0.006782
7,4.2663e-05,5.4989e-05,6.7964e-05,0.00018914,0.00042427,0.0006482,0.00021127,0.00036548,0.0001008,8.1836e-05,0.00020354,0.00038549,0.00056445,0.00079351,0.0011328,0.0014846,0.0062729,0.0049129,0.046226,0.0023634,0.013177
7,0.00020853,2.778e-05,8.0572e-06,1.1967e-05,2.042e-06,6.8357e-06,2.6808e-05,4.1225e-05,0.00010457,9.8701e-05,0.00010796,7.9861e-05,0.0010227,0.00038498,0.00015638,0.00032132,0.00060686,0.00015158,0.00040091,0.00064595,0.00064665,0.0014369,0.010688,0.0021487,0.0040036,0.003441,0.0048032,0.012949
7,0.019661,0.0015485,0.0010234,0.00026892,0.00058248,0.00149,0.0097779,0.0079985,0.0098006,0.016761,0.0026355,0.00095083,0.00034047,0.00099946,0.00067333,0.0017426,0.0039959,0.004293,0.0096298,0.019885,0.020049,0.01934,0.0038199,0.0043205,0.0054495,0.004502,0.0058463
7,0.048135,0.0062416,0.0060485,0.0019831,0.0034087,0.0030095,0.0059375,0.0012036,0.0016348,0.0048006,0.0036664,0.0073857,0.018781,0.0086555,0.0014435,0.0055314,0.0081671,0.0045285,0.0074737,0.01376,0.017004,0.020629,0.032194,0.0062903,0.0055933,0.0038885,0.0024067,0.0034143,0.004442,0.0053396,0.015936,0.020464,0.0011591,0.0012237,0.00036439
7,0.0072561,0.0019422,0.00063054,0.00049972,0.00033772,2.2942e-05,7.7042e-06,6.6721e-06,2.1008e-05,0.00010079,0.00014535,0.00017666,6.0523e-05,0.00012358,0.00028717,0.00027115,0.00051966,0.00013288,3.6995e-05,4.9494e-05,9.2034e-05,0.00030085,0.00098391,0.0025036,0.002146,0.0028083,0.0057611
7,0.003566,0.00062446,0.00067512,0.00018337,0.00017815,0.0012051,0.00037501,0.00081129,0.00046419,0.0021276,0.003882,0.01443,0.0078354,0.0074493,0.00049496,0.0011399,0.0016376,0.0007855,0.0023134,0.0039636,0.0067193,0.0052239,0.011066,0.0072633,0.014742,0.0067112,0.00039936,0.0009189,0.00077755,0.0005246,0.00046483,0.00065497,0.000482,0.00098883,0.0020963,0.0045521,0.0098951,0.0043337
7,0.0037128,0.00043589,4.7651e-05,0.00011941,0.00018379,0.00032787,0.0006498,0.00061913,0.00063066,0.00062534,0.00062301,0.00036745,0.00023844,0.00012333,0.0001028,0.00041553,0.00044144,0.00028058,0.00038554,0.00052591,0.00031976,0.00070732,0.00021072,0.00068084,0.0013897,0.0024813,0.0017768,0.001459,0.00095747,0.0011493,0.0030593,0.0069431,0.005848,0.0073025,0.049901,0.019442,0.018724,0.046428,0.0084212
7,0.021525,0.00058801,0.00042092,0.00042506,0.00062983,0.00056883,0.001348,0.0013532,0.0019101,0.0089846,0.0067842,0.004139,0.0011862,0.0015303,0.0032479,0.0012574,0.00068479,0.00079012,0.0024188,0.0023635,0.001627,0.0035292,0.00089489,0.00085214,0.0010907,0.0036329,0.0022492,0.0017573,0.007899,0.0082494,0.0063685,0.0071987,0.0084169,0.0058122,0.0031649,0.0024317,0.0075077,0.042209,0.011911,0.0038999
7,0.0011441,1.2882e-05,5.2707e-06,3.8138e-06,6.9595e-06,1.268e-05,7.199e-05,3.0116e-05,0.00022087,0.00011228,0.00021879,0.00074591,0.00070789,0.00023224,0.00076116,0.0010009,0.00061515,0.00038146,0.0010608,0.0017516,0.00084509,0.0004455,0.00028391,0.0011597,0.00033262,0.0007349,0.00024793,0.00017231,0.00019982,0.00019195,0.00014466,0.00016938,0.00056676,0.0018403,0.0014753,0.0016997,0.0040108,0.0028687,0.0092119,0.013107
7,0.00058097,1.6918e-05,1.2332e-05,6.2071e-05,0.00014286,0.00010498,0.00041443,9.6477e-05,0.00040383,0.00026407,0.00093326,0.0013689,0.0015382,0.00054002,0.00055305,0.00067457,0.00034995,0.00014625,0.0001753,0.00019545,0.00025422,0.00053689,0.00067971,0.00086568,0.0015964,0.00048783,0.00078615,0.00087108,0.0010296,0.0012019,0.0020039,0.0046814,0.0032889,0.0051418,0.0078206,0.025336,0.01185,0.0020805,0.0017224
7,0.0011377,1.2251e-05,1.1693e-05,2.7166e-05,0.00017879,0.00036163,0.0011086,0.00088504,0.00018525,4.6889e-05,1.1119e-05,9.1865e-05,0.00058068,0.0022605,0.0044128,0.0018678,0.00070201,4.4023e-05,4.8761e-05,5.1353e-05,5.2172e-05,6.4436e-05,0.00014158,0.0001998,0.0002319,0.00034894,0.0002024,0.00019181,0.0002436,0.00032088,0.00056649,0.00057856,0.00085263,0.0051541,0.0022522,0.0061326,0.0073468,0.011361,0.010405,0.011802,0.024771,0.023147,0.059013,0.033336,0.0086859,0.00091228
7,0.010854,0.00069151,0.00020394,0.00034486,0.00018878,0.00057586,0.00097033,0.00039789,0.00025438,0.00034094,0.00072172,0.001814,0.0049342,0.012605,0.0089923,0.0018651,0.000847,0.00058944,0.0003447,0.00024688,0.00014935,0.00021358,0.00025541,0.00028239,0.0014458,0.00050776,0.00073981,0.0012883,0.001369,0.024891,0.025208,0.023476,0.042142,0.021111,0.0011629,0.0020408,0.0058307,0.0088958,0.016919,0.015899,0.030645,0.054661,0.040312,0.048065,0.0048453
7,0.0070931,0.00020242,0.00016738,0.0008749,0.0005664,0.0013606,0.0026356,0.0017057,0.00099505,0.00049164,0.0004211,0.00047346,0.00067912,0.0011664,0.0026268,0.00068142,0.00039018,0.0004345,0.00065904,0.00049451,0.00067635,0.0013636,0.0031721,0.0046764,0.0031163,0.0021119
7,0.0099067,0.0051885,0.00019635,0.00013917,0.00012476,0.00066323,0.00015968,0.00081896,0.0021775,0.0030949,0.00099011,8.8246e-05,8.6747e-05,5.1519e-05,7.3417e-05,0.00022126,0.00045546,0.00062232,0.00042105,0.00041315,0.00053451,0.0013208,0.00060652,0.001524,0.00095912,0.0024948,0.0042321,0.0042706,0.0051171,0.01071
7,0.0010154,6.3766e-05,0.00012917,9.4695e-05,0.00022455,0.0011589,0.0067665,0.0030442,0.0043231,0.007916,0.0051464,0.0024864,4.8522e-05,1.4861e-05,1.6348e-05,1.633e-05,8.7025e-06,0.0012984,0.019436,0.047619,0.15332,0.38258,0.0018814,0.00038491,0.0035995,0.009839,0.006719,0.0090964,0.0045115,0.0012281,0.0013628,0.0030962,0.0027415,0.001024,0.0021355,0.0015709,0.0015788,0.0053895,0.0094966
7,0.00082017,5.4928e-05,2.6173e-05,2.2943e-05,8.0493e-05,0.0011635,0.0033332,0.0021588,0.0026828,0.003512,0.0028664,0.0023642,0.00057489,0.00011108,0.0001136,0.000133,0.00013835,0.00032274,0.0001636,0.00039523,0.00080737,0.0043396,0.0015675,0.0018332,0.0021607,0.0030476,0.0015619,0.0010364,0.0014099,0.0068337,0.0065568,0.0093717,0.015902,0.0084293
7,0.0048437,5.9341e-05,8.1076e-05,8.583e-05,0.00055909,0.0053286,0.0087613,0.020497,0.036547,0.072077,0.0049457,0.00095,0.0019047,0.00089501,0.0035034,0.0063522,0.0081219,0.0079329,0.018331,0.001189,0.0014473,0.0013145,0.000986,0.00068526,0.00088366,0.001008,0.0010265,0.0011046
7,0.0013133,6.7972e-05,3.9097e-05,7.759e-05,6.5972e-05,7.4081e-05,0.00061122,0.0010158,0.0017742,0.00016299,0.00029993,0.00094292,0.00061302,0.0012048,0.00057729,0.00035214,0.00078763,0.0011274,0.0014667,0.0018219,0.0013996,0.0045931,0.0026287,0.0020699
7,0.00063539,3.8618e-05,2.1029e-05,3.5607e-05,0.00012725,0.00016654,0.00033319,0.00071469,0.00046787,4.9058e-05,0.00012105,0.00016923,0.00016976,0.00025691,0.00054276,0.00036958,0.0016213,0.0051766,0.0051429,0.010312,0.0082953,0.0054471,0.0044216
7,0.00022036,1.4276e-05,4.2997e-06,5.931e-06,2.0253e-05,9.2379e-05,0.00029035,0.00048434,0.0005136,0.00098273,0.00014808,0.00011618,0.00016018,0.00050688,0.0014401,0.022144,0.00021489,0.000427,0.00033292,0.00070142,0.00021238,0.00012112,5.9593e-05,5.9384e-05,4.6615e-05,6.6196e-05,0.00019775,0.00024214,0.0003878,0.00074921,0.00084196,0.0050515,0.0086415,0.026715
7,0.0089546,0.0015376,0.0025043,0.0039909,0.011337,0.0073831,0.0099666,0.010063,0.0059368,0.0025895,0.0014122,0.0025004,0.00085466,0.001251,0.0025421,0.0041411,0.0024477,0.00077711,0.00073562,0.0010568,0.00020522,0.00078973,0.0010697,0.0014576,0.00075269,0.00049935,0.0003834,0.00043767,0.00035541,0.000803,0.024624
