1,0.0035438,0.00146,0.0042943,0.0031762,0.2954,0.38145,0.24958,0.13944,0.23072,0.039513,0.061241,0.04451,0.026055,0.050282,0.061976,0.14996,0.070463,0.032445,0.0072931
1,0.0020208,0.0007799,0.00060617,0.00052848,0.00058681,0.0015848,0.00067024,0.00088353,0.0003076,0.00043256,0.00063388,0.00085815,0.00090801,0.00074568,0.00039394,0.0088402,0.060735,0.024516,0.0015169
1,0.0018541,0.00041242,0.016345,0.1269,0.3723,0.15424,0.073244,0.12862,0.079961,0.084669,0.062694,0.052854,0.24524,0.55124,0.42472,0.34636,0.43889,0.044866,0.0063045
1,0.0039914,0.0091231,0.055433,0.029568,0.01008,0.014418,0.0094241,0.036288,0.037844,0.12896,0.090801,0.01348,0.0088443,0.018331,0.009746,0.003632,0.041372,0.011797,0.0045761,0.046533,0.060297,0.010518,0.023589
1,0.0031158,0.0017168,0.0012092,0.00038842,0.0014004,0.0015762,0.0016261,0.0032561,0.0030937,0.0054235,0.0075761,0.065621,0.19176,0.26916,0.053008,0.0040961
1,0.001713,0.0024999,0.0066769,0.00080618,0.0016402,0.001055,0.017889,0.014567,0.0058561,0.0042946,0.011744,0.04688,0.0038932,0.0025061,0.015051,0.080324,0.067195,0.010024
1,0.00037746,0.0024361,0.0026163,0.0068728,0.011069,0.00056555,0.0016127,0.0028045,0.0011989,0.0024688,0.00089658,0.0016043,0.0036145,0.011595,0.036148,0.0093903,0.0070472,0.037328,0.081589,0.060624
1,0.0022898,0.0028129,0.027133,0.010637,0.066916,0.035898,0.1373,0.025934,0.027653,0.0095037,0.022758,0.02653,0.060291,0.17378,0.13115,0.05304,0.005091
1,0.00093635,0.00052359,0.0005599,0.0010505,0.0010453,0.007099,0.0068291,0.0029105,0.02982,0.3058,0.26579,0.2139,0.076083,0.076496,0.3674,0.068295,0.0070366
1,0.0013653,0.00080104,0.00090365,0.00065131,0.022211,0.019843,0.015107,0.0036529,0.0013998,0.00060958,0.00049436,0.0025884,0.025446,0.029478,0.034667
1,0.0014248,0.00092312,0.0010944,0.0032056,0.0042793,0.0043904,0.006736,0.013937,0.011145,0.017618,0.011533,0.0044526,0.010779,0.18962,0.0039792,0.0045183
1,0.00066007,0.00031072,0.00024801,0.00075418,0.0040005,0.014961,0.048485,0.034107,0.033592,0.045678,0.039703,0.094508,0.07209,0.042802,0.083068,0.33207,0.1708,0.058343,0.011638
1,0.0061543,0.0015057,0.00097381,0.0010564,0.12281,0.2746,0.28754,0.1671,0.31696,0.22131,0.5,0.58472,0.28649,0.1503,0.15199,0.66236,0.2524,0.011589
1,0.022272,0.005076,0.0076479,0.014682,0.060722,0.211,0.34198,0.04242,0.033257,0.010663,0.0087881,0.0021867,0.012831,0.0079664,0.015467,0.0047387,0.0057658,0.0081726,0.002047,0.0054409,0.026286,0.13228,0.091817,0.059852,0.012763,0.0065435,0.001341,0.0036691,0.0040456,0.013464,0.072565,0.18458,0.16587,0.059777,0.021013,0.0031758
1,0.0040592,0.0042352,0.005393,0.004409,0.013824,0.041654,0.09924,0.059681,0.05315,0.01984,0.0074667,0.0073706,0.018319,0.013033,0.0056994,0.0018882,0.0043859,0.0044736,0.059173,0.072756,0.071482,0.24005,0.45014,0.052969,0.024406,0.012834,0.007992,0.026795,0.026202,0.05982,0.040673,0.026911
1,0.0019066,0.0039008,0.0051142,0.0035199,0.0089847,0.011831,0.01379,0.01033,0.018059,0.055259,0.019975,0.0015718,0.0047752,0.0055073,0.015834,0.0044822,0.0014149,0.00040916,0.0026142,0.0023169,0.00094045,0.0017453,0.0011937,0.0054719,0.0096738,0.010732,0.0059912,0.0023916,0.00062164,0.0039239,0.00075557,0.0016629,0.0058794,0.010667,0.039107,0.038732,0.019802,0.20824,0.13011,0.0040914
1,0.0018801,0.0010723,0.00096635,0.00078016,0.011861,0.060829,0.14255,0.47442,0.26253,0.12276,0.023908,0.03492,0.021736,0.004163,0.0033015,0.0014971,0.003688,0.017569,0.22318,0.30766,0.35887,0.079589,0.035634,0.02158,0.023721,0.019905,0.043152,0.055214,0.10044,0.077411,0.075881
1,0.013331,0.030909,0.0031701,0.003349,0.0032717,0.0032045,0.0028865,0.066314,0.16519,0.18731,0.072247,0.029427,0.020492,0.0079076,0.0094365,0.0016406,0.00107,0.00059526,0.0074063,0.029388,0.022579,0.0039903
1,0.0058191,0.004184,0.01213,0.0037115,0.0026133,0.0029621,0.0026372,0.0015258,0.0013417,0.00145,0.0056316,0.0052654,0.0063078,0.0032253,0.0013352,0.0033142,0.0056722,0.0040466,0.0020323,0.0026113,0.002862,0.0038141,0.036473,0.014869,0.0064689
1,0.0035478,0.0032012,0.0035778,0.0025697,0.0044309,0.0050538,0.024364,0.17489,0.33698,0.022182,0.01359,0.0079921,0.0071742,0.0031299,0.030847,0.0078509,0.0058538,0.028025,0.010764,0.0088311
1,0.030176,0.030864,0.021468,0.0098635,0.041278,0.017635,0.011645,0.018505,0.012063,0.0066646,0.0034262,0.027811,0.0614,0.19445,0.080547,0.051158,0.011669,0.0019708,0.0010065,0.0011099,0.0013923,0.0034088,0.010131,0.0053335
1,0.096363,0.013868,0.0063769,0.0064048,0.016471,0.011948,0.035075,0.021013,0.0070992,0.0078778,0.0037543,0.0034041,0.0045082,0.01065,0.06417,0.27849,0.52192,0.11909,0.13786,0.17852,0.048337,0.13166,0.14491,0.054441,0.0031117
1,0.053139,0.10675,0.050271,0.17692,0.075235,0.28578,0.093977,0.0060862,0.0051027,0.0014708,0.0012328,0.0034493,0.0084761,0.0028291,0.052318,0.023262,0.061659,0.034981,0.0036829,0.012582,0.0095391,0.0064931,0.022393,0.046482,0.045219,0.010897
1,0.017417,0.0077334,0.0051078,0.0087707,0.01148,0.014589,0.021498,0.037584,0.0067904,0.0063874,0.0069525,0.049917,0.0063682,0.12089,0.066161,0.2225,0.19051,0.053541,0.030974,0.059732,0.1191,0.1591,0.12842,0.0449,0.018186
1,0.013971,0.0098865,0.0094053,0.0089705,0.0097893,0.048854,0.09757,0.048299,0.056502,0.02746,0.010939,0.016674,0.016962,0.001838,0.0030384,0.0035431,0.0060291,0.0092155,0.0036058,0.0015562,0.0073421,0.065475,0.020569,0.1611,0.057605,0.0056849
1,0.0038841,0.0026865,0.0045152,0.026317,0.038734,0.02017,0.12228,0.21058,0.13669,0.13692,0.016039,0.0098882,0.01098,0.025875,0.14157,0.2283,0.6805,0.34306,0.29272,0.11696,0.12913,0.033156,0.35281,0.13552,0.22329,0.53725,0.67076,0.40448,0.24052,0.093826,0.017641,0.023292,0.012884
1,0.0032281,0.0018231,0.0023555,0.0031276,0.0032649,0.00091129,0.0024125,0.0014378,0.0057213,0.0047799,0.0038017,0.0030701,0.029149,0.0092966,0.015928,0.021731,0.0047742,0.0053267,0.0035397,0.0018235,0.00087776,0.0036804,0.0064788,0.007757,0.0041063,0.0040608,0.0038377,0.046156,0.18293,0.36942,0.064699
1,0.00070199,0.00056769,0.00086187,0.033659,0.017253,0.0029526,0.0096299,0.0044174,0.0014819,0.00056036,0.00050552,0.00045893,0.00088092,0.012982,0.014501,0.0091759,0.0019348,0.0021349,0.0018297,0.01111,0.033384,0.034124,0.037578,0.40102,0.64623,0.62481,0.20786,0.034149
1,0.0082664,0.01261,0.010311,0.019947,0.038644,0.036393,0.017774,0.046224,0.004285,0.0024779,0.0010228,0.00078193,0.0010946,0.00054859,0.00070571,0.00086672,0.00092566,0.00080981,0.00040366,0.0011534,0.00090008,0.00044489,0.00024028,0.00022008,0.012253,0.0062785,0.0039104,0.0080065,0.013592,0.051058,0.093007,0.003217
1,0.051628,0.19804,0.22347,0.19916,0.028607,0.037385,0.023252,0.067613,0.027872,0.0036609,0.0030817,0.0018732,0.0053129,0.0057095,0.012424,0.0052721,0.0040101,0.024733,0.039315,0.20508,0.25144,0.45429,0.61309,0.1405,0.16087,0.013706,0.0024979,0.0017832,0.0011453,0.0013334,0.11309,0.34368,0.62587,0.37487,0.5,0.10368,0.03527,0.038344,0.002266
1,0.0031216,0.023848,0.033121,0.019516,0.01485,0.015548,0.016158,0.01395,0.019658,0.009013,0.0016093,0.0015509,0.0031276,0.0013614,0.0017269,0.0039176,0.0079904,0.036123,0.01721,0.018354,0.0038416,0.0041919,0.0012103,0.00041805,0.00019888,0.00014496,0.011219,0.10159,0.036506,0.037869,0.048405,0.11267,0.015131
1,0.0031406,0.0024426,0.012066,0.0068373,0.0058847,0.028409,0.025256,0.069616,0.11614,0.10777,0.11396,0.31362,0.57468,0.37246,0.1856,0.22747,0.18712,0.18589,0.054653,0.021839,0.01289,0.024611,0.013726,0.0098038,0.021494,0.003594,0.022698,0.15004,0.5,0.39532,0.070717,0.066231,0.010599,0.016957,0.0043231,0.015703,0.0055188
1,0.0016386,0.0024113,0.0021406,0.0054067,0.0041102,0.0027848,0.0028015,0.00055053,0.034048,0.023998,0.19603,0.049315,0.034004,0.0089896,0.013496,0.0045896,0.0045135,0.024931,0.056673,0.056598,0.041781,0.068852,0.17876,0.0662,0.1865,0.4457,0.24377,0.013342
1,0.035466,0.0027325,0.0081738,0.0045214,0.0097803,0.0041407,0.0023227,0.001376,0.00062983,0.0093883,0.028193,0.075665,0.4867,0.047636,0.014446,0.0049104,0.0017195,0.00067436,0.022276,0.013211,0.010912,0.031753,0.054002,0.013965,0.019355,0.059519,0.066111,0.072319,0.071239,0.012068,0.0025024
1,0.009881,0.003332,0.0053951,0.03996,0.060044,0.031796,0.10344,0.058384,0.0095825,0.013154,0.020972,0.025631,0.044505,0.017002,0.0056567,0.0049626,0.0075284,0.0072452,0.01224,0.03829,0.059831,0.01175
1,0.0049804,0.0022136,0.0068666,0.011426,0.1517,0.18016,0.26221,0.10852,0.068834,0.016734,0.015972,0.023502,0.005542,0.0032185,0.0029289,0.0021837,0.0068551,0.012369,0.083589,0.099974,0.13545,0.26978,0.23031,0.044865,0.0062361
2,0.00064023,0.00031291,0.00033432,0.00045306,0.041818,0.0097617,0.0028297,0.0020503,0.0019947,0.0012888,0.0017867,0.0015103,0.00084035,0.0028327,0.0011274,0.0012987,0.031933,0.0067702,0.010747
2,0.00063335,0.00022146,0.00030731,0.00049397,0.011475,0.0074764,0.0046408,0.0071524,0.0092465,0.0086195,0.020756,0.025656,0.050559,0.25172,0.1267,0.028459
2,0.052594,0.003226,0.0015803,0.0015043,0.0075376,0.0076847,0.019353,0.014859,0.0052341,0.0026581,0.0012726,0.00082292,0.0025572,0.0046513,0.0061573,0.0036548,0.0011045,0.0035592,0.0058657,0.0030317,0.029376,0.0084852
2,0.0026378,0.0021262,0.0012433,0.011212,0.01352,0.0035528,0.0019298,0.0010568,0.0014402,0.0018558,0.00044692,0.010069,0.0045687,0.0092194,0.5,0.21587,0.063616
2,0.0021199,0.0019757,0.0016781,0.0016577,0.0036776,0.0023696,0.0021381,0.0015439,0.0012173,0.0015038,0.00032401,0.00042878,0.00029001,0.00044181,0.12643,0.12086,0.021649
2,0.0014293,0.00031705,0.00041994,0.00054974,0.0024,0.0009062,0.0023759,0.0037329,0.0024095,0.0022092,0.0017215,0.0018052,0.0017503,0.00074881,0.0032874,0.0033572,0.067326,0.087123,0.014415,0.0030853
2,0.0056189,0.0031961,0.011694,0.013698,0.010721,0.0044956,0.008855,0.0035255,0.016017,0.010227,0.013264,0.00695,0.0019063,0.0011521,0.0013805,0.00049493,0.0018329,0.00050887,0.00023953,0.0002238,0.00095112,0.018074,0.0033299,0.0097594
2,0.28375,0.077828,0.029831,0.040073,0.057131,0.0078167,0.0049748,0.0071415,0.0046825,0.0074384,0.011358,0.01262,0.0086558,0.0072365,0.0083969,0.01797,0.0070283,0.0052115,0.036283,0.028861,0.01157
2,0.11162,0.016128,0.0089057,0.0012887,0.00056007,0.00072541,0.00058187,0.00066648,0.00067071,0.00033833,0.0058201,0.007379,0.10967,0.060516,0.023928
2,0.00072235,0.00083467,0.0036399,0.0065505,0.0033704,0.0053287,0.001372,0.00075147,0.0023291,0.001186,0.00094127,0.00020865,0.00091138,0.0035362,0.026214,0.0046547,0.0016827,0.011179,0.031056,0.059025,0.015325,0.0048067
2,0.0065066,0.006482,0.012236,0.0021476,0.013835,0.021628,0.0024396,0.0011486,0.0015143,0.00065132,0.00039843,0.016114,0.010573,0.042363,0.13497,0.10669,0.0093195
2,0.001063,0.00075486,0.00032685,0.00023229,0.00043227,0.00025465,0.0002375,0.00033214,0.00030351,0.008904,0.0033519,0.010048,0.014941,0.085924,0.012081
2,0.00038672,0.00046231,0.0050276,0.0080358,0.0033987,0.0025776,0.0033863,0.0016513,0.0016582,0.00063162,0.00096231,0.0015054,0.013874,0.072276,0.084731,0.35237,0.24949,0.059655,0.029081
2,0.00039596,0.0002567,0.0021166,0.0019249,0.0021076,0.0014634,0.0015872,0.0025338,0.00075972,0.001123,0.00057235,0.0002582,0.0014346,0.00047229,0.00030966,0.00047713,0.00046628,0.0020152,0.00065957,0.00077043,0.0038764,0.016949,0.054926,0.030032,0.0030404
2,0.010495,0.006491,0.0023751,0.00043602,0.00033244,0.00077803,0.00050863,0.0010075,0.0013852,0.0096762,0.011036,0.019375,0.19833,0.39153,0.018717
2,0.0048744,0.0014404,0.00041455,0.00030413,0.00021492,0.016202,0.032245,0.01386,0.010936,0.0048908,0.010052,0.015485,0.0043226,0.0010809,0.011734,0.12382,0.47359,0.16285,0.0033614
2,0.049742,0.061005,0.075855,0.071542,0.047461,0.12495,0.012847,0.014595,0.0019892,0.00041282,0.0003483,0.00038257,0.0013934,0.0051699,0.0047127,0.038338,0.034821,0.023134,0.040433,0.031407,0.017233,0.025271,0.11016,0.0066411,0.0022601,0.001884,0.043058,0.073791,0.0044133
2,0.0014957,0.0013792,0.0011708,0.0032871,0.0010727,0.0016743,0.00071542,0.00044599,0.00036185,0.0002846,0.0031388,0.0016713,0.00070995,0.00050642,0.0005056,0.00066387,0.013953,0.031005
2,0.00057137,0.00043581,0.0002747,0.00037236,0.001324,0.0015903,0.0016816,0.0012329,0.0003625,0.00098011,0.002321,0.0012349,0.0016242,0.0071721,0.0039201,0.00045254,0.0012739,0.010761,0.016532,0.035191,0.005446
2,0.00083516,0.00052319,0.00014841,0.00013813,0.00034166,0.00057581,0.0016391,0.00078345,0.0013062,0.0015761,0.0028079,0.00096044,0.00061062,0.00077702,0.00056186,0.19906,0.24746,0.024639
2,0.014658,0.0038751,0.0017834,0.00062207,0.00068614,0.0015687,0.00086109,0.00068972,0.00062096,0.00072802,0.017654,0.0028556,0.0010718,0.00055722,0.00059428,0.0004988,0.00095813,0.00087461,0.00097725,0.0019062,0.0010915,0.00044652,0.0039919,0.019454,0.18218,0.32285,0.026588
2,0.004155,0.00056188,0.00043904,0.00034011,0.00059231,0.0021212,0.00089439,0.0013553,0.0018575,0.0016883,0.00099237,0.00066192,0.00049613,0.0031721,0.26166,0.031539
2,0.0048912,0.0037232,0.012082,0.014848,0.014498,0.035851,0.053387,0.093067,0.13594,0.07254,0.090014,0.022889,0.038014,0.0060595,0.013572,0.018462,0.019255,0.020816,0.01393,0.019059,0.018653,0.065899,0.061407,0.052009,0.0073557,0.00878,0.008313,0.0094901,0.0010756,0.00075027,0.00078035,0.0015395,0.03675,0.026277,0.004495
2,0.0028904,0.006497,0.0028705,0.00098516,0.0017209,0.0062337,0.0036798,0.0094997,0.0059473,0.0015328,0.0012391,0.00027422,0.0010156,0.00072641,0.00072063,0.0016317,0.0013418,0.04803,0.025724,0.0013577,0.0013345,0.0011183,0.0013364,0.0011908,0.020167,0.031807,0.051844,0.072254,0.070822,0.0027235
2,0.00055797,0.00052457,0.00094708,0.00071911,0.00073709,0.001204,0.0011952,0.0010706,0.0021128,0.0027837,0.00042257,0.0018681,0.0011404,0.00069412,0.00077382,0.00068564,0.0022531,0.017374,0.024045,0.011979,0.0043965,0.0032392,0.0046701,0.0010249,0.0013494,0.0031389,0.0071731,0.063697,0.062517,0.013132
2,0.012601,0.0025149,0.0014098,0.0013671,0.0013804,0.02703,0.1498,0.16493,0.20665,0.33208,0.36214,0.063395,0.064061,0.024524,0.011835,0.001789,0.0016767,0.00095372,0.00052859,0.00036464,0.0069263,0.014085,0.037808,0.02528,0.023361,0.011555,0.0048792,0.0013926,0.00050669,0.0073318,0.007821,0.016076,0.082461,0.04447
2,0.17184,0.038396,0.12498,0.23965,0.25759,0.39765,0.5,0.3329,0.27709,0.47912,0.5,0.051676,0.079019,0.085877,0.053061,0.037408,0.10716,0.011071,0.0094641,0.011932,0.013812,0.0067056,0.0049467,0.0022599,0.0023835,0.002362,0.00077113,0.0033114,0.003373,0.011277,0.0082803,0.0040164,0.013943,0.0047304,0.023367,0.02708,0.027836,0.014341
2,0.0038146,0.0010395,0.0026396,0.002136,0.00061952,0.0014037,0.0011448,0.0016309,0.0035217,0.0025259,0.0020549,0.00045847,0.00019187,0.00014697,0.00048575,0.00064466,0.00034277,0.00037452,0.00078353,0.038615,0.072032,0.065919,0.018718,0.0073195,0.0037723,0.0038949,0.001641,0.0016846,0.00253,0.015683,0.015041,0.011262,0.35773,0.083764,0.020021
2,0.0021482,0.0027168,0.002469,0.0014902,0.011622,0.015196,0.004522,0.0061513,0.010193,0.02942,0.0085573,0.0025918,0.0039437,0.0021645,0.0019324,0.0039715,0.0028145,0.0010006,0.011849,0.011177,0.0091495,0.0023482,0.00080455,0.00051557,0.00057789,0.00059632,0.010811,0.15595,0.24791,0.4862,0.13584,0.017111
2,0.52337,0.46527,0.30847,0.55806,0.51575,0.56097,0.66458,0.20169,0.060408,0.018562,0.10095,0.12748,0.10281,0.28201,0.12654,0.17822,0.051789,0.023106,0.0032104,0.0017452,0.0013162,0.0010743,0.00067301,0.003198,0.0071992,0.053803,0.089233,0.09959,0.080038,0.017627,0.0040121,0.0073155,0.0080148,0.0037936,0.0086382,0.021149,0.011338,0.036653,0.025413,0.020183,0.0028058
2,0.16087,0.25539,0.081685,0.0071001,0.0039439,0.013613,0.0055851,0.0043176,0.0076941,0.0040713,0.0018613,0.0010386,0.00080512,0.0063115,0.0050637,0.014499,0.0045039,0.0019074,0.00082055,0.00017892,0.00033843,0.039869,0.047955,0.0032791
2,0.0047756,0.0027628,0.0030109,0.00091953,0.00085111,0.0024242,0.0015363,0.0013155,0.0063279,0.0023544,0.0019081,0.0015204,0.0028681,0.0022055,0.0017399,0.001276,0.0013844,0.011964,0.3086,0.01741
2,0.067428,0.052211,0.048656,0.038864,0.014614,0.012397,0.022602,0.054774,0.011669,0.11648,0.036115,0.029501,0.024413,0.0035936,0.0016921,0.0014239,0.0010463,0.0011502,0.0040855,0.0099612
2,0.0074565,0.016586,0.015329,0.0071755,0.007588,0.0018289,0.0045623,0.005284,0.004439,0.0048256,0.0072568,0.0022684,0.0020942,0.0028137,0.001847,0.00067035,0.00054833,0.0003315,0.00082643,0.12027,0.059973
2,0.011564,0.013142,0.006657,0.0015924,0.001533,0.0012785,0.0027349,0.0035014,0.004516,0.0045875,0.003888,0.0027454,0.0014431,0.0014187,0.0018089,0.0010663,0.00081655,0.00077628,0.00082317,0.061774,0.077725,0.027638,0.0055497
2,0.00070325,0.00047443,0.0022695,0.00094764,0.0025516,0.008441,0.017805,0.012858,0.0052914,0.0060516,0.0027211,0.000374,0.0012274,0.0006574,0.0014572,0.0013843,0.0010934,0.0017713,0.00064815,0.0072627,0.19561,0.018829,0.0045479
2,0.047829,0.031304,0.059409,0.0081369,0.0044021,0.0071028,0.0068102,0.0030023,0.0086199,0.0081164,0.051981,0.069749,0.067089,0.027664,0.012718,0.0061746,0.0021661,0.001179,0.00041031,0.00035618,0.0046294,0.1305,0.030228,0.0057414
2,0.050329,0.050244,0.018548,0.02944,0.034451,0.032755,0.019189,0.015769,0.011093,0.0298,0.0055166,0.012796,0.01517,0.014076,0.0090834,0.0019343,0.0046731,0.0018258,0.0021551,0.072901,0.060978,0.026844
2,0.01083,0.0063374,0.0014632,0.00076478,0.00187,0.0019294,0.0010174,0.0009826,0.0010383,0.0035912,0.0023286,0.0079616,0.01361,0.0078443,0.010209,0.0034433,0.004326,0.0011413,0.0028382,0.00081098,0.027409,0.015283,0.017058,0.014938,0.0082078,0.0030061,0.096982,0.072057,0.016589,0.054907,0.19719,0.10696,0.02401
2,0.0074509,0.0027036,0.0016516,0.00050129,0.00039406,0.0018151,0.0048653,0.0070895,0.0022773,0.0014459,0.00065529,0.0020308,0.001139,0.05969,0.029859,0.064493,0.02291,0.028036,0.10782,0.064926,0.19725,0.13301,0.0055979
2,0.0020774,0.0020616,0.001078,0.00041812,0.00046391,0.0093983,0.010741,0.0022777,0.0016412,0.002372,0.0015365,0.0010863,0.014001,0.01034,0.028021,0.017066,0.015712,0.016458,0.011653,0.13154,0.093276,0.029376
2,0.011034,0.011746,0.007464,0.0048255,0.0066843,0.0031332,0.007965,0.013246,0.015906,0.027954,0.059842,0.0090773,0.0050343,0.0030735,0.0021377,0.0020518,0.0045683,0.073891,0.047633,0.012944,0.011807,0.00095643,0.003227,0.0029382,0.0037991,0.0041648,0.024394,0.043324,0.025932,0.0043763
2,0.0016171,0.0017046,0.00084267,0.0031798,0.0015599,0.0070577,0.013493,0.0064258,0.014286,0.0019978,0.0022094,0.003709,0.0022863,0.0018046,0.0010116,0.0019188,0.001735,0.00074373,0.0007065,0.0005307,0.002013,0.0089489,0.0012144,0.012543,0.011928,0.11425,0.21769,0.0086715
2,0.21701,0.085457,0.058084,0.16001,0.27021,0.16845,0.015435,0.016942,0.060625,0.010131,0.0028773,0.00046186,0.00026687,0.0002448,0.00030786,0.0036762,0.0022152,0.0015614,0.00079913,0.0047772,0.00037401,0.00050218,0.0023436,0.036009,0.1103,0.018793,0.032819,0.021809
2,0.025199,0.0065044,0.0038688,0.0068253,0.0068772,0.0011214,0.0015032,0.002311,0.011873,0.014468,0.018913,0.0099457,0.0040536,0.0021838,0.054214,0.5,0.59008,0.0035764,0.0034064,0.0024609,0.0017429,0.0011069,0.012434,0.0050743,0.023649,0.02872,0.073616,0.070597,0.061238,0.039606,0.0053205,0.01164
2,0.078501,0.035662,0.066744,0.077591,0.072399,0.069407,0.041091,0.059607,0.061463,0.059717,0.074047,0.028999,0.0040053,0.0030292,0.0033046,0.0048339,0.0052844,0.0032092,0.0030312,0.0015496,0.0018538,0.00075756,0.0011441,0.0012176,0.0011231,0.0041729,0.0026364,0.060742,0.013281
2,0.0027538,0.00095558,0.00075475,0.00088444,0.0048176,0.0024726,0.0018816,0.001325,0.00057108,0.0083951,0.0065937,0.0055485,0.0022209,0.0033553,0.001898,0.0085174,0.0018269,0.0025842,0.0019317,0.00083972,0.0002332,0.0020692,0.01542,0.012678,0.0094412,0.01222,0.047979,0.020327,0.011496,0.016312,0.065695,0.035273,0.0041115
2,0.0019035,0.00078777,0.00089777,0.00088264,0.00090285,0.00052327,0.00031664,0.0010796,0.011226,0.0019623,0.0013751,0.0016437,0.0010295,0.0011722,0.0026937,0.0010896,0.00024879,0.00043729,0.00036908,0.00050495,0.00019363,0.00018151,0.00016788,0.0034069,0.015445,0.028089,0.07116,0.017694
2,0.0072507,0.0069573,0.013142,0.015031,0.032021,0.014301,0.0039834,0.11698,0.091631,0.050186,0.011992,0.0026968,0.0014752,0.0095853,0.073192,0.062031,0.027572,0.0059518,0.032943,0.015159,0.015632,0.020274,0.01575,0.0086549,0.013874,0.099002,0.014831,0.0032202
2,0.0053025,0.0070605,0.0089566,0.031958,0.06068,0.041603,0.013032,0.00057183,0.0071151,0.024261,0.10053,0.059532,0.039733,0.0015136,0.00044524,0.00050662,0.0016472,0.0018038,0.0040119,0.0025615,0.00088874,0.0010986,0.00040485,0.0013525,0.0013977,0.00041441,0.00072155,0.0048105,0.0032947,0.072341,0.053221,0.13308,0.05942,0.014959,0.013785,0.019644
2,0.010611,0.0041859,0.0045355,0.002234,0.0004498,0.00019018,0.00086044,0.0034813,0.0058396,0.0082003,0.0051947,0.0029809,0.00066332,0.0052515,0.017219,0.012155,0.019516,0.025862,0.034137,0.017547,0.0097436,0.010168,0.019508,0.15202,0.26579,0.060037,0.007508
2,0.075104,0.037702,0.060592,0.050102,0.058444,0.095866,0.022147,0.022919,0.071303,0.47037,0.34417,0.53202,0.15429,0.10371,0.017742,0.0034086,0.00093111,0.0011023,0.0016065,0.00039966,0.00041012,0.00036317,0.0016531,0.01113,0.0088039,0.042925,0.0097783
2,0.0063967,0.007885,0.016278,0.018722,0.022229,0.023162,0.033264,0.05759,0.050227,0.10376,0.066203,0.097116,0.093243,0.090912,0.10462,0.0969,0.11451,0.048178,0.028107,0.047818,0.04095,0.043127,0.042812,0.055652,0.090071,0.18851,0.2805,0.059325,0.0039448,0.0017519,0.0014285,0.00068572,0.0042739,0.17817,0.33994,0.12249,0.16526,0.32328,0.053056,0.022242,0.0089841
2,0.011396,0.0054448,0.020559,0.018711,0.01857,0.0097893,0.012587,0.025916,0.015266,0.0036203,0.0027219,0.0015944,0.0009366,0.0023657,0.00048701,0.00049479,0.0040256,0.010467,0.0075023,0.0040789,0.0017872,0.0013537,0.0087754,0.012349,0.0017923,0.0027833,0.00023282,0.00020958,0.00061435,0.051417,0.029236,0.014122,0.015546,0.041699,0.055725,0.10772,0.027753
2,0.013167,0.061203,0.076927,0.087549,0.039018,0.033162,0.01211,0.0088854,0.0062794,0.0043189,0.052047,0.059782,0.026065,0.011355,0.019919,0.029928,0.10509,0.028646,0.043559,0.060652,0.10545,0.23845,0.36165,0.18752,0.032688,0.009479,0.0023171,0.0041007,0.0027769,0.0032948,0.0028779,0.0027035,0.0026281,0.0024807,0.002508,0.0019693,0.00038722,0.00017275,0.0010869,0.00151,0.0070716,0.0087801,0.08508,0.16469,0.015345
2,0.0004197,0.00032719,0.002457,0.0020719,0.0055325,0.003923,0.0071947,0.0059451,0.0066537,0.0053645,0.015185,0.021458,0.014276,0.0034481,0.0033879,0.00062387,0.0027739,0.0010699,0.0023073,0.0018652,0.0016232,0.00081773,0.00071035,0.0011291,0.0020827,0.0014033,0.0011247,0.0014736,0.0036868,0.0076796,0.046391,0.35372,0.28303,0.033769,0.086953,0.011863,0.0041737,0.0013696,0.00089076,0.00048448,0.00023026,0.00028593,0.01213,0.014446,0.18326,0.013049,0.011758,0.0023956,0.0028388,0.0023105,0.011031,0.0043713
2,0.00024538,0.0017881,0.0097555,0.017647,0.0057368,0.0032413,0.0039995,0.0013946,0.022455,0.0097256,0.0062607,0.014832,0.015431,0.042957,0.01614,0.022209,0.0055168,0.012271,0.01034,0.045334,0.016025,0.0058625,0.025685,0.028719,0.0081594,0.0020123,0.0014208,0.00089296,0.00038845,0.00035704,0.01485,0.01253,0.030633,0.024846,0.042041,0.095814,0.096166,0.05711,0.012657
2,0.075061,0.037363,0.01985,0.0099904,0.010691,0.02108,0.040509,0.044898,0.10128,0.18417,0.054729,0.024551,0.042932,0.054944,0.060218,0.0078753,0.01029,0.012103,0.0078459,0.01349,0.0079171,0.014478,0.0024252,0.0016269,0.0033265,0.00072703,0.0014569,0.00092271,0.00073801,0.00085114,0.00062704,0.064569,0.18086,0.30307,0.30878,0.2816,0.36455,0.27387,0.21363,0.24926,0.038355
2,0.0070476,0.0017576,0.0034658,0.0029248,0.013588,0.051285,0.026145,0.026919,0.0099009,0.0098797,0.012034,0.023082,0.0087985,0.0093663,0.0018188,0.0012411,0.00096002,0.00044464,0.00084358,0.0035727,0.0030612,0.0024551,0.0049482,0.014622,0.0054737,0.0024694,0.088957,0.0916,0.012471
2,0.19307,0.086056,0.104,0.18042,0.023136,0.012757,0.0065898,0.0034707,0.00049967,0.0023613,0.0035867,0.010828,0.0097608,0.00085288,0.0010461,0.0016974,0.0010446,0.00094886,0.00061536,0.0023399,0.0020992,0.0019189,0.0021363,0.0025551,0.018251,0.011527,0.001485,0.0027892,0.07732,0.27058,0.096159,0.027333
2,0.0024089,0.0012082,0.0013034,0.002176,0.0037764,0.0066541,0.0057458,0.0031368,0.0010777,0.0010428,0.00072201,0.0015161,0.00095395,0.0006975,0.00057659,0.00014885,0.0003667,0.0050295,0.022237,0.014525,0.032261,0.011423,0.0057119,0.01059,0.12022,0.026495,0.0057705
2,0.0012028,0.001291,0.0015232,0.001152,0.00015997,8.9943e-05,0.00011422,0.0012212,0.0015344,0.0036112,0.0013926,0.0011039,0.00074993,0.00061349,0.0052729,0.0025259,0.00052024,0.00045742,0.00078691,0.0025025,0.0018762,0.0011614,0.00080157,0.00043477,0.0008143,0.0015893,0.011014,0.0053765,0.012233,0.018228,0.010238,0.0082998,0.097134,0.041584,0.023934,0.041637,0.13497,0.06887
2,0.013489,0.0090489,0.011171,0.010856,0.003668,0.027088,0.0096731,0.01476,0.010158,0.010189,0.012148,0.016584,0.0085994,0.013713,0.0074739,0.020429,0.0094179,0.0047105,0.0018688,0.0010819,0.00067901,0.0014828,0.0020259,0.0016841,0.0013933,0.0015937,0.0015357,0.0013165,0.0010927,0.00079696,0.0052628,0.081505
2,0.074562,0.047681,0.080008,0.27569,0.27881,0.41829,0.35188,0.28008,0.34577,0.1789,0.14465,0.18805,0.12161,0.082691,0.018606,0.0021399,0.00034911,0.0020584,0.00068293,0.00094985,0.0010893,0.00050833,0.0018946,0.0011807,0.0018244,0.0022732,0.0049967,0.0038689,0.0025611,0.0055169,0.19494,0.41995,0.045842
2,0.01654,0.0064617,0.003772,0.0012906,0.00092292,0.00229,0.0025995,0.009053,0.0059438,0.012402,0.034764,0.015763,0.0017763,0.00074682,0.00090284,0.00041411,0.00089279,0.0034731,0.0018996,0.0086844,0.0017946,0.0025583,0.033739,0.10516,0.0034044
2,0.04915,0.020125,0.016799,0.01622,0.0073693,0.0027314,0.00067502,0.00035199,0.00026211,0.00095232,0.00088565,0.00083956,0.00039538,0.00051882,0.0014127,0.0024336,0.0019685,0.0024037,0.0020489,0.0023747,0.00059482,0.0014283,0.00078953,0.0010274,0.091375,0.070809,0.045929,0.12117,0.32777,0.19741,0.15214,0.0045631
2,0.0014761,0.0012254,0.0012264,0.0013826,0.0018675,0.001554,0.00063827,0.00051842,0.00043947,0.0014184,0.016747,0.0021359,0.0014567,0.0021252,0.0022934,0.0010499,0.010181,0.010385,0.012047,0.084154,0.17599,0.027536
2,0.018283,0.011159,0.017054,0.082019,0.16135,0.23452,0.15387,0.14253,0.011269,0.0082298,0.0023872,0.0087507,0.022971,0.024322,0.006608,0.0020937,0.00093279,0.0004885,0.0010107,0.00076936,0.0017501,0.00067183,0.00097359,0.0040239,0.12403,0.029489,0.0097705
2,0.0015687,0.0010433,0.0030352,0.0015199,0.0058718,0.0022296,0.00086774,0.00036755,0.00074049,0.00079442,0.00055365,0.00072778,0.00020485,0.00033771,0.0023155,0.0043669,0.0039263,0.0051985,0.0049942,0.0024765,0.0030832,0.015131,0.027291,0.0060461,0.014436,0.060886,0.062895,0.17954,0.022999
2,0.0027466,0.0018093,0.0036636,0.002295,0.0016181,0.0016106,0.00093541,0.00012994,9.0334e-05,0.00047927,0.0013031,0.0018793,0.0015949,0.00096318,0.0016885,0.0023758,0.0011459,0.00099744,0.00054065,0.00033292,0.0013686,0.0059643,0.028665,0.1116,0.044187,0.014446
2,0.0046933,0.0016391,0.0010395,0.001551,0.0010903,0.0003302,0.00048445,0.00038932,0.0011324,0.022655,0.0046015,0.0024268,0.0023738,0.0030039,0.0026076,0.013944,0.007859,0.029617,0.093723,0.035434,0.030262,0.0086471
2,0.00079783,0.00053683,0.00041613,0.00061417,0.00070185,0.0013611,0.00082558,0.00025382,0.00028019,0.00065586,0.00046679,0.0046059,0.0028777,0.0026867,0.0025706,0.0024526,0.00277,0.0065266,0.0096077,0.0027069,0.0078015,0.10501,0.041387,0.036291,0.0033863
3,0.097956,0.0055709,0.013094,0.03165,0.041889,0.057502,0.22709,0.34099,0.5721,0.65014,0.49193,0.52135,0.15078,0.047208,0.039886,0.035547,0.020011,0.0025401
3,0.097251,0.033698,0.0017143,0.0021054,0.0032997,0.011255,0.0028581,0.0031639,0.01096,0.0096791,0.010657,0.013246,0.015462,0.086819,0.025807,0.022727,0.025443,0.01845,0.012375,0.032568,0.049327,0.060376,0.066108,0.021792,0.028438,0.012169,0.0050824,0.0074641,0.037048,0.033699,0.0082728
3,0.40528,0.05971,0.066246,0.15625,0.34314,0.23408,0.18238,0.021821,0.0093872,0.087533,0.12606,0.060902,0.11656,0.14877,0.15422,0.051457,0.01658,0.015041,0.010059,0.018205,0.0081491
3,0.020085,0.020577,0.060694,0.15594,0.029432,0.035018,0.22673,0.44052,0.5728,0.28766,0.11081,0.17298,0.095473,0.21881,0.15672,0.017587,0.023523,0.0625,0.06045,0.02395,0.0056107
3,0.1642,0.073187,0.11054,0.11656,0.073392,0.028975,0.012707,0.0091838,0.0021298,0.0021689,0.0041251,0.0039552,0.0042476,0.0065749,0.0085567,0.004425,0.0044729,0.0062211,0.0071996,0.0060136,0.0089801,0.0060271,0.0070868,0.029888,0.088476,0.12181,0.056399,0.058206,0.055857,0.017393,0.01653,0.070901,0.034859,0.020385,0.030936,0.063926,0.078987,0.067438,0.0064865
3,0.40738,0.11146,0.11713,0.28281,0.17072,0.14742,0.054342,0.06024,0.043385,0.088705,0.10133,0.073228,0.016886,0.011543,0.00086413,0.0031339,0.0033333,0.0026801,0.0037081,0.0043602,0.0014632,0.0021908,0.0013904,0.0022281,0.041888,0.40492,0.26741,0.09002,0.013826,0.012833,0.050357,0.041728,0.066904,0.019428,0.045115,0.051684,0.029029,0.0098307,0.0094874,0.022249,0.060872,0.071483,0.099613,0.058214,0.0426,0.086459,0.1719,0.13602,0.305,0.087233,0.018639,0.016008,0.032496,0.12739,0.15712,0.24604,0.0046715
3,0.64528,0.44109,0.061704,0.38521,0.59408,0.7053,0.39749,0.1042,0.19386,0.20326,0.21507,0.14214,0.066289,0.0062355,0.001652,0.002218,0.011574,0.0092654,0.0056992,0.0047053,0.0076493,0.5242,0.77548,0.63096,0.25841,0.1415,0.11151,0.072639,0.15848,0.13048,0.065206,0.11202,0.2524,0.17158,0.016778,0.015239,0.0062188,0.020479,0.091434,0.12877,0.31629,0.64945,0.69788,0.22581,0.10732,0.26335,0.14015,0.03156,0.031741,0.12023,0.047052,0.016885,0.013342,0.0056451
3,0.01677,0.01759,0.013224,0.0097828,0.030393,0.090866,0.030742,0.017852,0.026428,0.062395,0.057402,0.089533,0.10336,0.051616,0.064358,0.013193,0.035216,0.054087,0.056933,0.23519,0.22682,0.34752,0.39304,0.079523,0.10022,0.088403,0.035127,0.14341,0.049085,0.098787,0.10772,0.033962,0.0092278,0.0080676,0.0083259,0.004506,0.0071579,0.0073755,0.0041646
3,0.084395,0.033259,0.0081087,0.010488,0.0076825,0.012429,0.012347,0.019971,0.011365,0.027246,0.030228,0.04559,0.072734,0.060743,0.053713,0.070774,0.13911,0.060207,0.080705,0.056421,0.37683,0.099967,0.064362,0.039505,0.24925,0.11817,0.21841,0.060978,0.013416,0.0028895,0.0091566,0.083475,0.020778,0.0017069
3,0.037623,0.0041854,0.010557,0.016756,0.045835,0.0223,0.018782,0.024139,0.11937,0.066336,0.16565,0.088783,0.05149,0.058664,0.05312,0.085814,0.14111,0.14611,0.23546,0.17347,0.13758,0.15496,0.092344,0.046002,0.043982,0.02482,0.035618,0.080836,0.043169,0.060326,0.044291,0.064012,0.048647,0.07977,0.0091872
3,0.67617,0.014598,0.0087511,0.06382,0.17135,0.10154,0.91531,0.90004,0.77616,0.51267,0.79397,0.66139,0.57933,0.14102,0.04417,0.0080217,0.0090317,0.0040303,0.013078,0.014772,0.016738,0.045559,0.7514,0.79304,0.67223,0.65096,0.47588,0.46566,0.49463,0.60882,0.48882,0.76458,0.44749,0.18579,0.070887,0.054945,0.0064671,0.0076622,0.0056653,0.0056589,0.01004,0.0069946,0.0081981,0.018761,0.069834,0.25612,0.2003,0.54944,0.23568,0.11688,0.5511,0.28558,0.16126,0.20172,0.29348,0.0078036,0.030002
3,0.020304,0.022673,0.021727,0.026015,0.025599,0.019925,0.01414,0.041229,0.02135,0.0029549,0.0026788,0.0016246,0.0016293,0.0015206,0.0011442,0.001129,0.0018104,0.0018425,0.0048575,0.12316,0.20618,0.12192,0.17712,0.049776,0.091748,0.036361,0.080631,0.018723,0.0085274,0.015407,0.0053107,0.0039679,0.015178,0.078753,0.040669
3,0.0081142,0.0079235,0.013086,0.01502,0.010287,0.011019,0.066211,0.0064647,0.029958,0.023466,0.016219,0.019683,0.10084,0.10156,0.11535,0.016532,0.0068738,0.003028,0.014707,0.0034883
3,0.29882,0.5351,0.38035,0.17294,0.24059,0.26058,0.35736,0.51061,0.64173,0.41309,0.16504,0.052104,0.057243,0.025578,0.014996,0.014404,0.013776,0.017589,0.01093,0.0054181
3,0.036467,0.02409,0.030064,0.037872,0.029136,0.011856,0.0081006,0.0066467,0.0049442,0.010213,0.020004,0.016525,0.010658,0.0025905,0.0070736,0.015565,0.0071085,0.010661,0.0038497,0.014537,0.04132,0.0089636
3,0.05602,0.05043,0.035271,0.050543,0.066351,0.065773,0.033618,0.0082324,0.016568,0.095645,0.032402,0.033555,0.0066504,0.0089951,0.013079,0.0039819,0.0024808,0.0017677,0.0018189,0.0017211,0.0014146,0.0015754,0.0017485,0.0020119,0.0022463,0.021569,0.24668,0.075247,0.089806,0.060622,0.02167,0.020955,0.044098,0.040969,0.020849,0.0074056,0.0057451,0.0048332,0.025464,0.010784,0.0042788
3,0.0067954,0.0040803,0.0076743,0.014372,0.067236,0.028386,0.010873,0.0087067,0.002196,0.0031566,0.0026145,0.0041017,0.011874,0.018817,0.054842,0.038476,0.039321,0.0092653,0.0029806,0.0030716,0.0074414,0.017188,0.01878,0.060711,0.025444,0.054658,0.10635,0.078211,0.066771,0.13656,0.085819,0.10642,0.043416,0.023328,0.0076845,0.013641,0.005409,0.045255,0.062325,0.015838
3,0.6234,0.42675,0.069721,0.062901,0.20399,0.29062,0.20176,0.07839,0.25975,0.22159,0.041325,0.026999,0.10424,0.042089,0.00876,0.011543,0.0087953,0.18813,0.13242,0.37979,0.39817,0.29537,0.1987,0.69683,0.5,0.29699,0.044477,0.062034,0.015944,0.23727,0.058671,0.13936,0.042617,0.015154
3,0.36946,0.18239,0.2345,0.074284,0.20729,0.35525,0.23543,0.11407,0.059854,0.053879,0.059595,0.014421,0.053747,0.065996,0.21114,0.26265,0.075837,0.038929,0.076688,0.015072,0.017324,0.010177,0.0082971,0.0084442,0.00771,0.0074817,0.0075339,0.0074306,0.024294,0.036147,0.37192,0.57196,0.13166,0.1032,0.05032,0.023301,0.090348,0.20682,0.58421,0.29088,0.049413,0.065842,0.10562,0.27417,0.39875,0.24563,0.060499,0.044371,0.026436,0.034954,0.013917,0.0024047
3,0.027111,0.013494,0.0851,0.019812,0.033271,0.064837,0.080398,0.02389,0.013197,0.02471,0.018768,0.011964,0.01919,0.0079409,0.013246,0.0056198,0.036594,0.0663,0.013903,0.0098604,0.02755,0.061704,0.057651,0.37757,0.047887,0.07199,0.088877,0.11751,0.21422,0.24323,0.26177,0.086157,0.071802,0.21667,0.055666,0.019893,0.01018
3,0.019892,0.0049111,0.0072521,0.014927,0.016984,0.039373,0.0080691,0.0078696,0.0063565,0.0093432,0.0057911,0.0033968,0.0031595,0.002097,0.0024197,0.0013839,0.0034669,0.027218,0.072689,0.17272,0.023145,0.23661,0.09504,0.053709,0.060972,0.018206,0.014553,0.056701,0.10964,0.040402,0.093765,0.10088,0.03769,0.01912,0.0079072,0.0026772,0.0017441,0.0026479,0.0027498,0.0012583,0.0023365,0.0048198,0.0044086,0.027814,0.14389,0.26274,0.16948,0.054375,0.0206,0.060078,0.010025,0.016104,0.016785,0.02214,0.01135,0.0027052,0.0023554,0.0015826,0.001994,0.0013734,0.0081614,0.039087,0.04527,0.056302,0.030246,0.027585,0.040683,0.13711,0.14309,0.12104,0.13899,0.047416,0.028949,0.031909,0.035379,0.018783,0.024672
3,0.033329,0.055568,0.5,0.12507,0.044603,0.067174,0.27982,0.069511,0.27341,0.17635,0.54819,0.70821,0.77744,0.67078,0.13295,0.033611,0.0084877,0.011044,0.0072286,0.10289,0.25362,0.72493,0.46449,0.51762,0.63186,0.54051,0.37917,0.41717,0.54777,0.39773,0.27679,0.15968,0.12649,0.39995,0.11959,0.015137
3,0.022918,0.0079562,0.0047717,0.0080598,0.006478,0.020045,0.0050801,0.018903,0.049474,0.048965,0.092742,0.043932,0.070681,0.0049352,0.0039434,0.027054,0.085798,0.3852,0.1913,0.18259,0.047054,0.0041261,0.060307,0.070696,0.10729,0.039169,0.010352,0.0040659,0.011725,0.018108,0.018727,0.042562,0.011756,0.049203,0.037668,0.011773,0.046709,0.023642,0.01013,0.016521,0.03057
3,0.12755,0.10029,0.18326,0.12737,0.090288,0.15499,0.27837,0.19655,0.4449,0.31515,0.47851,0.42242,0.53848,0.1157,0.14068,0.14094,0.2438,0.086894,0.081811,0.18746,0.4191,0.23972,0.69634,0.4562,0.52496,0.55613,0.22529,0.081901,0.016211,0.0099258,0.0086556,0.0051614,0.0018174,0.0019482,0.0020545,0.0013346,0.0014224,0.0011557,0.0010939,0.00071941,0.0019097,0.019202,0.033947,0.073345,0.68921,0.51775,0.17177,0.2991,0.28035,0.1553,0.24149,0.27107,0.18094,0.18431,0.19613,0.11706,0.064543,0.0243,0.026696,0.0046284
3,0.087295,0.042448,0.050584,0.033165,0.02983,0.018008,0.0026646,0.0063507,0.022137,0.010764,0.0074277,0.02124,0.045829,0.043965,0.11121,0.24412,0.069933,0.059624,0.079212,0.091964,0.18468,0.39554,0.2373,0.27078,0.065967,0.088122,0.069342,0.12271,0.35483,0.46289,0.39632,0.26048,0.13064,0.086378,0.02106,0.017885,0.0057225,0.0036312
3,0.5,0.26449,0.11748,0.30589,0.30463,0.1939,0.42102,0.64461,0.87259,0.48232,0.70192,0.5,0.76078,0.76353,0.4948,0.60621,0.56296,0.44093,0.6653,0.58251,0.72018,0.62748,0.2682,0.019299,0.026368,0.019006,0.0094795,0.0084838,0.0087601,0.0052525,0.0091151,0.0086784,0.0061191,0.011231,0.016957,0.030141,0.25053,0.65206,0.81681,0.2867,0.29751,0.18784,0.049011,0.10182,0.68021,0.80172,0.53243,0.33862,0.29681,0.074286,0.056882,0.095556,0.010638
3,0.016404,0.017472,0.029047,0.026467,0.046908,0.058215,0.063557,0.02651,0.028829,0.03595,0.014136,0.014197,0.02048,0.0048005,0.0026164,0.0022189,0.0023336,0.0016723,0.047277,0.13633,0.10924,0.11495,0.054684,0.086712,0.051531,0.084794,0.012116,0.016681,0.20894,0.23197,0.14954,0.137,0.01034,0.0075516,0.012819,0.47667,0.58462,0.39349,0.35158,0.18101,0.031237,0.022103,0.028436,0.009504,0.011,0.0066315,0.0028112,0.0028374,0.001765,0.0017729,0.0013509,0.0015885,0.0019272,0.0029605,0.0031983,0.015861,0.14467,0.23878,0.20076,0.26169,0.15117,0.16097,0.021765,0.011153,0.0016771,0.0033719,0.0013023,0.0012945,0.00098474,0.003923,0.012972,0.070815,0.076808,0.049508,0.02822,0.013826,0.0045557,0.0017165,0.00073311,0.012067,0.033555,0.22493,0.34286,0.28365,0.36639,0.31489,0.027991,0.015505,0.018797,0.0049458
3,0.17368,0.13699,0.19178,0.25925,0.46199,0.46884,0.40675,0.14225,0.053185,0.021103,0.036842,0.006434,0.0096949,0.0054843,0.0078098,0.0053448,0.0052969,0.031024,0.13108,0.42985,0.21538,0.16669,0.10376,0.067267,0.032478,0.028251,0.068112,0.13933,0.097927,0.058246,0.05618,0.070282,0.07298,0.20359,0.061543,0.03066,0.012238,0.0037901,0.004217,0.0042246,0.0028041,0.0034987,0.031136,0.24428,0.31184,0.51263,0.51408,0.30889,0.41262,0.37513,0.24345,0.26017,0.23599,0.22698,0.50985,0.46566,0.23399,0.031193,0.059799
3,0.015181,0.01892,0.049026,0.044752,0.0079222,0.0060506,0.002304,0.0011558,0.0010768,0.048409,0.14138,0.095198,0.1352,0.10164,0.10967,0.028389,0.042883,0.14736,0.63246,0.38902,0.1029,0.028453,0.010702,0.018185,0.0054329,0.0031131,0.0026059,0.0032269,0.001544,0.0021853,0.0027493,0.0025088,0.0026531,0.15816,0.19598,0.23371,0.13993,0.064966,0.012271,0.0099953,0.012731,0.016969,0.02669,0.020973,0.020579,0.013081,0.092421,0.15555,0.20928,0.26185,0.1335,0.053118,0.027773,0.01021,0.018008,0.15882,0.41066,0.21463,0.40443,0.60151,0.76823,0.86948,0.69369,0.35361,0.19394,0.1001,0.037042,0.0064534
3,0.0072318,0.0027156,0.015455,0.01432,0.065452,0.057925,0.05069,0.015556,0.10745,0.1838,0.26025,0.32307,0.10801,0.0062547,0.0014994,0.0026414,0.020422,0.016789,0.21134,0.80682,0.77882,0.74,0.65779,0.45481,0.50921,0.43804,0.26945,0.46133,0.67875,0.71408,0.72891,0.59981,0.31733,0.20523,0.16223,0.014359,0.05991,0.053256,0.022568,0.0097975
3,0.045133,0.01266,0.015713,0.034183,0.04437,0.0041408,0.18133,0.18696,0.14027,0.061674,0.1267,0.13238,0.050503,0.073302,0.020687,0.0052014,0.012387,0.00517,0.0061353,0.0044808,0.0040561,0.0092404,0.0088525,0.008111,0.0049072,0.0050312,0.0038625,0.010452,0.12588,0.15716,0.3121,0.24058,0.30616,0.43045,0.14597,0.058192,0.19479,0.03094,0.024974,0.088779,0.038705,0.026272,0.02445,0.014975,0.036763,0.072919,0.085321,0.056169,0.021935
3,0.0044509,0.0034774,0.0040123,0.0049989,0.0082317,0.0092039,0.006917,0.027801,0.087771,0.092216,0.18947,0.31088,0.10527,0.16784,0.25417,0.3228,0.76301,0.23117,0.046433,0.0034596,0.004645,0.0052138,0.0016308,0.0013842,0.0011853,0.0088042,0.011791,0.047126,0.033428,0.036975,0.065774,0.17066,0.010559,0.012194,0.0079659,0.01503,0.13963,0.26037,0.161,0.1734,0.01177,0.022483,0.025826,0.040132,0.097208,0.076153,0.18176,0.4916,0.10106,0.01922,0.026904,0.013505,0.015597,0.04194
3,0.016501,0.036626,0.037041,0.019244,0.02892,0.04303,0.026056,0.014344,0.026585,0.075297,0.055736,0.0075796,0.0046368,0.0016355,0.0016632,0.0039345,0.0021141,0.0018527,0.0017837,0.0013732,0.0011349,0.0010172,0.0010501,0.00094226,0.0015605,0.001771,0.30603,0.59592,0.77649,0.71627,0.5,0.17623,0.056689,0.057563,0.12358,0.15242,0.077038,0.022464,0.023687,0.058646,0.016109,0.005744,0.005729,0.025968,0.042718,0.020344,0.031667
3,0.032097,0.0022216,0.0026982,0.0069293,0.042145,0.077533,0.18843,0.039771,0.020661,0.075005,0.027695,0.0091664,0.053004,0.014308,0.02046,0.0041719,0.0017755,0.0029468,0.0055283,0.0032998,0.0024747,0.0058607,0.060905,0.21802,0.46799,0.26522,0.30926,0.13258,0.017926,0.03356,0.019015,0.019755,0.015848,0.0056607,0.0029879,0.0056945,0.0086023,0.0083743,0.011871
4,0.0026992,0.0084383,0.049885,0.40947,0.30275,0.64214,0.58986,0.68016,0.53899,0.58223,0.4714,0.28408,0.12619,0.15443,0.060068,0.04628,0.013403,0.038143
4,0.31798,0.10985,0.041609,0.061582,0.58515,0.58057,0.80865,0.91757,0.80469,0.4691,0.35021,0.30032,0.28502,0.63143,0.55477,0.4777,0.028072
4,0.061822,0.046869,0.029888,0.39925,0.20453,0.43225,0.69719,0.83509,0.47439,0.42131,0.074773,0.013319,0.0031745,0.026342,0.027082,0.029941,0.0158,0.018613
4,0.0036194,0.0023946,0.0063162,0.10968,0.1077,0.21597,0.44932,0.47962,0.30909,0.15333,0.2671,0.30073,0.41995,0.4338,0.41522,0.18647,0.18963,0.005891
4,0.15796,0.046834,0.16052,0.53815,0.34912,0.37041,0.67928,0.42981,0.25194,0.049431,0.42691,0.22139,0.41508,0.29601,0.061597,0.011056
4,0.058336,0.042628,0.019124,0.57568,0.62083,0.51422,0.72938,0.68943,0.5971,0.44549,0.72646,0.56891,0.63916,0.24232,0.042644,0.011224,0.0043253
4,0.018807,0.0070226,0.037767,0.19531,0.17396,0.24704,0.22282,0.1414,0.139,0.44489,0.40605,0.60063,0.34563,0.34459,0.11893,0.074323,0.17151,0.066538
4,0.079198,0.097186,0.048155,0.060606,0.31622,0.60864,0.43549,0.65608,0.48634,0.35761,0.068718,0.041638,0.024726,0.067357,0.064434,0.0043164,0.0042548
4,0.11489,0.0036285,0.0066447,0.022531,0.059714,0.056631,0.30283,0.26162,0.51113,0.31475,0.5,0.29101,0.10376,0.053856,0.16285,0.099562,0.060157,0.0030169
4,0.034535,0.058814,0.14365,0.18612,0.48809,0.78656,0.94853,0.85725,0.58175,0.29806,0.047474,0.15152,0.20852,0.029281,0.004447
4,0.97098,0.81765,0.69395,0.64538,0.69434,0.76178,0.75346,0.92424,0.75375,0.3122,0.18848,0.065853,0.046603,0.028279,0.037433,0.0026893
4,0.5164,0.21342,0.0074763,0.0029188,0.090718,0.45534,0.76756,0.6945,0.26181,0.12959,0.52698,0.56663,0.20528,0.032376,0.042093,0.035457,0.032868,0.0091583
4,0.3843,0.45667,0.49299,0.23555,0.38186,0.46654,0.45837,0.46653,0.57137,0.7111,0.66332,0.71748,0.82707,0.85611,0.84221,0.62222,0.051386,0.021586,0.025669,0.013683,0.0055101
4,0.2273,0.082839,0.033851,0.10854,0.45686,0.47477,0.57794,0.50509,0.80973,0.81494,0.17843,0.02434,0.10688,0.021373,0.030647,0.0077178
4,0.0068799,0.0081813,0.013369,0.023447,0.14727,0.52849,0.58162,0.69603,0.62794,0.60292,0.26328,0.35371,0.4237,0.44337,0.38694,0.265,0.5454,0.58889,0.078461,0.026701,0.0063171
4,0.34763,0.2461,0.10998,0.51393,0.62165,0.56202,0.7095,0.37432,0.33843,0.69066,0.11351,0.031214,0.045577,0.076404,0.026491,0.028427,0.0056612
4,0.4173,0.86939,0.79141,0.93871,0.6356,0.69342,0.19762,0.11413,0.14548,0.43438,0.27866,0.24582,0.67538,0.4764,0.23184,0.12687,0.12439,0.11879,0.055012,0.047362,0.050348,0.1246,0.047912,0.14955,0.28418,0.47869,0.017154,0.0055466,0.0036893,0.010479,0.0032789,0.027064,0.0095689,0.0041174
4,0.21255,0.22884,0.27404,0.18369,0.72187,0.61029,0.59099,0.5,0.68181,0.62874,0.63687,0.45446,0.77338,0.2599,0.41356,0.19808,0.11885,0.22936,0.52707,0.21907,0.30016,0.66284,0.73449,0.35474,0.43154,0.63358,0.5782,0.35268,0.38393,0.769,0.35207,0.16042,0.056719
4,0.17305,0.098972,0.076531,0.42791,0.86854,0.83381,0.59344,0.72693,0.8044,0.5224,0.53478,0.50562,0.20025,0.54589,0.72344,0.33901,0.39503,0.75034,0.33771,0.33975,0.33977,0.48662,0.22359,0.12781,0.14397,0.1224,0.13111,0.30775,0.51841,0.14152,0.031144
4,0.55704,0.2131,0.072638,0.20342,0.43497,0.29745,0.28336,0.60171,0.60343,0.4206,0.56002,0.80537,0.45498,0.65426,0.44733,0.092454,0.16789,0.28388,0.28408,0.63907,0.48823,0.55163,0.56554,0.37317,0.47771,0.42347,0.24656,0.17829,0.27825,0.08414,0.09999,0.023476
4,0.75187,0.66961,0.32052,0.24619,0.39366,0.18995,0.021954,0.11914,0.15531,0.049262,0.12207,0.16981,0.16647,0.59041,0.31646,0.25637,0.08535,0.392,0.31866,0.5393,0.43639,0.45905,0.28705,0.18232,0.43183,0.34264,0.23162,0.33187,0.51097,0.30584,0.10498,0.026381
4,0.066321,0.13602,0.083199,0.053027,0.083262,0.064063,0.061877,0.78224,0.42502,0.72632,0.54675,0.53485,0.37211,0.53958,0.43205,0.79001,0.5,0.21357,0.081372,0.46364,0.062734
4,0.016393,0.032913,0.069025,0.058503,0.067197,0.31195,0.27295,0.69507,0.77633,0.71433,0.73172,0.78094,0.642,0.44869,0.091445,0.023892,0.061307,0.078784,0.0047616
4,0.2419,0.10919,0.078462,0.066109,0.030569,0.13328,0.4342,0.64823,0.46162,0.52242,0.43043,0.38664,0.43527,0.76389,0.2435,0.060107,0.15891,0.038903
4,0.031445,0.10173,0.15065,0.3044,0.4747,0.43359,0.09085,0.16909,0.077137,0.33349,0.321,0.16247,0.56679,0.3537,0.17583,0.12243,0.0091746,0.0027997,0.0080636,0.12252,0.060215,0.11178,0.12267,0.0056898
4,0.21206,0.45541,0.27143,0.26509,0.22715,0.17522,0.31599,0.42791,0.3014,0.58357,0.31586,0.69135,0.5,0.75765,0.74602,0.69893,0.39862,0.29231,0.32835,0.29087,0.25288,0.29722,0.14449,0.028136,0.01372
4,0.47596,0.33155,0.70293,0.59972,0.75205,0.48562,0.67982,0.76938,0.46873,0.61737,0.39704,0.35673,0.26817,0.72881,0.69398,0.53027,0.52071,0.75131,0.1893,0.068694,0.010376,0.082035,0.037433,0.0099526
4,0.30735,0.54401,0.5,0.73259,0.64147,0.33856,0.31723,0.30662,0.18103,0.3476,0.77681,0.58396,0.78857,0.9127,0.63523,0.66123,0.5231,0.20351,0.23461,0.083111,0.094584,0.015803,0.0043092
4,0.79219,0.5,0.64286,0.95644,0.82886,0.62417,0.49013,0.68588,0.68839,0.20509,0.22743,0.21774,0.10523,0.11982,0.35556,0.23503,0.18853,0.34593,0.2499,0.39798,0.54163,0.37641,0.28067,0.64568,0.4131,0.30531,0.27758,0.089548,0.017402,0.01247
4,0.32021,0.095271,0.028168,0.047157,0.28747,0.22259,0.35796,0.51073,0.62471,0.80061,0.7661,0.56498,0.68539,0.44752,0.79968,0.8087,0.62617,0.60379,0.92739,0.9203,0.89342,0.94885,0.74975,0.5,0.77004,0.14356,0.03697
4,0.80746,0.65591,0.44239,0.20738,0.060318,0.10757,0.17141,0.22546,0.25836,0.23774,0.41309,0.50612,0.77127,0.63668,0.72886,0.67903,0.50672,0.32922,0.8172,0.93937,0.82956,0.91946,0.74042,0.64802,0.60519,0.049626,0.0067621,0.0027201
4,0.58444,0.31973,0.36589,0.73756,0.53811,0.3181,0.17231,0.5968,0.58259,0.68712,0.5694,0.57636,0.34014,0.47959,0.60739,0.63327,0.44222,0.38109,0.75761,0.94738,0.87358,0.77487,0.63597,0.49438,0.19752,0.088006,0.022203
4,0.18868,0.042261,0.026118,0.096008,0.40681,0.2996,0.12944,0.24349,0.36558,0.096172,0.025404,0.0035284,0.013525,0.021921,0.0095413,0.018249,0.038843,0.014937,0.0032536,0.010782,0.017447,0.11092,0.091973,0.17981,0.22356,0.36162,0.43065,0.082598,0.051436,0.01515
4,0.063306,0.046434,0.045581,0.18283,0.30636,0.1741,0.1146,0.26392,0.57873,0.32935,0.20476,0.15474,0.63969,0.57393,0.61848,0.3819,0.44151,0.18055,0.22775,0.13108,0.12821,0.19842,0.39273,0.17137,0.18791,0.36462,0.36563,0.39512,0.41359,0.050791,0.030051
4,0.011647,0.013233,0.038049,0.73416,0.5,0.079072,0.55614,0.79125,0.89059,0.6652,0.84076,0.83445,0.89097,0.54234,0.77706,0.8965,0.73404,0.69143,0.72967,0.65045,0.56873,0.56993,0.69264,0.30658,0.48159,0.51969,0.33158,0.28596,0.89217,0.94657,0.84073,0.74243,0.78985,0.57479,0.15948,0.081009,0.005551
4,0.060718,0.14301,0.17194,0.21194,0.06495,0.059895,0.075259,0.35318,0.28373,0.10191,0.18384,0.17954,0.34941,0.70134,0.85161,0.76406,0.56674,0.51214,0.11594,0.044407,0.024594,0.031948,0.055123,0.1805,0.29531,0.6374,0.65417,0.45256,0.72241,0.81316,0.76108,0.84675,0.59701,0.7062,0.11508,0.085197,0.023419,0.0034043
4,0.43496,0.38846,0.53781,0.86296,0.38203,0.13187,0.19293,0.69725,0.92173,0.9173,0.90334,0.86795,0.82602,0.79571,0.39526,0.78119,0.78704,0.7677,0.69262,0.48298,0.1868,0.58974,0.64338,0.64667,0.65842,0.70718,0.48835,0.44275,0.60488,0.68335,0.56622,0.64227,0.35664,0.19929,0.14198,0.26873,0.13079,0.10344,0.0048853
4,0.73906,0.59709,0.40469,0.069912,0.046739,0.038675,0.026267,0.2824,0.66412,0.18222,0.22023,0.16372,0.46115,0.51026,0.69101,0.69217,0.75812,0.82532,0.91215,0.86883,0.922,0.76105,0.4719,0.58039,0.63526,0.722,0.27609,0.82205,0.96409,0.82561,0.73859,0.46293,0.17771,0.0639,0.047373,0.012979,0.0049443
4,0.14727,0.41586,0.27392,0.032635,0.01437,0.0097838,0.005952,0.0090468,0.36359,0.22413,0.33464,0.28659,0.62509,0.64525,0.5,0.61682,0.95165,0.92495,0.77953,0.13481,0.16284,0.033659,0.040894,0.028103,0.0049835
4,0.09169,0.010308,0.056374,0.14088,0.20109,0.12722,0.085272,0.019974,0.47798,0.57213,0.77545,0.80365,0.726,0.53214,0.57614,0.51065,0.43085,0.60922,0.40511,0.37368,0.31047,0.34458,0.44768,0.43136,0.30294,0.15582,0.11197,0.10025,0.010147
4,0.16722,0.09879,0.098049,0.097362,0.12278,0.010117,0.050201,0.016945,0.33751,0.16216,0.066368,0.20283,0.41046,0.54645,0.75106,0.40063,0.75249,0.79395,0.45318,0.68542,0.2874,0.24712,0.12077,0.14867,0.026627,0.016175
4,0.47065,0.38672,0.30755,0.7018,0.55611,0.21847,0.48292,0.18788,0.6993,0.74268,0.77461,0.46852,0.33553,0.18342,0.5,0.52082,0.5,0.73309,0.68711,0.23209,0.34871,0.11673,0.030109,0.044589,0.11933,0.1227,0.018186
4,0.31289,0.40147,0.87384,0.85204,0.8236,0.07475,0.060371,0.025329,0.050702,0.15677,0.66703,0.6944,0.57532,0.44979,0.082539,0.45292,0.24708,0.023508,0.028313,0.095619,0.075429,0.013395,0.0067212
4,0.34629,0.45559,0.72849,0.87802,0.90802,0.5565,0.33418,0.24847,0.47834,0.098018,0.097883,0.10598,0.037502,0.0095923,0.044014,0.067127,0.13113,0.12405,0.19103,0.14708,0.050331,0.024226,0.004912
4,0.0052094,0.0063181,0.007745,0.040421,0.1148,0.09815,0.043931,0.082269,0.19003,0.62674,0.33033,0.4865,0.57593,0.43533,0.44284,0.58155,0.30896,0.23038,0.10487,0.065777,0.24583,0.19145,0.067596,0.027905
4,0.73683,0.86544,0.80991,0.68457,0.5424,0.5,0.38072,0.47953,0.86699,0.98122,0.97784,0.9469,0.89395,0.27991,0.16031,0.12205,0.042774,0.072136,0.15447,0.025971,0.027837,0.0042625
4,0.75301,0.70475,0.90501,0.74852,0.84988,0.87802,0.68159,0.53793,0.64699,0.86317,0.93521,0.87489,0.56805,0.60401,0.18111,0.22539,0.081909,0.048485,0.086487,0.2045,0.094134,0.018393,0.0024489
5,0.10774,0.068731,0.0063076,0.0063089,0.0078977,0.041116,0.10421,0.039269,0.070208,0.052744,0.025436,0.0089209,0.019323,0.0078377,0.0061143,0.0071059,0.0031101,0.0016025,0.001249,0.0014435,0.00074772,0.0015742,0.050938,0.059011,0.030052,0.020982,0.005438
5,0.018949,0.0016972,0.0013837,0.0016259,0.0018909,0.0056664,0.015968,0.011488,0.0019922,0.0022368,0.07806,0.061827,0.0056072,0.0025856,0.00083232,0.00030038,0.0001896,0.0013848,0.063731,0.35548,0.34432,0.73433,0.51914,0.024775,0.0033296
5,0.009811,0.0070723,0.014794,0.0089341,0.0070564,0.0083059,0.059726,0.032289,0.0092188,0.0034995,0.035123,0.020641,0.030008,0.19246,0.065953,0.0060771
5,0.025745,0.0028327,0.016051,0.077325,0.039774,0.021243,0.048101,0.13911,0.11888,0.054969,0.0297,0.029871,0.12463,0.035823,0.017678,0.0098796,0.048551,0.014812,0.016152
5,0.052434,0.016531,0.010211,0.019725,0.098453,0.059892,0.091115,0.087941,0.20157,0.1663,0.016237,0.10378,0.097386,0.10773,0.16822,0.04819,0.38777,0.29504,0.34182,0.43465,0.6243,0.24978,0.16344,0.28646,0.13325,0.14894,0.16355,0.013928,0.024552,0.062123,0.012866,0.042904,0.048623
5,0.24407,0.24951,0.00243,0.018274,0.0061033,0.0042803,0.0033936,0.096618,0.18895,0.16874,0.16951,0.21835,0.75982,0.50932,0.05035,0.0048239,0.0034837,0.00074531,0.0031626,0.021452,0.030188,0.098988,0.10091,0.28973,0.13217,0.11028,0.13351,0.037617,0.033644,0.011619,0.0071614,0.0053871,0.048906,0.036789,0.074896,0.15967,0.16407,0.096175,0.044455,0.077561,0.055743,0.040306,0.024391,0.0043752,0.0007414,0.0012578,0.0012918,0.0095194,0.018092,0.021695,0.02246,0.01259
5,0.057718,0.011767,0.012039,0.094127,0.034128,0.15946,0.22012,0.08632,0.063769,0.0045876,0.0044569,0.024472,0.012655,0.012796,0.0054332,0.013118,0.010492,0.0068689,0.016114,0.13174,0.030435,0.052784,0.018856,0.030493,0.017877,0.036933,0.042107,0.0033141,0.0046146,0.0020378,0.0044768,0.055544,0.1741,0.015018
5,0.09194,0.052231,0.040882,0.5063,0.18666,0.22436,0.024198,0.11421,0.059237,0.046614,0.046356,0.22172,0.2714,0.10286,0.016657,0.013304,0.057257,0.042567,0.018908,0.058766,0.042537,0.039129,0.041919,0.0425,0.047057,0.0057199,0.0043403,0.0060327,0.00061787,0.00032858,0.0001143,0.00051297,0.0031975,0.0036322,0.0010041,0.0084976,0.16259,0.0049727
5,0.06752,0.040612,0.074411,0.19712,0.22542,0.090352,0.019442,0.008063,0.0044895,0.002899,0.015825,0.029602,0.030932,0.14703,0.18655,0.036481,0.02201,0.0023533,0.0045013,0.0052651,0.01187,0.0022967,0.017579,0.023596
5,0.27289,0.084226,0.039793,0.048611,0.034083,0.053656,0.029319,0.043408,0.0079558,0.0034575,0.017313,0.022605,0.0071644,0.029567,0.042136,0.0095609,0.021176,0.16365,0.10404,0.094107,0.21006,0.02888,0.061898,0.0072249,0.002657,0.0080969,0.068867,0.071507,0.05616,0.01585,0.010695
5,0.26253,0.14971,0.19998,0.00976,0.034923,0.10504,0.082727,0.059799,0.077031,0.057363,0.12242,0.21153,0.086482,0.10486,0.23075,0.34967,0.24127,0.13211,0.13245,0.16822,0.58329,0.48499,0.062025,0.08761,0.059479,0.018649,0.010615,0.0025421,0.00086327,0.01472,0.012731,0.0098621,0.0094714,0.018238,0.018433,0.06092,0.005241,0.0068311,0.006231,0.0031628,0.0072608,0.01301,0.011057,0.020127,0.071614,0.18883,0.11204,0.054545,0.067189,0.24306,0.079625,0.060314,0.031419,0.0049873,0.0056568,0.019765
5,0.051851,0.12985,0.067788,0.092741,0.11461,0.10429,0.14361,0.12425,0.35409,0.3602,0.10595,0.14488,0.061853,0.067321,0.057376,0.0089338,0.023193,0.10702,0.25946,0.3716,0.45404,0.016431,0.0011487,0.00037029,0.00028564,0.00013182,0.0025092,0.030663,0.036917,0.04827,0.035393,0.024309,0.0012297,0.00073939,0.0033656,0.0062167,0.0024395,0.0087172,0.0032078,0.025893,0.060643,0.088555,0.051581,0.11665,0.031053,0.024946,0.051015,0.20487,0.030869,0.018783,0.010226
5,0.0067145,0.0027396,0.002635,0.0049518,0.0041972,0.015377,0.052062,0.09383,0.040484,0.012466,0.021715,0.034162,0.18003,0.15641,0.18116,0.055198,0.081132,0.13542,0.095972,0.019936,0.033771,0.018489,0.010596,0.0047988,0.0045975,0.0039339,0.0021491,0.0055862,0.0072477,0.0029433,0.0060281,0.012883,0.46209,0.17294,0.049968,0.012392,0.18738,0.0119
5,0.0062124,0.0051214,0.0058481,0.02523,0.11028,0.15117,0.17523,0.093007,0.093468,0.012501,0.011643,0.0024,0.0046925,0.0074606,0.018223,0.097565,0.0035874,0.0028498,0.0058985,0.057988,0.34954,0.12458,0.034045,0.0088142,0.0075275,0.017587,0.029126,0.0026536,0.0010508,0.002719,0.016986,0.013198
6,0.13566,0.099722,0.33478,0.35644,0.34325,0.27927,0.0098561,0.010088,0.06498,0.023773,0.010382,0.022814,0.049831,0.0054258,0.0076366,0.0042232
6,0.0025774,0.0014741,0.0023911,0.013692,0.042779,0.054554,0.024211,0.018998,0.0067493,0.0042309,0.0064037,0.0018182,0.0034204,0.024411,0.053793,0.0951,0.16321,0.023838,0.0062077
6,0.19195,0.10237,0.26943,0.47426,0.13897,0.27178,0.30135,0.10414,0.12719,0.015291,0.015957,0.1274,0.057093,0.016374,0.00812
6,0.082809,0.046614,0.054697,0.060057,0.071726,0.079627,0.069078,0.042375,0.0036783,0.0016484,0.00031159,0.00032843,0.00041458,0.0007705,0.0016034,0.0018429,0.0015707
6,0.015008,0.011827,0.0082581,0.0077926,0.016208,0.010557,0.01377,0.0033685,0.0046782,0.0021725,0.0013132,0.012131,0.010164,0.019553,0.0081274,0.016129
6,0.019568,0.013116,0.021808,0.031264,0.029867,0.13217,0.073792,0.097573,0.17999,0.10813,0.013531,0.0043182,0.0041344,0.013851,0.013336,0.016131
6,0.074994,0.03114,0.066764,0.03778,0.056357,0.062953,0.00921,0.0035016,0.0080038,0.0049902,0.001966,0.025302,0.021433,0.042224,0.079656,0.078869,0.012193
6,0.018485,0.0042807,0.0036716,0.004268,0.01258,0.023621,0.028759,0.0092666,0.0090983,0.088853,0.044099,0.021459,0.002904
6,0.0051914,0.011115,0.02667,0.3034,0.5,0.47875,0.10516,0.06968,0.072288,0.022225,0.0018406,0.011182,0.079356,0.034833,0.015228,0.0046983
6,0.0058823,0.0016483,0.0046897,0.0076729,0.0062927,0.0042293,0.0035887,0.014542,0.015339,0.0047716,0.00093352,0.00079565,0.0034936,0.027384,0.012227
6,0.0087898,0.011596,0.0098505,0.0054484,0.033337,0.03432,0.0067696,0.027473,0.0082833,0.0050982,0.0015832,0.005115,0.0045331,0.0053477,0.00082288,0.00092942,0.00065664,0.022435,0.014374,0.023896,0.059764,0.025728,0.032316,0.017863,0.011082,0.0022477,0.0039145,0.0086219,0.027545,0.037968,0.037061
6,0.060698,0.0086701,0.0064122,0.040542,0.055375,0.032897,0.032599,0.031517,0.0071362,0.009519,0.0087577,0.0061714,0.031264,0.039411,0.072988,0.085578,0.15564,0.075485,0.045231,0.023809,0.0044733,0.0035768,0.0033523,0.01609,0.035023,0.015159
6,0.10088,0.25898,0.066779,0.063082,0.31433,0.33116,0.20612,0.16053,0.043386,0.0094051,0.00074468,0.0010657,0.042917,0.1554,0.11319,0.2747,0.048502,0.034812,0.032962,0.041654,0.049699,0.61306,0.67995,0.40782,0.14822,0.13678,0.02654,0.002085,0.0043713,0.012479,0.068781,0.059437,0.0045059
6,0.56287,0.20918,0.16231,0.13871,0.1303,0.16127,0.23477,0.10789,0.060974,0.044993,0.01975,0.047134,0.077895,0.011388,0.011458,0.012013,0.0075162,0.010829,0.032013,0.023502,0.011826,0.0026383,0.0031483,0.0053145,0.0022708,0.058035,0.12182,0.0316,0.029925,0.0035518
6,0.04632,0.018511,0.0036226,0.0040965,0.0024388,0.0035981,0.002865,0.0018569,0.0021372,0.0021396,0.001487,0.0065952,0.0034276,0.0027483,0.002456,0.0063689
6,0.0071725,0.0091741,0.02152,0.006818,0.0097451,0.012215,0.024709,0.054232,0.076743,0.0090793,0.0032963,0.0020202,0.00094584,0.00064511,0.00041657,0.001056,0.0065627,0.01039,0.0068632
6,0.65593,0.3954,0.016032,0.03394,0.028773,0.034167,0.078546,0.18971,0.087443,0.076786,0.054848,0.059535,0.065529,0.13237,0.023381
6,0.24563,0.1606,0.016166,0.014602,0.0042417,0.0056065,0.046013,0.025378,0.032644,0.047924,0.10662,0.018415,0.013897,0.018294,0.058707,0.014197
6,0.091517,0.11451,0.083811,0.031017,0.010314,0.0044849,0.0018376,0.0086998,0.0099428,0.0038588,0.015617,0.03534,0.051108,0.021869,0.02283,0.07529,0.13651,0.019107,0.031244,0.017964,0.0027333,0.001187,0.002048,0.015171,0.0090884,0.034806,0.055484
6,0.030942,0.0069519,0.0073948,0.033621,0.0049525,0.0098959,0.018124,0.012904,0.028032,0.043783,0.10011,0.10789,0.12897,0.033307,0.022218,0.01423,0.0042425,0.0062626,0.02991,0.068365,0.0093932
6,0.096131,0.11049,0.058334,0.093601,0.0097757,0.0094532,0.0038186,0.010663,0.012287,0.03557,0.034056,0.093872,0.022229,0.016515,0.091656,0.020932,0.046189,0.054458,0.054614,0.031964,0.0044285
6,0.0036919,0.00094828,0.00054033,0.0042861,0.0017006,0.00033352,0.00092545,0.0036873,0.011388,0.037135,0.026941,0.019403,0.010463,0.0070355,0.24762,0.13017,0.18912,0.14482,0.011806,0.0060147,0.0041957,0.0029957,0.0040383,0.0051655,0.0082593,0.042138,0.0057936,0.002696,0.0062607,0.056613,0.02024
6,0.22395,0.19215,0.30063,0.45371,0.014817,0.016325,0.019104,0.013471,0.011205,0.0026696,0.0051344,0.019801,0.042668,0.034762,0.013625,0.0068544,0.069579,0.05941,0.028643,0.0079504,0.0094122,0.012615,0.030747,0.051394,0.0044742
6,0.038121,0.0068904,0.0065174,0.022085,0.035466,0.012362,0.047999,0.066889,0.064467,0.093201,0.043861,0.065515,0.024248,0.011905,0.0033942,0.0086573,0.0042905,0.015841,0.023275,0.018652,0.037038,0.031657,0.083533,0.029199,0.0080091
6,0.14698,0.056535,0.023037,0.0063237,0.036538,0.048909,0.088167,0.080289,0.28069,0.4632,0.25911,0.22262,0.15759,0.03985,0.0094135,0.011279,0.011303,0.0073244,0.010155,0.17898,0.22498,0.044133,0.0038429
6,0.0058566,0.008895,0.01424,0.016287,0.011823,0.027709,0.014845,0.0032745,0.0065238,0.013389,0.021486,0.010631,0.047538,0.17476,0.12927,0.13393,0.05263,0.03789,0.0039488,0.0023902,0.0016446,0.0007608,0.00058687,0.00090121,0.003787,0.010941,0.009332,0.17083,0.088672,0.085562,0.16755,0.018259
6,0.80757,0.046418,0.1128,0.04097,0.043859,0.028906,0.066937,0.026626,0.055958,0.10449,0.13513,0.064283,0.059495,0.12213,0.044281,0.034279,0.11343,0.3225,0.16839,0.16006,0.16317,0.079951,0.14059,0.069131,0.0081667
6,0.025576,0.046402,0.081415,0.19233,0.057581,0.050067,0.04774,0.032604,0.032256,0.019042,0.0026042,0.0017404,0.0051578,0.0073301,0.0057519,0.016021,0.067361,0.089263,0.0045587,0.0030854
6,0.11499,0.039175,0.028509,0.10106,0.056549,0.0097414,0.0083212,0.0025564,0.045515,0.015665,0.083397,0.25974,0.16957,0.35186,0.21366,0.036507,0.090453,0.069622,0.014371,0.059319,0.18018,0.083303,0.093978,0.11025,0.052507,0.055983,0.073834,0.012008
6,0.46401,0.30216,0.16034,0.09454,0.070055,0.027925,0.026585,0.0048031,0.0026469,0.0023564,0.0018675,0.0063642,0.013128,0.0062836,0.0040195,0.0026808,0.0022022,0.0015561,0.0011417,0.0033965,0.0034741,0.004198,0.0071197,0.022041,0.094584,0.27459,0.02949
6,0.018455,0.051956,0.056354,0.045783,0.059431,0.019518,0.030494,0.16852,0.10432,0.077971,0.06418,0.023931,0.0081948,0.025061,0.015196,0.026423,0.00979
6,0.018319,0.010757,0.0028939,0.013543,0.028581,0.053186,0.018449,0.0047722,0.00082811,0.00024381,0.00026713,0.00076336,0.0014161,0.0043816,0.0035752,0.0049876,0.0084368,0.023092,0.061959,0.005683,0.0024003,0.0023433,0.004792,0.0066752,0.024603,0.019244,0.019642,0.011699,0.0049015
6,0.0072849,0.0080639,0.0051926,0.0053754,0.003569,0.0067831,0.0033002,0.039588,0.11916,0.11145,0.02356,0.0076256,0.0029365,0.0047213,0.01278,0.022606,0.01736,0.04506,0.35048,0.0059718,0.0035962
6,0.56838,0.060683,0.11841,0.093998,0.030102,0.084026,0.053199,0.059078,0.015459,0.0054037,0.045157,0.10775,0.040184,0.026472,0.020888,0.030301,0.06532,0.028762,0.0051445,0.0031117,0.012015,0.012973,0.019758,0.01079,0.0077663
6,0.14391,0.017688,0.084052,0.13453,0.15203,0.061871,0.018674,0.031764,0.006928,0.014211,0.0087792,0.0072984,0.0076856,0.010267,0.0072305,0.028313,0.075179,0.047628,0.14265,0.061886,0.045867,0.054353,0.032312,0.013245,0.0028809,0.02538,0.029633,0.024097,0.010689,0.0021103
7,0.11972,0.14833,0.25506,0.32189,0.3744,0.50782,0.81371,0.88404,0.74177,0.53888,0.70354,0.5322,0.33359,0.11461,0.0494,0.085197,0.076847,0.0081196,0.0038213
7,0.0042594,0.0022983,0.0043539,0.0099637,0.58539,0.54795,0.40827,0.59263,0.73087,0.46765,0.55296,0.19263,0.61886,0.56634,0.41067,0.19785,0.26154,0.35174,0.17126,0.034161,0.006422
7,0.0054335,0.0065622,0.0078584,0.016818,0.013858,0.019838,0.0085771,0.034676,0.23042,0.011958,0.0095869,0.015204,0.0052849,0.0016798,0.0030901,0.085335,0.020509,0.0046797,0.017105,0.011399,0.006578
7,0.010081,0.0046497,0.0066851,0.031963,0.063662,0.11127,0.040062,0.39245,0.17332,0.61893,0.41662,0.50835,0.59387,0.3443,0.24072,0.18435,0.038693,0.0061754
7,0.10836,0.35488,0.26541,0.42417,0.37979,0.64241,0.70433,0.68812,0.28538,0.43824,0.096147,0.040488,0.019859,0.0085715,0.017843,0.0065401
7,0.050552,0.32044,0.057754,0.052363,0.060663,0.095681,0.38822,0.46896,0.60119,0.44133,0.26244,0.026832,0.011763,0.074242,0.013748,0.017126
7,0.027453,0.0096328,0.018373,0.041916,0.05884,0.074425,0.17087,0.28044,0.53263,0.85103,0.4464,0.36896,0.16721,0.059037,0.017155,0.012627
7,0.0054902,0.0033242,0.0047932,0.013933,0.048995,0.11981,0.17541,0.21097,0.092391,0.45116,0.39456,0.31676,0.40789,0.78524,0.62049,0.10185,0.1194,0.18797,0.058292,0.088276,0.0027969
7,0.039178,0.029471,0.030758,0.025656,0.5,0.65324,0.2665,0.22756,0.5,0.47109,0.060927,0.028359,0.053435,0.13437,0.039588,0.006324
7,0.073829,0.075495,0.27733,0.16389,0.13646,0.36023,0.73023,0.64919,0.64621,0.38207,0.53895,0.6146,0.94386,0.93278,0.57969,0.25331,0.36648,0.039999,0.022056,0.0042944
7,0.081584,0.097086,0.046498,0.053301,0.45285,0.30792,0.14573,0.035467,0.028713,0.026733,0.012616,0.01475,0.021517,0.3654,0.060243,0.15144,0.3291,0.079567,0.018545,0.17934,0.0973,0.013278,0.0098986,0.092173,0.1191,0.19401,0.21432,0.12904,0.19212,0.15493,0.5,0.61225,0.23765,0.1254,0.19769,0.072934,0.021507,0.017192,0.0024948
7,0.014273,0.0029987,0.0028128,0.026876,0.060047,0.030637,0.13932,0.12976,0.17161,0.22172,0.16668,0.068469,0.15146,0.059372,0.14134,0.0796,0.23108,0.10564,0.11618,0.14773,0.10362,0.18055,0.22611,0.22703,0.23439,0.33649,0.58137,0.47592,0.41962,0.4803,0.2865,0.090976,0.18802,0.3499,0.25322,0.1757,0.1624,0.35781,0.25989,0.11668,0.33063,0.081448
7,0.052593,0.030817,0.025884,0.14911,0.23369,0.47739,0.090434,0.073364,0.35442,0.47112,0.42149,0.36967,0.43135,0.39651,0.59594,0.68849,0.67368,0.45917,0.55495,0.59876,0.11483,0.13447,0.091017,0.07521,0.06725,0.063158,0.18337,0.36274,0.19612,0.25645,0.57305,0.50821,0.18211,0.065759
7,0.53846,0.41564,0.26691,0.36722,0.55419,0.33469,0.26759,0.09469,0.082552,0.085785,0.047403,0.021303,0.0082845,0.0018194,0.00031182,0.0030614,0.03491,0.63564,0.54698,0.50728,0.21791,0.11928,0.26149,0.2414,0.19197,0.21873,0.09312,0.072579,0.012909,0.08337,0.070624,0.091947,0.10816,0.22944,0.22164,0.17565,0.11592,0.35951,0.11761,0.035735,0.021129
7,0.17147,0.30857,0.4221,0.54759,0.81005,0.82613,0.72466,0.61218,0.68158,0.56572,0.43732,0.36176,0.79629,0.65473,0.43791,0.373,0.13031,0.20186,0.23875,0.15634,0.67792,0.67682,0.63985,0.75624,0.78158,0.89682,0.83152,0.48293,0.32161,0.4261,0.18943,0.069649,0.01862
7,0.21215,0.093518,0.039683,0.017918,0.039964,0.018714,0.016039,0.092534,0.2171,0.42914,0.17596,0.1603,0.19399,0.44941,0.33579,0.44747,0.2348,0.201,0.018144,0.0086617,0.0083289,0.0265,0.023015,0.033239
7,0.025942,0.064729,0.022507,0.03439,0.024038,0.035827,0.023402,0.0072291,0.36064,0.067711,0.25261,0.57202,0.69564,0.84345,0.73715,0.63156,0.60916,0.5543,0.42772,0.082816,0.064364,0.010973,0.047724,0.06847,0.0056104,0.0045399
7,0.11063,0.2982,0.12312,0.040524,0.10039,0.093667,0.10155,0.81756,0.67566,0.65933,0.5,0.63855,0.70208,0.89678,0.88142,0.20308,0.015729,0.048225,0.034771,0.0065905
7,0.0043351,0.034816,0.022958,0.0091284,0.07116,0.039749,0.041181,0.21962,0.30554,0.25487,0.1434,0.40209,0.39152,0.37094,0.37204,0.29415,0.33787,0.16062,0.011915,0.0040384,0.032804,0.11288,0.043077,0.005562
7,0.053615,0.067815,0.052145,0.096944,0.055408,0.11449,0.076894,0.15103,0.046493,0.14289,0.069411,0.19428,0.069326,0.058321,0.063928,0.021573,0.048777,0.014851
7,0.12487,0.10203,0.067983,0.045536,0.18649,0.36198,0.51489,0.24643,0.37725,0.10543,0.04505,0.15561,0.56808,0.60231,0.4571,0.40138,0.58291,0.62072,0.69896,0.73757,0.39403,0.21631,0.05997,0.058949,0.084648,0.06005,0.11388,0.056257,0.022719
7,0.068198,0.050578,0.090735,0.18903,0.38621,0.32147,0.23195,0.26075,0.033563,0.15076,0.19086,0.11842,0.051463,0.23103,0.3566,0.64324,0.58981,0.58833,0.41821,0.30763,0.20041,0.25281,0.34837,0.15003,0.029782,0.0077333,0.0056764,0.105,0.08371,0.008454,0.010603,0.018494,0.07128,0.075992,0.017367
7,0.47366,0.25462,0.36435,0.53992,0.5,0.60487,0.28135,0.21908,0.5701,0.53473,0.63279,0.89075,0.75597,0.68649,0.76598,0.39782,0.19457,0.45999,0.038991,0.039063,0.01102
7,0.039744,0.039,0.050981,0.053539,0.1828,0.10447,0.13687,0.039007,0.009557,0.017322,0.014823,0.039539,0.1409,0.48658,0.2679,0.34584,0.32868,0.67522,0.42443,0.5746,0.13698,0.013921,0.0035578,0.0028264,0.0020233,0.0035563,0.0083505,0.0081317
7,0.62846,0.22889,0.092353,0.62403,0.89268,0.74713,0.20289,0.18662,0.41957,0.19363,0.13345,0.20348,0.24294,0.6217,0.46477,0.27472,0.60821,0.79208,0.1982,0.49104,0.5992,0.5,0.59655,0.20423,0.29381,0.37654,0.40496,0.48884,0.58706,0.23572,0.23349,0.082943,0.063791,0.016493,0.0060199
7,0.0092041,0.0077408,0.0057969,0.11209,0.34352,0.33465,0.14731,0.16599,0.17052,0.17605,0.40925,0.30244,0.5191,0.19066,0.54241,0.31989,0.41756,0.4386,0.59224,0.61959,0.35144,0.12942,0.067416,0.40752,0.087892,0.08416,0.10049,0.12101,0.36935,0.31922,0.36965,0.46622,0.19396,0.045439,0.035529
7,0.68832,0.23563,0.1067,0.017247,0.01066,0.04361,0.032075,0.037976,0.060635,0.085245,0.042595,0.26415,0.20434,0.37227,0.4939,0.45289,0.11297,0.5,0.80057,0.57586,0.76701,0.54325,0.45128,0.62589,0.2376,0.053477,0.010781
7,0.0032657,0.013855,0.086091,0.092771,0.073542,0.15499,0.028734,0.13606,0.53921,0.50681,0.20418,0.40329,0.69493,0.25538,0.27772,0.2249,0.30001,0.1432,0.21624,0.28754,0.2588,0.41332,0.24748,0.5,0.68361,0.89462,0.82749,0.81837,0.8125,0.44171,0.14541,0.13481,0.11439,0.028045,0.0038059,0.0057717,0.007078,0.0050014,0.0016735
7,0.0010496,0.0059254,0.0069605,0.034396,0.040308,0.03326,0.070678,0.13159,0.053416,0.06347,0.11794,0.30464,0.044311,0.0047362,0.0061378,0.31622,0.078249,0.391,0.58506,0.53379,0.055537,0.44948,0.3926,0.5,0.73859,0.56686,0.2335,0.72053,0.2648,0.42912,0.51065,0.67077,0.7287,0.58455,0.29272,0.33336,0.27069,0.15146,0.083602,0.0047617
7,0.047318,0.095129,0.097347,0.12899,0.19167,0.13688,0.24422,0.13651,0.054607,0.33937,0.60917,0.35759,0.30686,0.1708,0.20359,0.37339,0.24553,0.52963,0.63473,0.60774,0.036062,0.51057,0.38315,0.22172,0.52476,0.52295,0.049582,0.19819,0.44504,0.22618,0.42528,0.5744,0.26568,0.23984,0.37101,0.24064,0.24033,0.053913,0.042641,0.0041995
7,0.05964,0.2415,0.21268,0.25504,0.46259,0.16325,0.053658,0.01517,0.19976,0.53568,0.1702,0.097948,0.17554,0.13069,0.083023,0.25343,0.19012,0.02905,0.015977,0.1643,0.13216,0.25237,0.1882,0.11301,0.050931,0.45178,0.35787,0.60862,0.66673,0.80246,0.75567,0.72377,0.68531,0.75012,0.89505,0.84263,0.66314,0.70293,0.57186,0.6543,0.51694,0.56664,0.4269,0.32159,0.18385,0.0064319
7,0.3911,0.52685,0.67789,0.65777,0.33849,0.060536,0.028462,0.038565,0.21565,0.44724,0.5111,0.6844,0.66882,0.35554,0.68919,0.51216,0.12807,0.27868,0.3075,0.37082,0.48468,0.65871,0.7178,0.57913,0.48179,0.17902,0.45558,0.45562,0.63194,0.36671,0.46968,0.6161,0.21964,0.16495,0.75168,0.52469,0.26875,0.37254,0.21938,0.15797,0.048382,0.02408,0.021446,0.033449,0.0071948
7,0.022669,0.0041128,0.015037,0.03172,0.088247,0.044118,0.0037468,0.0073413,0.0035228,0.011219,0.42828,0.54716,0.41644,0.5,0.66265,0.43204,0.71353,0.88781,0.7574,0.75466,0.92171,0.89567,0.71045,0.73027,0.68396,0.59959,0.42285,0.060401,0.15179,0.12415,0.03467
7,0.028982,0.055697,0.040073,0.43372,0.13781,0.29974,0.12153,0.30507,0.20132,0.17298,0.1645,0.17706,0.63158,0.69232,0.79508,0.80673,0.52568,0.094975,0.41473,0.74922,0.72185,0.71797,0.88715,0.51217,0.23021,0.089504,0.064741,0.032034,0.018447,0.010981
7,0.033451,0.031049,0.023795,0.046939,0.069061,0.25811,0.12831,0.068628,0.063356,0.02207,0.091526,0.12287,0.093029,0.51499,0.59173,0.51142,0.47754,0.062606,0.16301,0.072725,0.03101,0.025099,0.0095481,0.025292,0.23728,0.57566,0.33806,0.2014,0.26056,0.31001,0.36863,0.62786,0.18837,0.16592,0.084033,0.06448,0.030377,0.11913,0.020659
7,0.065701,0.0026975,0.0040418,0.041514,0.10252,0.021937,0.023734,0.0094818,0.0063108,0.0053198,0.061939,0.10659,0.025913,0.030402,0.06869,0.13021,0.16991,0.050286,0.032724,0.083727,0.36091,0.20259,0.52499,0.56582,0.45939,0.32994,0.4154,0.10547,0.021541,0.010112,0.017305,0.036033,0.058118,0.045823
7,0.0059182,0.0031745,0.040866,0.045464,0.22391,0.25398,0.2627,0.13914,0.19521,0.23472,0.061887,0.12453,0.17222,0.49018,0.42902,0.64782,0.44943,0.68127,0.66989,0.17785,0.22286,0.26909,0.23533,0.13389,0.10615,0.10274,0.085746,0.014838
7,0.30811,0.72905,0.76868,0.47351,0.79905,0.88596,0.83199,0.61757,0.5824,0.91374,0.93072,0.95277,0.95784,0.94078,0.071342,0.059683,0.02616,0.077868,0.096535,0.087677,0.13364,0.059181,0.019887
7,0.37859,0.14345,0.17368,0.18549,0.40283,0.13319,0.28357,0.061016,0.10467,0.039245,0.019309,0.0014206,0.0016853,0.0027015,0.0048473,0.0074771,0.075815,0.40404,0.67682,0.84812,0.93168,0.80136,0.62026,0.39052,0.18395,0.11396,0.11952,0.091187,0.04771,0.096555,0.17499,0.0099213,0.016814,0.0034643
7,0.010736,0.0057484,0.039837,0.11355,0.15708,0.13913,0.27496,0.12698,0.2807,0.17029,0.062341,0.0074177,0.079654,0.19999,0.31194,0.47724,0.53909,0.87808,0.81156,0.72757,0.11588,0.057449,0.032734,0.048837,0.092847,0.073082,0.059641,0.12449,0.19135,0.083213,0.0036077
