1,0.10685,0.015444,0.08456,0.24138,0.014198,0.0047972,0.0088172,0.013121,0.019768,0.027115,0.0032115,0.0052083,0.0028087,0.0056167,0.021466,0.0094363,0.012793,0.0060831,0.078093
1,0.61919,0.25253,0.589,0.77038,0.7552,0.41022,0.56311,0.49469,0.48869,0.31536,0.0099688,0.011416,0.1106,0.17602,0.15835,0.010391,0.0021464,0.006572,0.0001779
1,0.035412,0.025969,0.036991,0.13218,0.11061,0.017027,0.0075924,0.0019691,0.0063536,0.0046861,0.0050016,0.048736,0.013866,0.0019516,0.00013343,0.00025664,0.0027207,0.021602,0.051549,0.0054655,0.0042679,0.012097,0.0096772
1,0.65154,0.26647,0.28226,0.62433,0.32872,0.16153,0.26668,0.22525,0.2424,0.3352,0.092875,0.021165,0.079894,0.02739,0.044419,0.037924,0.013022,0.048786,0.074118
1,0.15421,0.0010052,0.00092597,0.013192,0.0098338,0.020297,0.073305,0.11823,0.045653,0.086845,0.05979,0.050768,0.017348,0.023668,0.0052077,0.042895
1,0.81837,0.40753,0.062032,0.011079,0.0024362,0.0026103,0.048752,0.053001,0.076541,0.27402,0.40835,0.2001,0.44433,0.81029,0.5327,0.28988,0.050549,0.012316,0.0033632,0.00074122,0.0078911
1,0.10909,0.00027847,0.0012025,0.019539,0.0092829,0.0088523,0.0079156,0.076502,0.043888,0.13844,0.07059,0.047574,0.012336,0.0022266,0.0031158,0.010347,0.06464,0.0099956
1,0.20214,0.00029174,0.00032581,0.0015003,0.00086087,0.0061897,0.0043389,0.0040135,0.022252,0.19401,0.13406,0.40632,0.34424,0.053866,0.017144,0.0026439,0.0032366,0.013894,0.038007,0.02368
1,0.46341,0.00037504,0.00030218,0.0030846,0.0031106,0.0050255,0.0080326,0.056842,0.08766,0.087317,0.034654,0.012759,0.0078777,0.013201,0.0081138,0.0025442,0.02391
1,0.38439,0.43036,0.45297,0.22933,0.18405,0.098129,0.13501,0.061004,0.011225,0.019272,0.053633,0.018585,0.13444,0.088478,0.13681,0.075102,0.4813,0.0069086
1,0.60912,0.3811,0.41211,0.13287,0.075095,0.023854,0.07535,0.10772,0.045221,0.03372,0.045827,0.061072,0.063404,0.081233,0.052831,0.033916,0.077643
1,0.43122,0.26181,0.37599,0.35851,0.019588,0.010183,0.091759,0.15695,0.16645,0.53438,0.52686,0.42563,0.1458,0.060001,0.021187
1,0.048566,0.029779,0.010516,0.0083181,0.0058271,0.0059625,0.0032355,0.0056575,0.0032923,0.0042826,0.007632,0.015228,0.026735,0.038718,0.0029147,0.0058462
1,0.65076,0.4858,0.38518,0.15436,0.0477,0.041092,0.1174,0.060947,0.008317,0.010404,0.022752,0.05965,0.027732,0.097833,0.14459,0.073113,0.04747,0.026805,0.095754
1,0.57702,0.11528,0.055823,0.051211,0.0080324,0.0089184,0.018294,0.0035595,0.0019269,0.0010784,0.0027114,0.0051841,0.022902,0.040637,0.15737,0.099304,0.018948,0.0054113
1,0.11132,0.049754,0.10758,0.12521,0.081435,0.090376,0.048237,0.065578,0.047267,0.10619,0.067013,0.13483,0.057143,0.042068,0.031724,0.010166,0.042661,0.07014,0.11714,0.057788,0.00098735,7.0516e-05,0.0001033,0.00011938,4.9102e-05,0.00018343,0.00086037,0.015449,0.062343,0.12144,0.3204,0.18983,0.3134,0.34414,0.39522,0.034497
1,0.04839,0.0026728,0.010985,0.01539,0.0090499,0.0081378,0.020127,0.0084079,0.0091428,0.012186,0.0028334,0.0020606,0.0079186,0.014539,0.02287,0.01488,0.012214,0.0085453,0.00015978,0.00052586,0.0010204,0.00031059,0.00093738,0.00093125,0.00048308,0.035949,0.12888,0.16117,0.16771,0.097254,0.15958,0.014921
1,0.04323,0.0036458,0.010153,0.01745,0.036961,0.049313,0.058399,0.3505,0.24333,0.15434,0.089069,0.052278,0.0084052,0.044264,0.083885,0.0267,0.029751,0.020583,0.032078,0.018539,0.029336,0.044586,0.0083226,0.0039931,0.0087298,0.013331,0.024079,0.10229,0.059565,0.00029347,0.0023904,0.018097,0.033883,0.061123,0.2379,0.23596,0.24358,0.054776,0.21598,0.0037237
1,0.27632,0.071899,0.1441,0.2097,0.060791,0.02761,0.041536,0.073793,0.030908,0.021469,0.0053671,0.015577,0.014849,0.060843,0.065883,0.083857,0.013457,0.00075106,0.0002662,0.00026371,0.00056496,0.0024239,0.0028618,0.020356,0.030293,0.063893,0.051641,0.06193,0.034611,0.091025,0.0049378
1,0.0052011,0.00085184,0.00055671,0.0020027,0.0016626,0.0044566,0.0091889,0.00016005,0.00030287,0.0010551,0.0004464,0.0029778,0.0015906,0.006285,0.011267,0.01545,0.021538,0.0085319,0.0077868,0.021572,0.018642,0.00023238
1,0.021154,0.00067336,0.0014553,0.0023531,0.00081346,0.0017718,0.0022378,0.037647,0.036954,0.015623,0.0054014,0.024626,0.019201,0.056409,0.13171,0.076642,0.00786,0.0063002,0.018694,0.039148,0.013981,0.01784,0.041578,0.020584,0.00088806
1,0.027768,0.0007176,0.024714,0.027205,0.060711,0.070008,0.044533,0.0070956,0.00704,0.027582,0.10684,0.067231,0.11428,0.068805,0.052794,0.012165,0.17779,0.075247,0.024571,0.06958
1,0.061636,0.0033796,0.018776,0.010115,0.010254,0.015765,0.047839,0.023774,0.016231,0.036358,0.29643,0.29787,0.39691,0.51207,0.34094,0.3487,0.092113,0.020163,0.015845,0.018397
1,0.0014573,9.4797e-05,0.0001252,0.000708,0.00074055,0.00070187,0.00015962,0.0004648,0.003615,0.0025397,0.0093169,0.00062402,0.00020304,0.00020565,9.0972e-05,0.00049132,0.0022129,0.0057883,0.041954,0.01005,0.00065196,0.0011361,0.0053181,0.0097967
1,0.06267,0.014218,0.0017489,0.00097853,0.00025952,0.00069171,0.001006,0.0021418,0.0015123,0.0016738,0.0027142,0.0003586,0.00077867,0.00047448,0.00018419,0.00019776,0.0005604,0.00052548,0.0018787,0.018829,0.054147,0.11297,0.24904,0.046842,0.0059774
1,0.078812,0.0039525,0.005654,0.0087888,0.060189,0.051992,0.036725,0.025132,0.046765,0.076794,0.13812,0.011937,0.014772,0.060721,0.035468,0.10236,0.089305,0.065731,0.15494,0.049192,0.036453,0.037456,0.0031878,0.046092,0.020272,0.10058
1,0.052873,0.0045274,0.004289,0.0022978,0.061151,0.052459,0.083412,0.0083673,0.0047262,0.00038645,0.0014532,0.0064939,0.00040356,0.002686,0.010201,0.019908,0.013189,0.053257,0.081184,0.15299,0.087193,0.046412,0.014485,0.023244,0.023649,0.0019184,0.0033179
1,0.036204,0.00046078,0.00039707,0.013767,0.013254,0.031065,0.0098957,0.016848,0.063449,0.055116,0.02799,0.0003969,0.0019112,0.00084198,0.00059321,0.0017739,0.0045568,0.020334,0.0563,0.080417,0.028895,0.043071,0.019663,0.004659,0.0056748
1,0.012393,0.005586,0.0087733,0.0054279,0.043153,0.023158,0.0074274,0.0086046,0.01227,0.04083,0.05201,0.21405,0.0048952,0.042683,0.02406,0.022666,0.012286,0.017237,0.0076413,0.0094001,0.12885,0.071033,0.022492,0.0034704,0.0035418,0.0027133
1,0.045356,0.018545,0.0065807,0.010537,0.012587,0.027131,0.030991,0.037338,0.11775,0.27514,0.27392,0.13251,0.084788,0.092037,0.010973,0.052792,0.039058,0.045761,0.023117,0.011333,0.079745,0.066556,0.054511,0.018872,0.0013704,0.0014029,0.00074464,0.0010032,0.00084879,0.0033103,0.0051391,0.041567,0.019356,0.0082875,0.017099
1,0.1925,0.020763,0.021916,0.024248,0.013283,0.015772,0.0007056,0.0088156,0.0049486,0.017325,0.082642,0.21327,0.15364,0.061245,0.05941,0.041003,0.19245,0.25738,0.044062,0.17278,0.17264,0.045333,0.00068232,0.00050808,0.0045611,0.0056816,0.021781,0.0071433,0.0091227,0.014318,0.0017812
1,0.097393,0.018638,0.036654,0.0034249,0.0095843,0.015184,0.033617,0.022481,0.19299,0.28395,0.21794,0.21784,0.25661,0.074822,0.15285,0.081624,0.10514,0.074133,0.017763,0.00037501,0.00050693,0.00089145,0.0016129,0.0033186,0.012347,0.042274,0.0091552,0.022379
1,0.06062,0.00080152,0.001709,0.0014251,0.00051312,0.0032578,0.0043482,0.0060162,0.032762,0.025608,0.038334,0.011487,0.0041338,0.03438,0.037748,0.061774,0.069374,0.11325,0.14497,0.14818,0.066818,0.047962,0.098877,0.077739,0.003556,0.037186,0.045915,0.045907,0.059203,0.056308,0.013736,0.0011299
1,0.12595,0.00061873,0.00015491,0.00035702,0.00020398,0.00010388,0.00079725,0.0039941,0.010344,0.026762,0.017439,0.072614,0.040017,0.0146,0.00021608,0.0022212,0.02605,0.0034458,0.0046029,0.0084723,0.0058321,0.0078277,0.0040187,0.05232,0.0277,0.046726,0.096949,0.14324,0.18845,0.17208,0.049061,0.02005,0.078802,0.060911,0.12264,0.096626,0.015314,0.11328,0.0078958
1,0.3558,0.00061645,0.00061671,0.00066969,0.00064237,0.00074314,0.0017771,0.0066983,0.0088109,0.062449,0.045561,0.059366,0.00057213,0.0086153,0.0097113,0.010996,0.0082057,0.0030964,0.0081083,0.0022693,0.020709,0.019302,0.078409,0.1978,0.44379,0.26221,0.008641,0.0023037,0.027121,0.052113,0.053579,0.15685,0.013941
1,0.28309,0.0034295,0.00061066,0.00087749,0.0005958,0.0016092,0.012494,0.0024527,0.032877,0.11032,0.3831,0.37993,0.68107,0.60591,0.065953,0.023694,0.023979,0.0048178,0.0047304,0.034302,0.051506,0.023179,0.0085862,0.35239,0.63554,0.68611,0.56911,0.68274,0.52411,0.16701,0.044468,0.12259,0.30286,0.087452,0.070554,0.10147,0.082246,0.10248,0.010251,0.0024372
1,0.39744,0.02267,0.0030719,0.049295,0.032694,0.023365,0.017719,0.060068,0.03956,0.060582,0.1161,0.074631,0.030288,0.017898,0.00027353,0.0025696,0.0018684,0.0031426,0.0057522,0.016928,0.017896,0.015457,0.044684,0.030083,0.016494,0.05347,0.069497,0.037203,0.067811,0.087464,0.022659,0.021427,0.0054,0.033108,0.021852,0.021963,0.035774
1,0.23599,0.017235,0.054523,0.11428,0.048242,0.019435,0.02083,0.0021923,0.0021997,0.0024523,0.0033584,0.029848,0.10692,0.014045,0.022273,0.076203,0.678,0.0071497,0.037078,0.076061,0.0066573,0.016446,0.0077531,0.011178,0.0060675,0.059951,0.069917,0.11536,0.014281
1,0.34014,0.0052768,0.0071468,0.016323,0.0067886,0.01178,0.01347,0.0048002,0.0049641,0.0018118,0.0082569,0.015212,0.028934,0.0085038,0.042572,0.18444,0.21579,0.084096,0.057534,0.0089073,0.0028192,0.0031122,0.0020067,0.0017426,0.0018449,0.0038546,0.016463,0.053141,0.018733,0.059621
1,0.84993,0.0057792,0.043808,0.025052,0.14053,0.1371,0.14047,0.12065,0.039029,0.10733,0.0069228,0.024633,0.014116,0.030484,0.026874,0.14502,0.13108,0.075092,0.15516,0.065882,0.13024,0.043788,0.030229,0.027379,0.029048,0.039578,0.012482,0.0013422
1,0.32835,0.0012575,0.02532,0.023909,0.064829,0.068304,0.14872,0.14927,0.29762,0.058048,0.036298,0.010058,0.017122,0.24828,0.1595,0.074354,0.012965,0.020115,0.0026042,0.016868,0.016518,0.013635,0.0060572,0.050175,0.049579,0.016396,0.038533,0.16524,0.14921,0.053851,0.0085237
1,0.86552,0.33878,0.20908,0.27386,0.083756,0.032261,0.076634,0.34655,0.060874,0.0086974,0.011853,0.059566,0.04063,0.030056,0.018019,0.0062557,0.0036903,0.0040618,0.0072888,0.0066294,0.019843,0.025692
1,0.10376,0.0017382,0.0016734,0.0021285,0.0026792,0.0042088,0.0047642,0.0075693,0.012308,0.041665,0.0054103,0.0038396,0.00054245,0.0007626,0.00050648,0.00063626,0.0010619,0.0024278,0.0062422,0.0088573,0.012826,0.0044375
1,0.25086,0.046938,0.062023,0.062425,0.064567,0.046604,0.068559,0.22324,0.14472,0.36397,0.0024014,0.00072436,0.0009013,0.0017872,0.00037854,0.0037616,0.0015447,0.0010975,0.004812,0.0073206,0.0083565,0.0065647,0.0035617,0.013943,0.0030723
2,0.93905,0.75026,0.73478,0.66073,0.19596,0.38123,0.53916,0.60037,0.060404,0.10066,0.052518,0.056105,0.47494,0.27906,0.41513,0.69038,0.19016,0.32027,0.061208
2,0.91573,0.82612,0.63965,0.76956,0.30921,0.13605,0.34604,0.02568,0.04418,0.27525,0.22449,0.24714,0.44586,0.11764,0.14748,0.14407
2,0.55177,0.51748,0.6105,0.69134,0.6419,0.19096,0.13081,0.56813,0.64846,0.76573,0.79344,0.83165,0.012185,0.029088,0.77316,0.75906,0.77786,0.84149,0.35477,0.38489,0.34121,0.16882
2,0.92554,0.73765,0.60733,0.66287,0.57068,0.84191,0.78665,0.84513,0.1976,0.10949,0.33572,0.059099,0.12225,0.18053,0.056312,0.024927,0.0072028
2,0.73293,0.29951,0.040112,0.056932,0.037543,0.049753,0.10211,0.11795,0.52345,0.27305,0.66035,0.61482,0.59597,0.64196,0.4255,0.0016107,0.034877,0.077052,0.073616,0.148,0.14615,0.19181,0.12597,0.12792
2,0.69995,0.53412,0.7004,0.84651,0.25737,0.044231,0.05306,0.069143,0.18638,0.19886,0.41425,0.1359,0.27665,0.35296,0.038356,0.010588,0.020601
2,0.78605,0.55509,0.64753,0.6454,0.33215,0.46617,0.51845,0.51084,0.26354,0.43517,0.64104,0.76045,0.52704,0.28211,0.1723,0.1638,0.14515,0.088822,0.017364,0.053146
2,0.63298,0.03027,0.024167,0.053527,0.040357,0.36053,0.54457,0.48102,0.55118,0.43054,0.073641,0.20976,0.3692,0.29897,0.28027,0.16417,0.131,0.059233,0.023005,0.019474,0.03146
2,0.92034,0.60858,0.14932,0.2528,0.39481,0.45845,0.30574,0.22668,0.43208,0.64767,0.44953,0.23902,0.24672,0.12903,0.23935,0.11557,0.096647
2,0.71781,0.026549,0.0047183,0.0046671,0.0028345,0.0024553,0.11797,0.079994,0.032393,0.089911,0.41588,0.35323,0.40245,0.56069,0.23799,0.12247,0.07744,0.1122,0.12508,0.071037,0.0030394,0.065436
2,0.23994,0.012777,0.024597,0.22619,0.12351,0.22061,0.54024,0.658,0.66692,0.64606,0.43657,0.077246,0.08122,0.18298,0.082684,0.072596,0.017366
2,0.50985,0.19075,0.37953,0.7214,0.84047,0.89157,0.94203,0.8815,0.9471,0.19368,0.15892,0.13241,0.5,0.43614,0.17025
2,0.99033,0.25659,0.026105,0.010233,0.36338,0.42564,0.41532,0.75452,0.9397,0.89176,0.91935,0.8868,0.1838,0.02496,0.081702,0.087962,0.064715,0.068438,0.028654
2,0.77483,0.16649,0.017296,0.01169,0.049175,0.018225,0.064546,0.030704,0.46077,0.16719,0.34215,0.38714,0.24201,0.15218,0.42523,0.62483,0.45966,0.47556,0.12332,0.11914,0.14569,0.064018,0.11353,0.14621,0.00084052
2,0.74846,0.5216,0.58915,0.30191,0.46896,0.027862,0.059856,0.058897,0.029677,0.05982,0.085148,0.17435,0.17321,0.44027,0.23138,0.39356,0.17228,0.022888,0.00083281
2,0.14477,0.22609,0.22706,0.57769,0.2013,0.37596,0.36378,0.15202,0.24821,0.68982,0.5,0.36366,0.22637,0.2639,0.089729,0.25417,0.2494,0.22879,0.21026,0.15527,0.086431,0.10238,0.0032293,0.041803,0.17258,0.32066,0.28851,0.040262,0.0092865
2,0.85407,0.85294,0.92403,0.66787,0.72758,0.74107,0.85233,0.78246,0.75953,0.69696,0.088541,0.064101,0.13317,0.27137,0.34386,0.20947,0.08904,0.0090565
2,0.60456,0.49074,0.84409,0.74477,0.38564,0.31413,0.10975,0.2861,0.22753,0.14385,0.020393,0.050517,0.087457,0.061122,0.096229,0.52173,0.65154,0.4531,0.059726,0.004668,0.0014172
2,0.59893,0.33024,0.34624,0.26316,0.21552,0.16194,0.11874,0.14667,0.032111,0.01524,0.0085384,0.23914,0.63268,0.86249,0.64494,0.10176,0.026862,0.020534
2,0.77135,0.54294,0.20835,0.11394,0.21991,0.062697,0.20075,0.2098,0.16645,0.2316,0.070173,0.095298,0.19132,0.46379,0.34754,0.012328,0.043537,0.025895,0.015844,0.060812,0.051238,0.24281,0.11188,0.17863,0.11084,0.1393,0.030017
2,0.67445,0.28135,0.25749,0.10294,0.060422,0.078248,0.1935,0.21898,0.23691,0.27924,0.14891,0.19093,0.18031,0.29493,0.38943,0.66456,0.61234,0.42724,0.42509,0.060878
2,0.77148,0.038431,0.25827,0.21551,0.29863,0.36188,0.4119,0.51706,0.59686,0.55331,0.52829,0.58247,0.11823,0.29317,0.32174,0.20137,0.19644,0.4502,0.054667,0.012195,0.0086536,0.0021969,0.0075342,0.0040957,0.0069268,0.011018,0.00053842,0.0042226,0.15692,0.76272,0.5,0.5,0.24951,0.015107,0.00090466
2,0.43374,0.045262,0.11219,0.41572,0.38875,0.28318,0.55171,0.28761,0.16753,0.15032,0.012451,0.023476,0.039782,0.065745,0.065834,0.055844,0.06026,0.00083556,0.00071453,0.025238,0.015179,0.095109,0.29804,0.29341,0.18593,0.18572,0.10243,0.35814,0.15403,0.010247
2,0.55081,0.17025,0.2684,0.39177,0.3107,0.11614,0.16936,0.14109,0.060118,0.069213,0.032106,0.049956,0.093698,0.16437,0.23173,0.13446,0.0031109,0.001847,0.0035571,0.0060551,0.061497,0.098369,0.12051,0.21553,0.35008,0.45603,0.58444,0.28608,0.045056
2,0.83076,0.70109,0.63959,0.77009,0.74324,0.79652,0.79972,0.59608,0.31461,0.22693,0.13698,0.26095,0.39671,0.55407,0.30135,0.11831,0.022372,0.0053694,0.0038373,0.011418,0.054344,0.036065,0.037021,0.5,0.81532,0.75699,0.67527,0.48398,0.22577,0.013418
2,0.67468,0.46158,0.23803,0.19719,0.41704,0.21635,0.069238,0.070149,0.11968,0.047569,0.070454,0.031495,0.0033313,0.048087,0.076693,0.53158,0.72559,0.80887,0.81441,0.81542,0.040731,0.0097783,0.0030074,0.002354,0.0091505,0.012368,0.21658,0.36253,0.48913,0.20988,0.21438,0.098222,0.080067,0.021621
2,0.48407,0.29232,0.20764,0.21419,0.25997,0.15393,0.090481,0.16493,0.24085,0.27514,0.12027,0.081433,0.045914,0.081884,0.097487,0.30844,0.50758,0.23028,0.27298,0.23159,0.079889,0.0020173,0.039739,0.043474,0.030488,0.075351,0.16972,0.26001,0.48808,0.663,0.60767,0.4283,0.57458,0.14883,0.011134,0.051408,0.020708,0.04268
2,0.59001,0.14416,0.35377,0.75248,0.46967,0.26324,0.77138,0.55181,0.40119,0.31101,0.027322,0.051198,0.18574,0.66525,0.68162,0.72348,0.59655,0.69469,0.14584,0.032333,0.02046,0.060863,0.059824,0.075864,0.076444,0.54414,0.33021,0.17194,0.18415,0.027529,0.017041,0.0095655
2,0.457,0.086334,0.073653,0.12538,0.11339,0.11024,0.10628,0.18366,0.54017,0.3844,0.31605,0.37546,0.18426,0.26273,0.40659,0.65793,0.74625,0.74807,0.67723,0.039096,0.024872,0.026868,0.033349,0.1973,0.42324,0.54396,0.48295,0.65987,0.42216,0.41549,0.59285,0.62816,0.4008,0.094037
2,0.5071,0.30298,0.046844,0.06935,0.090143,0.16165,0.27553,0.37777,0.34726,0.40327,0.40027,0.30342,0.16468,0.3086,0.12906,0.098524,0.026636,0.040918,0.25611,0.64296,0.72469,0.41507,0.10709,0.005481,0.00058914,6.6037e-05,0.00030504,0.0014473,0.00092449,0.0031818,0.0050956,0.0061408,0.034868,0.10844,0.1717,0.13436,0.15885,0.16793,0.048281,0.031426,0.001514
2,0.058327,0.0013054,0.010178,0.007897,0.012019,0.026177,0.26412,0.45758,0.22002,0.29014,0.43521,0.41621,0.11247,0.56837,0.87042,0.89696,0.90452,0.75332,0.12897,0.0044358
2,0.18717,0.0601,0.066319,0.11839,0.052026,0.046954,0.055094,0.2719,0.5091,0.53973,0.79471,0.76106,0.42814,0.18064,0.66277,0.80253,0.82412,0.72092,0.52406,0.0059629
2,0.10659,0.007997,0.011937,0.015325,0.056086,0.13809,0.11204,0.086601,0.033078,0.038545,0.083064,0.093684,0.32977,0.4596,0.52829,0.39354,0.58813,0.79471,0.7101,0.67803,0.5,0.06319,0.037072
2,0.07965,0.0097193,0.027747,0.010257,0.0092323,0.0026281,0.0067309,0.027319,0.03381,0.088261,0.052461,0.16966,0.077544,0.025682,0.037817,0.14969,0.34004,0.43748,0.38003,0.096962,0.018345
2,0.10325,0.0041656,0.0024496,0.031782,0.13334,0.19929,0.17156,0.10203,0.020338,0.156,0.039626,0.12612,0.5,0.38903,0.28925,0.65519,0.77162,0.68624,0.5,0.18355,0.071102,0.039296,0.037318
2,0.62503,0.1094,0.031542,0.028619,0.060184,0.059548,0.040747,0.038691,0.14498,0.16731,0.28484,0.2804,0.16043,0.099972,0.22877,0.4945,0.38801,0.72938,0.62627,0.64062,0.57083,0.11383,0.024649
2,0.18316,0.041931,0.0033394,0.0021821,0.0025835,0.010607,0.0089526,0.016601,0.10288,0.076475,0.05973,0.13378,0.27174,0.16336,0.22171,0.2149,0.39264,0.63504,0.61226,0.47947,0.14046,0.050269,0.016518,0.020497
2,0.47733,0.011346,0.18822,0.066714,0.010253,0.028664,0.033922,0.0064491,0.034941,0.002166,0.048643,0.019302,0.017639,0.044914,0.040195,0.011962,0.059555,0.30195,0.40155,0.27448,0.14421,0.0011583
2,0.2776,0.44614,0.62594,0.29951,0.3378,0.32166,0.59558,0.68614,0.28335,0.47071,0.43688,0.14747,0.15961,0.12448,0.30591,0.31695,0.71803,0.75747,0.25962,0.76577,0.33188,0.26676,0.47163,0.55762,0.72808,0.75901,0.28386,0.080068,0.05933,0.046178,0.047675,0.066282,0.0027141
2,0.35431,0.049094,0.014795,0.1096,0.11045,0.13749,0.020403,0.06388,0.10334,0.12119,0.017204,0.03437,0.014558,0.032697,0.099428,0.13436,0.31549,0.29879,0.42059,0.23814,0.10484,0.013312,0.011471
2,0.35679,0.0099601,0.21562,0.29892,0.23912,0.089067,0.26117,0.55999,0.4237,0.10179,0.14357,0.18835,0.047016,0.03078,0.023558,0.045988,0.055032,0.058542,0.037691,0.11412,0.02632,0.042309
2,0.37835,0.012714,0.023065,0.0092368,0.054268,0.12969,0.052351,0.012367,0.010528,0.0084562,0.0011353,0.046161,0.18849,0.15445,0.26177,0.15921,0.13994,0.061012,0.13608,0.096526,0.17937,0.036894,0.04339,0.30956,0.36971,0.20915,0.23594,0.10897,0.02933,0.00051842
2,0.44928,0.11505,0.075415,0.11116,0.20684,0.11341,0.028872,0.030648,0.014346,0.0037479,0.0164,0.035636,0.15034,0.20018,0.47055,0.049667,0.099524,0.19376,0.25327,0.17985,0.082466,0.15899,0.12361,0.5,0.56077,0.1827,0.074458,0.022676
2,0.74998,0.034351,0.0084416,0.60391,0.57892,0.26584,0.44609,0.74194,0.5,0.32862,0.55172,0.35077,0.5,0.73516,0.69299,0.14254,0.059481,0.01765,0.039227,0.071148,0.033075,0.072086,0.16348,0.021922
2,0.40965,0.20865,0.16481,0.090387,0.049599,0.040278,0.0063088,0.022537,0.008758,0.020278,0.047796,0.044089,0.17357,0.21999,0.14414,0.13131,0.30753,0.30864,0.53346,0.4815,0.68486,0.65073,0.2017,0.06721,0.0017748,0.0020166,0.0012636,0.0095602,0.012939,0.029038,0.27846,0.01187
2,0.57332,0.24267,0.12831,0.10816,0.077567,0.17412,0.060233,0.022506,0.032388,0.079264,0.26751,0.37709,0.35161,0.40064,0.11642,0.12227,0.13217,0.10524,0.053508,0.082324,0.053711,0.20759,0.16439,0.32773,0.38787,0.43095,0.264,0.03942,0.020673
2,0.22159,0.059654,0.13267,0.23025,0.092484,0.030599,0.071819,0.0016844,0.0086037,0.010988,0.023978,0.035076,0.14749,0.11589,0.13167,0.0084759,0.19975,0.093763,0.04458,0.027325,0.02235,0.0084978,0.0023754,0.027717,0.010124,0.014195,0.015691,0.021827,0.15116,0.14944,0.13134,0.0045775,0.056227
2,0.38114,0.099441,0.048419,0.04347,0.018807,0.036592,0.013915,0.015002,0.015676,0.022003,0.080255,0.10215,0.030139,0.0529,0.013944,0.0065157,0.01019,0.010075,0.00041365,0.0013728,0.0006155,0.00035744,0.0039072,0.0024098,0.053391,0.04755,0.0098429,0.012294
2,0.54785,0.14414,0.24331,0.28493,0.28558,0.22592,0.080082,0.034309,0.013782,0.0089862,0.011343,0.017902,0.041059,0.42943,0.3909,0.22761,0.30326,0.15508,0.099707,0.15794,0.18815,0.10503,0.22057,0.010956,0.068495,0.57487,0.41235,0.21255,0.38104,0.28474,0.12205,0.12112,0.012999,0.21253,0.1809,0.041343
2,0.1461,0.40422,0.21332,0.66736,0.61439,0.29702,0.061203,0.10463,0.18984,0.29008,0.30593,0.71103,0.42141,0.3089,0.058702,0.030082,0.12055,0.027673,0.016721,0.024886,0.042103,0.085695,0.21011,0.37925,0.33279,0.017255,0.03031
2,0.78524,0.013466,0.0064736,0.016673,0.018026,0.015756,0.084193,0.047693,0.043791,0.051036,0.045913,0.12937,0.10541,0.18676,0.16487,0.060606,0.0086758,0.022278,0.24251,0.1933,0.22506,0.31072,0.19565,0.0060574,0.00848,0.010436,0.022865,0.065408,0.22345,0.14877,0.26831,0.74402,0.19219,0.055053,0.17349,0.29233,0.45582,0.12665,0.38883,0.43332,0.016468
2,0.68787,0.038167,0.0063368,0.012026,0.013444,0.0070062,0.018734,0.022526,0.072055,0.22571,0.53436,0.47237,0.37235,0.0026648,0.03796,0.062554,0.030554,0.072116,0.038796,0.11286,0.16919,0.089755,0.07447,0.055692,0.066081,0.013081,0.21208,0.23804,0.26459,0.039359,0.021915,0.029791,0.039841,0.049386,0.024258,0.062604,0.081123
2,0.062871,0.039096,0.065943,0.10918,0.39069,0.35143,0.36384,0.22125,0.55021,0.086239,0.047033,0.058354,0.040879,0.027894,0.048279,0.05532,0.095203,0.088138,0.019643,0.010259,0.01657,0.046453,0.058852,0.047984,0.046808,0.087135,0.016618,0.0074425,0.0042242,0.0041391,0.0019313,0.014593,0.076694,0.29823,0.42601,0.59336,0.66008,0.13285,0.087861,0.042772,0.028166,0.031655,0.071941,0.26925,0.13059
2,0.19807,0.036289,0.0053747,0.0027733,0.0042612,0.0055083,0.0030395,0.04966,0.045438,0.10476,0.20177,0.15338,0.14112,0.15829,0.19223,0.11184,0.14798,0.23641,0.27293,0.21872,0.53216,0.36455,0.0056602,0.010967,0.0023942,0.0056894,0.24357,0.15144,0.057324,0.078361,0.098003,0.051506,0.034318,0.24491,0.034157,0.073732,0.13045,0.093085,0.13684,0.3586,0.3003,0.28235,0.0057677,0.00447,0.0043111,0.015839,0.013067,0.032155,0.015745,0.0083061,0.01558,0.0065501
2,0.778,0.016909,0.003294,0.0004851,0.024149,0.039667,0.036208,0.29533,0.14024,0.13388,0.20262,0.18938,0.11528,0.12195,0.024877,0.0037315,0.0016372,0.20991,0.045215,0.0052877,0.011678,0.011365,0.002299,0.0066867,0.041677,0.22159,0.33067,0.46991,0.68519,0.48252,0.24023,0.094033,0.17464,0.10664,0.11529,0.22215,0.61823,0.235,0.013325
2,0.21468,0.016607,0.0078069,0.0057431,0.0067065,0.014442,0.041594,0.14737,0.40511,0.21413,0.36375,0.53504,0.41385,0.059436,0.12033,0.14078,0.11513,0.092508,0.10021,0.069534,0.010916,0.0027683,0.0020526,0.075769,0.052846,0.083509,0.11092,0.060516,0.011509,0.042401,0.033465,0.069646,0.094459,0.11166,0.25643,0.04445
2,0.23958,0.056695,0.0081568,0.011942,0.02658,0.018286,0.026707,0.10513,0.10237,0.064575,0.082237,0.21674,0.3765,0.47385,0.45039,0.14586,0.0071712,0.062032,0.036635,0.032458,0.14877,0.18647,0.02138,0.038857,0.064216,0.43948,0.56114,0.65071,0.72437,0.91922,0.94566,0.28069,0.21526,0.21577,0.15629,0.093897,0.14197,0.31254,0.15923,0.07039,0.15417
2,0.27327,0.014855,0.051728,0.058652,0.11998,0.12643,0.33611,0.40808,0.14753,0.22201,0.19997,0.019261,0.063102,0.13806,0.085208,0.20128,0.33217,0.14566,0.25396,0.60819,0.74526,0.42544,0.37584,0.066905,0.03759,0.14241,0.15948,0.013976,0.020168
2,0.11157,0.2662,0.1831,0.053532,0.18175,0.19522,0.29007,0.13231,0.22853,0.46559,0.15018,0.00094014,0.0013931,0.17182,0.20113,0.20179,0.35239,0.39906,0.40736,0.07326,0.36445,0.44403,0.47845,0.19219,0.042249,0.00945,0.03047,0.21664,0.24076,0.1154,0.066725,0.017867
2,0.7097,0.047495,0.10951,0.22371,0.22238,0.053345,0.13284,0.33826,0.81027,0.82803,0.62813,0.35867,0.45944,0.5,0.61849,0.33428,0.36541,0.069118,0.024281,0.0051262,0.0057704,0.019522,0.074074,0.048267,0.11341,0.014879,0.020349
2,0.34602,0.0037568,0.0099272,0.020022,0.31249,0.63282,0.63989,0.12759,0.030055,0.016809,0.073507,0.16588,0.53303,0.74741,0.37889,0.4576,0.11492,0.21393,0.48378,0.24448,0.19554,0.3031,0.42797,0.21643,0.046796,0.095931,0.04258,0.11147,0.20662,0.13244,0.19051,0.11531,0.066692,0.06802,0.19081,0.34149,0.28942,0.030713
2,0.77328,0.20585,0.15117,0.3664,0.44116,0.39042,0.36554,0.4407,0.071212,0.30496,0.27015,0.28355,0.16692,0.28334,0.061115,0.086545,0.24364,0.23024,0.1684,0.094742,0.09624,0.14778,0.15858,0.10365
2,0.028363,0.012763,0.027318,0.019523,0.01661,0.051303,0.070872,0.16193,0.2343,0.10095,0.019741,0.010189,0.055073,0.15365,0.20387,0.41865,0.80626,0.59918,0.81017,0.51753,0.68156,0.22129,0.16667,0.34806,0.33403,0.18915,0.13893,0.30662,0.55356,0.59205,0.80169,0.1001
2,0.26898,0.059425,0.018543,0.031841,0.055088,0.056968,0.044183,0.058936,0.037529,0.095746,0.061206,0.12538,0.15271,0.34032,0.3924,0.49308,0.80362,0.0093945,0.2053,0.45873,0.55814,0.85482,0.36758,0.51021,0.19696,0.21876,0.07824,0.042524,0.17577,0.23546,0.15801,0.038082,0.0077056
2,0.50996,0.31255,0.33321,0.22368,0.26822,0.13634,0.22238,0.18624,0.38963,0.47287,0.55728,0.48414,0.62028,0.17891,0.065009,0.26553,0.25669,0.45567,0.58804,0.75384,0.71857,0.032182,0.13469,0.080842,0.012744,0.013234,0.039038,0.058811,0.058383,0.070989,0.031361,0.001672
2,0.7589,0.46348,0.47265,0.54959,0.13824,0.10654,0.39005,0.70773,0.34087,0.025045,0.0086621,0.073108,0.061844,0.011128,0.0077482,0.13301,0.0066902,0.017603,0.018082,0.020607,0.023394,0.053861
2,0.15829,0.24727,0.1546,0.081612,0.23644,0.31379,0.59547,0.53747,0.24043,0.12522,0.045526,0.023764,0.05246,0.22191,0.26696,0.23609,0.48323,0.54806,0.037544,0.036084,0.22733,0.46536,0.55265,0.5268,0.2211,0.084579,0.0068849
2,0.4618,0.090946,0.09914,0.32917,0.39602,0.51368,0.64211,0.34138,0.4336,0.35872,0.22187,0.42823,0.099552,0.06272,0.017989,0.0037264,0.0045373,0.0018204,0.0013744,0.0052715,0.0056919,0.017722,0.045389,0.29841,0.38354,0.5,0.26633,0.076925,0.018068
2,0.34244,0.025026,0.030927,0.083819,0.072229,0.09581,0.094483,0.34928,0.33874,0.019055,0.0088899,0.055578,0.10305,0.025581,0.020721,0.027106,0.012761,0.026683,0.053738,0.099688,0.074945,0.024032
2,0.50835,0.22629,0.51806,0.54261,0.53132,0.5351,0.53737,0.13434,0.024429,0.007813,0.0094297,0.0043747,0.0019016,0.00066162,0.016694,0.007388,0.052393,0.092798,0.14469,0.3164,0.10676,0.036177
2,0.7289,0.70342,0.58279,0.66523,0.78631,0.251,0.4421,0.44182,0.53493,0.029244,0.0071413,0.0012575,0.0041136,0.00603,0.0066294,0.00297,0.0026983,0.014642,0.0096347,0.065858,0.072133,0.12277,0.068069,0.014877,0.0022328
2,0.33079,0.12105,0.16705,0.18587,0.20869,0.18597,0.1589,0.20997,0.27619,0.44118,0.17159,0.023592,0.026012,0.060308,0.12723,0.016419,0.0151,0.061922,0.0063679,0.0061452,0.014204,0.054991,0.11998,0.3217,0.19301,0.37894,0.038327
3,0.00077869,8.3071e-05,5.285e-05,4.2118e-05,7.1129e-05,3.1683e-05,2.7718e-05,0.00018048,0.00044631,0.0016956,0.0047746,0.010912,0.0027004,0.00080019,0.0035364,0.0040764,0.0011222,0.0067273
3,0.0023927,0.00031046,0.00018676,0.00010356,8.0777e-05,2.0835e-05,1.6338e-05,2.6622e-05,7.4829e-05,0.00076164,0.0012668,0.012728,0.0090954,0.0096613,0.0098814,0.00061379,0.00024583,0.0012788,0.00050428
3,0.00076271,0.00061525,5.8691e-05,7.7755e-05,1.0518e-05,1.3491e-05,7.3975e-05,0.00014145,0.0048717,0.0040252,0.022856,0.022132,0.023158,0.00093948,0.00042611,9.6069e-05,5.3002e-05,1.0025e-05,3.0928e-06,1.1808e-05,4.4914e-05,3.8221e-05,0.00043192,0.00049297,0.00018801,9.9869e-05,7.9673e-05,8.3545e-06,1.4619e-05,4.0241e-05,9.1226e-05
3,0.0014454,0.00020876,0.00013702,0.00021432,0.00018789,3.5755e-05,7.6509e-05,4.3788e-05,0.00015156,0.00011131,0.0001651,0.00036347,0.0020881,0.0010677,0.002268,0.0040906,0.0034678,0.0027731,0.00070086,0.0033229,0.0043752
3,0.00017983,4.132e-05,6.198e-05,0.00045641,0.00018059,0.00020516,0.00050187,0.001448,0.0038491,0.00084272,2.3284e-05,8.2469e-05,7.3915e-05,3.0999e-05,1.0066e-05,4.2722e-05,9.808e-05,0.00025907,0.0014369,0.034089,0.0065772
3,0.003433,0.00029768,0.00021525,6.8371e-05,4.9053e-05,4.6451e-05,0.00012262,0.00036718,0.00074862,0.0016535,0.00073889,0.0020274,0.0091247,0.0069678,0.0045571,3.0987e-05,2.8485e-05,2.8436e-05,1.6016e-05,1.7999e-05,1.0816e-05,8.8238e-06,7.4384e-06,6.3476e-05,7.5755e-05,0.00096217,0.00058237,0.0015551,0.0076644
3,0.00018916,0.00014466,0.00046458,0.00023793,0.00024705,6.8394e-05,2.5549e-05,9.5398e-05,0.00045567,0.0028304,0.002391,0.0073945,0.0057749,0.0067298,0.0069248,0.0049899,0.0056365,0.0056547,0.0071926,0.0052738,0.0081998,0.0065906,0.011679,0.00015358,0.00059791,0.00015536,9.5211e-05,1.7499e-05,0.00010902,0.00010591,5.2597e-05,1.7073e-05,1.4451e-05,8.9674e-05,0.00016281,0.00021075,0.00037662,0.0011206,0.00024092
3,0.00055182,8.8094e-05,0.00013468,8.9083e-05,8.7121e-05,0.00013773,9.4293e-05,5.1388e-05,0.00019333,0.0003543,0.00031188,0.00030861,0.00012421,4.7306e-05,0.00047711,0.00033594,0.0023661,0.0018629,0.0016936,0.0019478,0.0020142,0.0026989,0.0018945,0.00013851,0.00015133,0.00023498,0.00011944,4.7555e-05,2.333e-05,0.0001493,6.3453e-05,0.00037294,0.0017843,0.00043505,0.00044637,0.00012337,3.5267e-06,1.8986e-06,2.1801e-06,5.527e-06,1.7393e-05,4.9121e-05,2.8383e-05,8.768e-06,4.5146e-06,5.4582e-06,4.8148e-05,4.4767e-05,0.00061578,0.0037121,0.023143,0.013471,0.0055793,0.0020632,0.0063049,0.0033423,0.0049869
3,0.0009755,0.00051621,0.00024827,0.00011502,6.7776e-05,6.8977e-05,3.1752e-05,3.594e-05,0.00010261,0.00011129,0.0001023,0.00015587,0.00014206,1.7135e-05,1.7046e-05,9.3378e-06,1.6785e-05,1.0162e-05,0.00012298,0.0011222,0.0012472,0.00096655,8.7249e-05,3.2975e-05,1.4028e-05,7.0421e-06,1.655e-05,2.0196e-05,6.6033e-05,0.00034308,0.0021017,0.0031089,0.0076593,0.0060128,0.0026359,0.0011272,0.00044286,0.002108,0.0016014
3,0.0018587,0.00013429,0.00019288,0.0001018,4.6558e-05,0.00022859,7.6872e-05,0.00013195,0.0058648,0.0012256,0.00065649,0.0013125,5.2705e-05,3.2354e-05,2.3627e-05,2.4829e-05,1.3952e-05,5.7197e-05,4.4467e-05,0.00014338,3.7467e-05,1.8223e-05,1.2479e-05,5.0691e-06,9.5981e-06,7.6645e-05,0.00010181,0.0010015,0.0089039,0.19491,0.088209,0.014782,0.0044628,0.0058823
3,0.00055327,3.53e-05,0.000597,0.0001397,9.6309e-05,0.00032297,0.00030112,0.0001761,0.00033416,0.00015307,0.00015396,2.2855e-05,1.8333e-05,5.5431e-05,0.00024887,7.5375e-05,0.00041945,0.00038538,0.00015303,2.4448e-05,4.5956e-05,4.1286e-06,6.3958e-06,5.8461e-06,8.5916e-06,1.2686e-05,0.00011898,0.00016847,0.00039949,0.013282,0.023546,0.015224,0.006329,0.015835,0.029218
3,0.00050798,0.00012307,0.00099049,0.00076315,0.00051858,0.00050521,0.0023999,0.001105,0.001438,0.0015033,0.0022448,0.0017846,0.00094781,0.00085606,0.00023899,0.00010005,6.2513e-05,3.5565e-05,1.6016e-05,5.4828e-05,0.00015207,0.00092651,0.0010537,0.0019267,0.00037099,0.00017162,6.7668e-05,2.5667e-05,1.2741e-05,0.00013355,0.00058441,0.00078723,0.00025016,8.1883e-05,0.00017095,0.00028191,0.00015895,0.00076699,0.012467,0.16208,0.10205,0.011496,0.00086324,0.00012615,0.0013209
3,0.0079821,0.00010647,7.4826e-05,0.0018754,0.0021416,0.0019081,0.0014243,0.00075806,0.00047449,0.0035416,0.0076482,0.037581,0.0048842,0.0081313,0.0014331,0.0022548,0.0030157,0.019455,0.022352,0.037292,0.037029,0.0020052,0.0013728,0.0018929,0.00116,0.00031114,0.0001382,0.0012694,0.0010631,0.0014891,0.0012453,0.00058407,0.0001126,0.00022541,0.00022233,0.00053421,0.0031264,0.010051,0.033363,0.031519,0.029416,0.031726,0.0086927,0.080477,0.033071,0.016192,0.0033745,7.4734e-05,0.00028757,0.0025424,0.0026443,0.0055852,0.011631,0.0085229,0.0084338,0.36983,0.011767
3,8.2812e-05,2.316e-05,5.0771e-06,1.4779e-05,2.8613e-05,5.5674e-05,0.00011592,1.9271e-05,9.401e-07,4.116e-06,6.538e-05,6.08e-05,0.00059876,0.0037038,0.003296,0.0014756,0.0017859,0.0025061,0.00061327,0.0016038,0.0077143,0.0037502,0.00077686,0.00011492,0.00056698,0.00029385,0.00015207,0.00016636,0.00040011,0.0019131,0.00075166,0.00012087,0.00031357,0.0009281,0.0020886
3,7.1731e-05,1.7439e-05,2.1247e-05,7.3441e-05,0.00012397,9.8579e-05,6.169e-06,1.3468e-05,1.0949e-05,3.7018e-05,0.00064902,0.00016414,4.4395e-05,0.00022698,5.9309e-05,9.5639e-05,3.0023e-05,2.9779e-05,0.00023533,0.00017673
3,0.0024387,0.00090058,0.00011033,5.9734e-05,4.8291e-05,5.3647e-05,3.0555e-05,7.8538e-06,1.6821e-05,2.3578e-05,4.5374e-05,8.8303e-05,0.00010646,5.2582e-05,0.00022215,0.00024625,0.00065424,0.011882,0.056919,0.061998
3,0.00061726,0.00013508,0.00060916,0.00026544,0.00026895,6.098e-05,6.3712e-05,5.1868e-06,7.4218e-06,2.6872e-05,1.3576e-05,1.9706e-05,4.1527e-05,2.5795e-05,3.5862e-05,0.00018789,0.00032782,0.00036186,0.0032233,0.0043368,0.0014634,0.0012806
3,3.4843e-05,3.7754e-05,0.00014379,8.9415e-05,0.00010775,8.3507e-05,0.00011483,0.00065506,0.0003892,8.5514e-06,1.0512e-05,1.1492e-05,5.8179e-05,0.0003342,0.007823,0.0055498,0.004022,0.0046375,0.0068579,0.0057107,0.0047427,0.0033712,0.0024403,0.0017203,9.9891e-05,0.00090405,0.0046688,0.0031263,0.0012022,0.00068471,0.00038382,0.00034405,0.00028767,0.00071828,0.00028686,0.000135,1.8182e-05,0.00019166,0.00013793,0.00040939,0.0050681
3,7.8401e-05,3.6372e-06,3.288e-06,8.1414e-06,3.5641e-05,0.0001316,0.0012349,0.00029854,2.8009e-05,4.2117e-05,0.00016528,9.3183e-05,0.00023865,0.00037425,0.00040499,0.00092695,0.0026305,0.0017251,0.0059916,0.003531,0.0032087,0.0047624,0.0017787,0.0034476
3,0.00048486,4.6685e-05,1.5324e-05,4.1915e-06,2.6236e-05,0.00025846,0.00089469,0.0012679,0.00055199,0.002059,0.00021591,0.00093377,0.0036306,0.0039424,0.0021369,0.047492,0.13031,0.033786,0.082036,0.05288,0.0083108,0.00011914,0.00012786,0.00031326,8.2337e-05,0.00063777,0.0012575,0.00088217,0.020315,0.0070398,0.0060487,0.0032348,0.018612,0.0026918
3,0.014233,0.0018112,3.6673e-05,8.4569e-05,7.6994e-05,0.00019097,0.00042607,0.0021255,0.00020489,1.8879e-05,3.8281e-05,9.413e-05,0.00040711,0.0041512,0.0069694,0.0070971,0.00020331,0.00090108,0.0039738,0.010569,0.017435,0.012404,0.029616,0.023602,0.024159,0.022206,0.022711,0.023185,0.066908,0.019218,0.0012002,0.0063205,0.014606,0.01314,0.0093415,0.0046185,0.014612,0.016305,0.0065524,0.0015088,1.335e-05,3.5297e-05,5.0742e-05,2.6434e-05,1.3603e-05,7.4531e-05,0.00070809,0.0010024,0.003989,0.0033309,0.023274,0.00060056
3,0.00049007,4.6486e-05,4.6892e-06,1.542e-05,1.0308e-05,2.0478e-05,5.0352e-05,0.00023359,4.7248e-06,1.1521e-05,1.8199e-05,3.0042e-05,8.2161e-05,0.00023578,0.00017782,8.0574e-06,1.1642e-06,1.5851e-06,2.41e-06,6.4586e-06,2.3762e-05,5.4044e-05,0.00014312,4.7837e-05,6.0046e-06,6.8779e-06,1.1625e-05,2.2235e-05,1.036e-05,3.5193e-06,3.892e-06,8.2805e-06,3.1212e-05,9.1329e-05,0.00021931,4.0465e-05,0.00042463
3,0.0048265,5.4836e-05,7.7585e-06,3.398e-06,1.943e-06,8.7127e-06,6.2348e-05,0.00022336,0.0049959,0.015313,0.0064247,0.0034945,0.0033529,0.0031594,0.0024487,0.00036666,0.014384,0.0027882,0.0035241,0.0043901,4.541e-05,0.0001243,0.00040069,0.0012735,0.0014038,0.0075631,0.0013192,0.0001772,5.0567e-05,6.7029e-05,0.00010454,0.00021371,0.00054013,0.001461,0.0027995,0.0030065,0.0040185,0.0019729,0.0047462,0.0053849,0.0081588,0.0087595,0.0064167,0.00018276,7.8578e-05,0.00016208,0.00016812,9.78e-05,0.00014427,0.0050192,0.0033917,0.045256,0.024899,0.014073,0.009937,0.005187,0.0076758,0.0062702,0.0055192,0.0051228,0.026609,0.06095,0.0055501,0.0014199,0.00026203,3.3863e-05,7.119e-05,7.1954e-05,3.93e-05,1.0194e-05,4.0795e-05,0.00012298,0.0012723,0.016925,0.0012702,0.0099002,0.0018559
3,0.00018387,1.5678e-05,8.6378e-06,2.2568e-05,0.00016051,0.00058864,0.0041184,0.006616,0.00099853,8.0142e-05,5.3621e-05,0.00010927,0.00045443,0.00076338,0.00057137,0.001051,0.001371,0.0029255,0.0023079,0.0053313,0.019199,0.0046933,0.001991,0.0018971,0.0013435,0.0014555,0.0090088,0.0021169,4.5825e-05,3.9638e-05,3.0305e-05,8.0754e-05,0.00017692,0.00045609,0.010021,0.0064702
3,7.1912e-05,1.3806e-05,2.7945e-06,3.3093e-06,1.3416e-06,1.4417e-06,2.5239e-05,1.1042e-06,2.7536e-06,4.5632e-06,1.1392e-05,0.00010879,6.7944e-05,1.0532e-05,3.4839e-06,8.0415e-06,1.7629e-05,2.5026e-05,1.6341e-05,5.6917e-05,6e-05,2.207e-05,8.6911e-06,4.9203e-06,5.0201e-06,1.5272e-05,4.6975e-05,6.6571e-05,3.2857e-05,2.1655e-05,2.0098e-05,6.9153e-06,1.5075e-05,0.00016686,0.00019199,8.2132e-05,6.2016e-05,0.00018254,0.0041178,0.0036169,0.0041691
3,0.0007149,2.2491e-05,4.1202e-06,6.0758e-06,3.4556e-06,1.7256e-05,9.1623e-06,2.2621e-05,0.0001029,0.00010684,0.000194,9.8177e-05,4.0689e-05,0.00010749,0.00026386,1.9829e-05,4.3793e-05,0.00013273,7.996e-05,0.00017146,8.0382e-05,0.00010441,8.5714e-05,4.0107e-05,1.5081e-05,2.5818e-05,0.00023167,0.0004292,0.0019193,0.0010526,0.013496,0.0046799,0.0043803,0.002877,0.02226,0.019726,0.014944,0.0075463
3,0.0066591,0.00013803,9.1389e-06,9.6546e-06,0.00012025,0.00034937,0.00059528,0.00040057,0.00050949,0.00061172,0.0010148,0.0014856,0.0023737,0.0019525,7.8709e-05,0.00055907,0.0023858,0.0057449,0.0026621,0.0048001,0.0036668,0.00026885,0.0005051,0.0024964,0.0070424,0.015604,0.030598,0.026764,0.020172,0.024974,0.034431,0.02823,0.031845,0.027352,0.031158,0.06201,0.032447,0.049169,0.014176,0.0013508,0.00061785,0.0023118,0.0050025,0.0089772,0.021054,0.021713,0.007732,0.0032623,0.0078657,0.025294,0.024551,0.016145,0.032979
3,8.9573e-05,1.7513e-05,7.3104e-07,7.9678e-07,1.8026e-06,3.6846e-06,6.1134e-06,9.9173e-06,2.1128e-05,8.5873e-05,0.00012548,0.000392,0.01531,0.0080472,0.0077038,0.009628,0.0054651,0.0040487,0.015066,0.0046104,0.0017966,0.0013786,0.00028339,0.00028176,0.0014122,0.0015262,0.0016568,0.028832,0.0058034,0.005093,0.001439,0.00029068,5.3508e-06,3.4622e-06,7.7062e-06,0.00010548,6.1767e-05,1.7411e-05,6.8276e-05,0.0001249,8.3687e-05,0.0002086,7.5623e-05,6.8735e-05,0.00017128,0.00048858,0.00024918,0.0030978,0.003562,0.0023069,0.0025552,0.0030521,0.0019862,0.0032489,0.0037078,0.00023317,0.00043908,0.00062408,0.000702,0.00028584,4.7061e-05,0.0001003,7.0216e-05,4.6734e-05,4.1825e-05,0.00026479,8.9135e-05,0.0039348,0.0044109,0.00013805,0.00049565,0.00063186,0.00049142,0.00059956,0.00012123,0.000501,0.0030025,0.0032248,0.016579,0.002673,0.011934,0.0063751,0.0049632,0.0026075,0.0022749,0.0012121,0.00098798,0.0096003,0.0050961,0.0027579
3,0.0051402,6.0664e-05,1.3469e-05,1.8799e-05,2.188e-05,7.3192e-05,3.0286e-05,4.4754e-05,0.00015213,6.6263e-05,0.00023954,0.0011079,0.0041315,0.039478,0.026524,0.023834,0.045996,0.082933,0.012244,0.005436,0.0016808,0.0015056,0.0010865,0.0011431,0.0066599,0.11577,0.010719,0.00035036,0.00080043,0.00090396,0.00022495,0.0001284,0.00052902,0.0019496,0.016354,0.037779,0.079183,0.0067483,0.023511,0.026534,0.035196,0.025278,0.0031762,0.032355,0.0416,0.019839,0.0076745,0.00031337,0.00060476,0.00067002,0.00098378,0.0012059,0.00020936,0.0017919,0.0018717,0.0032433,0.012006,0.26586,0.012868
3,7.6394e-05,3.0293e-06,1.6093e-06,3.7219e-06,6.5876e-06,7.4672e-06,6.391e-06,7.4686e-06,1.4963e-05,1.6865e-05,1.6485e-05,0.00015444,0.00058858,0.0010903,0.00026335,9.987e-05,0.00011689,2.8375e-05,1.5596e-05,4.8257e-05,0.00011435,0.00014257,6.1426e-05,4.7779e-06,4.8252e-06,1.8443e-05,3.5261e-05,9.699e-06,1.849e-05,4.066e-05,3.9622e-05,5.0847e-05,0.00012294,0.00056494,0.0012611,0.0011323,0.0012496,0.00076344,0.00039272,0.00038806,0.0016481,0.0022659,0.0022773,0.00088042,0.00058106,0.00054808,0.00035265,0.00023217,0.00039735,0.0025286
3,0.0033321,0.0011621,0.00056092,0.00034715,4.9225e-05,0.0023095,0.0075636,0.060989,0.03441,0.0058147,0.0058388,0.0045807,0.0010378,0.00038074,0.00025693,0.0014429,0.0033973,0.0046381,0.0050085,0.0042472,0.00046105,0.00032316,0.00041869,0.0012778,0.0017689,0.022993,0.012624,0.010092,0.0094966,0.0086586,0.010473,0.0081676,0.0047564,0.00050214,0.00024355,0.0015139,0.00091627,0.00019885,0.00039474,0.00053894,0.00036251,0.0012285,0.0016026,0.0065152,0.0015139,0.0040063,0.079135,0.20637,0.16919,0.057675,0.026365,0.00906,0.0015968,0.00012768,0.0007033,0.004037,0.015734,0.015204,0.0065332,0.0050987,0.0036671,0.0044125,0.0030768,0.0044197,0.001362,0.0032914,0.0024997,0.0026155
3,0.0012675,4.7233e-05,1.0447e-05,6.9898e-06,1.6587e-05,7.5318e-05,0.00016335,9.166e-05,6.9727e-05,0.00023619,0.0011199,0.0067603,0.00026559,0.00012386,0.00039135,0.002211,0.010438,0.11924,0.022815,0.0079969,0.0074602,0.00086172,0.00045573,0.00035131,0.0020054,0.0025446,0.00067882,0.00010349,8.212e-05,0.00024834,0.0011753,0.00012979,0.00094707,0.001673,0.0025082,0.009792,0.0042417,0.0031078,0.0037072,0.0087303
3,0.00084867,5.5179e-05,0.00028165,0.00041515,0.00014204,1.8095e-05,4.7076e-05,3.0291e-05,0.00040942,0.00031128,0.0005161,0.004466,0.0040661,0.0041326,0.00046828,0.0022885,0.0033111,0.014109,0.020792,0.019568,0.0053345,0.010654,0.033671,0.051361,0.033552,0.020443,0.023889,0.00014271,0.0024562,0.00059111,0.00047586,0.0014975,0.00075228,0.00068408,0.00032595,0.00027487,0.00071534,0.0090003,0.0029926,0.00022346,0.00034184,0.00024337,0.00016606,0.00060868,0.0079298,0.01036,0.038901,0.012937,0.010914
3,0.00030098,6.5174e-05,7.1527e-05,4.2212e-05,5.3082e-05,6.8699e-05,0.00010585,0.0003291,0.0018531,0.0075993,0.026308,0.0012263,0.00051706,0.00026746,0.00096653,0.0013617,0.002138,0.0089523,0.0064631,0.0053225,0.0059983,0.0063459,0.0046173,0.0049964,0.0044786,0.0046666,0.00021867,0.00093363,0.00073834,0.00047773,0.00012327,0.00027681,0.0005778,0.00067931,0.00092881,0.00070774,0.00030848,1.0469e-05,1.5097e-05,6.2667e-05,7.7262e-05,0.00061466,0.002124,0.0040804,0.0018522,0.00054406,0.012606
3,0.0011699,7.6795e-06,2.6716e-05,9.451e-05,0.00014299,0.00012964,0.0066487,0.00022776,0.00012446,0.00010708,0.00010118,6.3639e-05,0.00021801,0.00023608,0.00050352,0.00028622,0.0011098,0.0037197,0.0020592,0.010365,0.012162,0.000526,0.00060652,0.0017372,0.0010969,0.00046371,2.4988e-05,2.2967e-05,1.5382e-05,1.3588e-05,1.785e-05,6.8528e-05,9.4774e-05,9.2871e-05,0.00020812,0.00025979,0.00023846,0.0010366,0.0019989
4,0.08115,0.039276,0.028637,0.0018821,0.003489,0.021727,0.011271,0.0030375,0.0010298,0.0050346,0.0041669,0.0041557,0.005166,0.0045611,0.01015,0.010537,0.018972,0.059632
4,0.092877,0.032359,0.0048103,0.013902,0.0056417,0.015442,0.081056,0.028865,0.010264,0.0051151,0.00079942,0.00090566,0.0024332,0.00131,0.0019021,0.0020247,0.0059892
4,0.00058125,7.0218e-05,0.00091281,0.00033655,9.1017e-05,0.00011284,0.00044867,0.00022154,6.0292e-05,4.4603e-05,0.00091312,0.0018234,0.029288,0.016716,0.019276,0.057388,0.021559,0.025255
4,0.020914,0.0030939,0.0059086,0.0026642,0.00098559,0.060652,0.13312,0.024158,0.0016076,0.056026,0.017264,0.0058097,0.0080671,0.024251,0.073428,0.021716
4,0.005016,0.00045362,0.00034161,9.3998e-05,6.2348e-05,0.00086944,0.00045719,0.000972,0.0020861,0.02408,0.013372,0.028825,0.0066284,0.0060517,0.024959,0.043326
4,0.070404,0.022413,0.041938,0.0038427,0.0014052,0.0034865,0.0081994,0.0039431,0.00050087,0.0028813,0.0067781,0.023208,0.018808,0.041989,0.029203,0.080746,0.00047955
4,0.048682,0.0011777,0.00034499,3.0829e-05,0.0003068,0.00039928,0.00087086,0.0018334,0.023069,0.025423,0.020813,0.020489,0.0069939,0.0007661,0.00039257,0.0011598,0.0045652,0.0168
4,0.0086453,0.00029245,0.00058901,0.00016453,0.00024969,0.00034867,0.0020178,0.010179,0.012534,0.054122,0.088357,0.043356,0.062876,0.014715,0.014565,0.0040149,0.0040787
4,0.0047101,3.769e-05,8.6979e-06,9.2717e-06,2.0865e-05,9.1539e-05,0.0014475,0.0019554,0.025558,0.019156,0.0063908,0.009514,0.007118,0.0018111,0.0083254
4,0.067291,0.0024829,0.0045646,0.0012619,0.00093553,0.0013614,0.0028669,0.017829,0.039424,0.063931,0.026794,0.03917,0.026031,0.026657,0.014643,0.010401
4,0.065628,0.012097,0.0067554,0.0048369,0.0098448,0.0094577,0.0038302,0.046102,0.068817,0.049342,0.022023,0.016664,0.0063266,0.0049505,0.011675,0.097994
4,0.0072245,0.00074474,0.028361,0.0050302,0.0019574,0.0010215,0.0031318,0.00026242,0.0001647,0.00025311,0.00022173,0.00013887,0.0013911,0.000958,0.00067642,0.00071596,0.00079875,0.0021187
4,0.0091968,0.0023177,0.0004627,0.00089132,0.0013633,0.0013913,0.0039431,0.0025887,0.00052585,0.0013211,0.00045597,0.001237,0.001249,0.0027106,0.0018844,0.00081037,0.0060473,0.056341,0.029609,0.0036694,0.019519
4,0.010148,0.0001349,0.00092003,0.0027795,0.001603,0.0011288,0.0016045,0.00018505,0.00069346,0.00051655,0.0070532,0.056638,0.043906,0.023359,0.0039462,0.0092344
4,0.15267,0.0047632,0.002851,0.0048829,0.0050657,0.001191,0.0071282,0.073804,0.020239,0.0013061,0.00089703,0.00025289,0.00022523,0.00015144,0.00041537,0.0019109,0.0024847,0.007034,0.014502,0.0013547,0.00021782
4,0.00031379,0.000132,0.00049067,0.00012063,0.0001308,0.0003183,0.00043054,0.00060554,0.00077173,0.0010489,0.00015414,0.00092549,0.0033656,0.0055548,0.013948,0.01195,0.082324
4,0.00076729,0.00013671,0.00057936,0.00050668,0.00018394,0.00013533,0.00059937,0.0027637,0.0024783,0.0012012,0.00060056,0.00012843,0.00023929,0.00020202,0.00050932,0.00056125,0.0034263,0.0011912,0.0029701,8.1527e-05,0.00010728,4.455e-05,2.5029e-05,0.00026794,0.00083147,0.00066846,0.00057028,0.001208,0.0045268,0.00087873,0.0047431,0.0029299,0.0096947,0.017161
4,0.022672,0.0047915,0.010942,0.011159,0.0036422,0.0018075,0.0043344,0.008109,0.0016153,0.0024888,0.00062659,0.00098151,0.0062249,0.0082406,0.0028565,0.013118,0.0031843,0.0010226,6.5467e-05,5.1216e-05,6.9484e-05,0.00016413,0.00023069,0.0027218,0.0031502,0.019892,0.027638,0.053645,0.030762,0.015816,0.0036792,0.048413,0.035237
4,0.018894,0.0032707,0.011574,0.0051909,0.00080364,0.00091311,0.0024787,0.0014131,0.0022321,0.00052372,0.00089123,0.0011064,0.0015215,0.0015409,0.0071727,0.020436,0.0069605,0.0013332,0.00049544,0.0003095,0.00064561,0.0011301,0.0025881,0.0015297,0.0022974,0.0032421,0.010113,0.018894,0.020809,0.016066,0.0060093
4,0.35919,0.065584,0.082744,0.016282,0.017914,0.014873,0.038134,0.072904,0.01162,0.011661,0.0029446,0.0088781,0.015554,0.021503,0.0088487,0.015229,0.016633,0.0065796,0.00079029,0.00024673,0.00021514,0.00022846,0.0004381,0.0048998,0.0080785,0.018356,0.060133,0.15544,0.15288,0.20535,0.10957,0.048807
4,0.012106,0.002472,0.0042084,0.0018501,0.0012594,0.0027013,0.0025648,0.0021437,0.00049996,0.0014457,0.00020626,0.0001348,0.00039954,0.00044347,0.0016877,0.012211,0.0044718,0.00031645,0.00010666,3.086e-05,3.3126e-05,7.6146e-05,0.00072899,0.00014647,0.00035981,0.00099664,0.0032165,0.056382,0.062632,0.035462,0.10875,0.0025683
4,0.0025502,1.3705e-05,6.5647e-05,0.0003743,0.00082688,0.0012893,0.0015851,0.00021151,0.0012514,0.0013462,0.0017997,0.0043382,0.0059053,0.0052887,0.010063,0.0049768,0.0019976,0.0015251,0.010185,0.0052844,0.0029432
4,0.00011738,2.2407e-05,7.6373e-05,0.00043278,0.0002896,0.00014604,2.8808e-05,6.5919e-05,0.00017144,0.00094856,0.00077325,0.00097104,0.0022356,0.0013783,0.00040555,0.0009483,0.0028647,0.0016116,0.0015527
4,0.00024222,5.3884e-05,0.00025711,0.00019536,0.00020746,0.00020304,2.999e-05,3.9216e-05,3.3381e-05,0.00011669,0.0010085,0.00065972,0.00075775,0.0030996,0.0036691,0.0013675,0.002938,0.0046558,0.010249
4,7.1248e-05,8.7245e-06,2.0124e-05,3.9408e-05,3.7966e-05,3.3191e-05,1.4973e-05,1.4695e-05,2.9077e-05,0.00054036,0.00051605,0.0015771,0.00049406,0.00065267,9.9619e-05,0.00058464,0.0013458,0.0026795
4,0.017848,0.00011067,9.5829e-05,0.00029926,0.00040969,0.0014125,0.0011131,0.00092806,0.0007437,0.00048366,2.1083e-05,0.00026262,0.00030627,0.00023864,0.00055282,0.0023122,0.03377,0.072143,0.060038,0.0063571,0.0015038,0.0016159,0.0025255,0.0027235
4,0.0012793,7.344e-05,0.00011109,0.00096222,0.0022751,0.012782,0.0033532,0.0034392,0.0072049,0.0050993,0.0038039,0.00076431,0.002038,0.00039161,0.00034484,0.0002201,0.0010297,0.0033693,0.010344,0.0056802,0.0086963,0.0032549,0.0015581,0.0046421,0.0058931
4,0.00080385,5.9666e-05,0.00022134,0.00072311,0.0010704,0.0016693,0.001473,0.0041004,0.0012557,0.0039365,0.00056722,0.00094257,0.0011693,0.00066254,0.0013708,0.0051399,0.020044,0.016267,0.0524,0.017014,0.011922,0.002818,0.0032066,0.016204
4,0.0010935,4.0971e-05,2.7798e-05,0.00022968,0.00025868,0.0010351,0.00016679,0.00036702,0.00024716,0.0012452,4.3353e-05,1.5545e-05,1.93e-05,8.1607e-06,2.1785e-05,0.00015859,0.0015106,0.0028139,0.016358,0.016087,0.0014835,0.004039,0.0067329
4,0.001353,4.169e-05,1.439e-05,7.2259e-05,0.00018366,0.0019273,0.0015246,0.00045755,0.00054342,0.00025273,1.8332e-05,4.8681e-05,7.2319e-05,5.6313e-05,0.00011827,0.00033539,0.0011268,0.0034307,0.022506,0.024072,0.010572,0.005406,0.0035088,0.00083418,0.00015568
4,0.0088383,0.0018367,0.00079312,0.0034845,0.0090051,0.0043675,0.00089621,0.0010143,0.0008626,0.0018552,0.0011889,0.00050273,0.00059514,0.00229,0.03001,0.063487,0.026908,0.024821,0.014356,0.00047797,0.00028611,0.00089554,0.00022525,0.00011234,0.00063773,0.002085,0.0023009,0.0073798,0.0055051,0.0035687
4,0.001795,3.1422e-05,2.0475e-05,4.2473e-05,6.3286e-05,0.0011398,0.0015819,0.0010096,0.0011759,0.0083141,0.0052666,0.00099547,0.00052578,0.00040709,0.00023303,0.00031032,0.001066,0.0015117,0.0001074,0.00017122,0.00010898,5.7537e-05,0.00012088,8.5429e-05,0.00056479,0.0072086,0.0062632
4,0.003683,0.00024348,0.00019466,7.4386e-05,2.7078e-05,1.559e-05,3.4728e-05,2.8877e-05,0.00014242,0.00096218,0.00086519,0.0010843,0.0005657,0.0011095,0.00034125,0.00051198,0.0019283,0.0013958,2.9336e-05,3.4252e-05,4.6838e-05,6.6914e-05,0.00012895,0.0001527,0.00092862,0.0026096,0.0053573,0.01244
4,0.20446,0.035266,0.026119,0.015914,0.01945,0.0061055,0.0024255,0.0017853,0.0051075,0.017635,0.024412,0.088772,0.16986,0.12815,0.05909,0.019998,0.024185,0.012673,0.00059226,0.0010681,0.00070375,0.0033583,0.0049334,0.0059942,0.057421,0.05859,0.0050986
4,0.097961,0.011252,0.014845,0.009908,0.0043452,0.010456,0.010984,0.0051782,0.0063707,0.043917,0.070362,0.027647,0.0017342,0.002864,0.0049192,0.013159,0.04962,0.077769,0.10654,0.06031,0.05683,0.0098996,0.013978,0.0042932,0.0013859,0.0010314,0.0028205,0.012125,0.012217,0.011046,0.01292
4,0.01604,0.0010079,0.00039477,0.00036522,0.0018296,0.0018616,0.0016003,0.0013794,0.0021297,0.002622,0.0006215,1.3773e-05,6.2363e-05,0.00014299,0.00062622,0.0011996,0.0030047,0.0023005,0.0003919,0.00035556,0.00022721,8.0562e-05,0.00019916,0.00017748,0.00072212,0.0028776,0.0078946,0.010259
4,0.0012308,2.1896e-05,2.3754e-05,0.00013498,0.00011026,6.9005e-05,1.3028e-05,3.9426e-05,5.1703e-05,0.00010258,0.0016263,0.0017822,0.00013405,3.4586e-05,0.0001264,5.973e-05,0.0001534,0.00031289,0.0007359,0.00046821,0.00045854,0.00098759,0.0015456,0.0045509,0.0014416,0.0036487,0.00156,0.0015826,0.00061014,0.0046494,0.0034169,0.0060073,0.011348,0.035512,0.076844,0.0049593
4,0.010175,6.857e-05,1.3756e-05,3.5042e-05,0.00014155,0.00032776,0.0015393,0.0021094,0.00086251,0.0015776,0.0011607,0.0037649,0.0025179,0.0016708,3.8074e-05,0.00035156,0.00053906,0.00013019,0.00017905,0.00016266,5.2079e-05,4.7417e-05,0.00023794,0.0017177,0.0018672,0.0029175,0.0096752,0.021388,0.0091922,0.0148,0.033119,0.0094332,0.012379,0.013883,0.11824,0.027443,0.00046232
4,0.033588,0.00011504,5.5635e-05,0.00039368,0.0017517,0.0044498,0.0048585,0.0031797,0.0011604,0.00080733,0.0021041,0.007215,0.0056707,0.0019219,9.4777e-05,0.00025465,0.00015663,0.00046516,0.0015819,0.0019994,0.0035712,0.0016382,0.010614,0.0060942,0.011218,0.021869,0.020702,0.012103,0.012121,0.011244,0.011896,0.0058856,0.0052833,0.004611,0.015107,0.071892,0.021714,0.021538
4,0.00067531,1.2152e-05,2.3402e-05,6.5589e-05,0.00035384,0.00027837,0.0003464,0.00014163,0.00017653,0.00015799,0.00028742,0.0010571,0.0017632,0.00092114,3.2989e-05,0.00048567,0.00037692,0.0003054,0.00082402,0.00093811,3.5939e-05,0.00013117,5.664e-05,0.00010367,8.5055e-05,0.00021613,0.00018144,0.00054835,0.00065532,0.00050331,0.00031322,0.00065797,0.00067607,0.00062891,0.00074587,0.0094533,0.034721,0.010258,0.011742
4,0.052657,0.0004369,0.00019859,0.0041991,0.0037564,0.0032105,0.0067477,0.0018834,0.0049597,0.0078574,0.020146,0.2133,0.12215,0.054051,0.00077945,0.0016085,0.0018048,0.00042652,0.00059747,0.0013563,0.0013731,0.0009197,0.0013839,0.0017349,0.0027156,0.02024,0.2251,0.02703,0.021237,0.055255,0.045622,0.093951,0.18926,0.45976,0.30327,0.18563,0.050474
4,0.0039327,0.00048846,0.00018525,0.00078498,0.0020447,0.006552,0.055661,0.041741,0.010815,0.00081066,0.0010332,0.0028353,0.0027909,0.017487,0.020551,0.0098342,0.0072636,0.012273,0.0010075,0.0033749,0.0050704,0.050019,0.01726,0.0051682,0.024015
4,0.070235,0.0033894,0.00054973,0.00037167,0.0042908,0.0042618,0.012142,0.02867,0.016405,0.00022372,0.00022452,0.00025479,0.00063764,0.0014352,0.014855,0.011768,0.0033459,0.0018653,0.0013607,0.0030696,0.0005388,0.00069745,0.0014755,0.0058802,0.0089359,0.061009,0.021804
4,0.20755,0.00042157,0.00098449,0.0011851,0.0065852,0.01036,0.03975,0.16797,0.030338,0.0023657,7.1423e-05,6.8249e-05,0.00073103,0.0004067,0.00064289,0.0014454,0.035482,0.020806,0.011283,0.011917,0.011006,0.0028504,0.0010438,0.0048523,0.0077225,0.010423,0.011132,0.019292,0.014086
4,0.013679,0.00080945,0.00096133,0.0016956,0.0078833,0.030198,0.0033826,0.0115,0.015024,0.0002969,0.00021847,0.00015074,0.0004417,0.00034845,0.0012017,0.0068334,0.0055198,0.016664,0.044048,0.0055729,0.0052139,0.0097859,0.013297,0.020337,0.14299,0.026131
4,0.0038677,0.00053451,5.987e-05,5.4178e-05,0.00028991,0.00025468,0.00083502,0.010701,0.0099767,0.00025986,5.4882e-05,0.00011338,0.00011046,0.00024125,0.00023087,0.0013676,0.0030572,0.0012766,0.0014033,0.0010272,0.00016403,0.00020408,0.0012596,0.003035,0.0091875,0.012027,0.021122
4,0.012578,0.0013405,0.0016451,0.0020677,0.0011302,0.003231,0.00054104,0.0015604,0.00055495,0.00025075,0.00010401,0.00019123,0.00012065,0.00013838,5.613e-05,2.3328e-05,5.2954e-05,0.00087043,0.0060698,0.0061203,0.0055623,0.026653,0.0021089
4,0.0010643,0.00041454,0.00083765,0.00076207,0.00095769,0.0010237,0.0013162,0.00042838,0.00047918,0.0020008,0.0027784,0.0014441,0.001626,0.00022643,3.0753e-05,0.00010512,0.00037588,0.0047684,0.0055696,0.07401,0.071267,0.0047889,0.034743
4,0.055121,0.0035486,0.0055811,0.01851,0.021113,0.036741,0.079387,0.071409,0.0055864,0.0018937,0.012525,0.0064765,0.013114,0.020895,0.011294,9.6157e-05,0.0003542,0.0009564,0.0087552,0.026998,0.030279,0.014639,0.010202,0.039418
4,0.013288,0.00028435,0.00023553,0.0028104,0.00095701,0.00084445,0.0076637,0.0058477,0.00045543,7.8492e-05,0.0001467,0.00017875,0.00028989,0.00010693,0.00086355,0.00083007,0.00204,0.011665,0.026876,0.015758,0.003932,0.00016696
4,0.042451,0.0014627,0.0017066,0.0090062,0.008558,0.0079933,0.059025,0.020749,0.0049288,0.00041514,0.00017538,9.8053e-05,0.00019177,0.00020955,6.1142e-05,3.2556e-05,5.7148e-05,0.00021178,0.00084519,0.0012231,0.0034984,0.0023786,0.0019696,0.0071124
4,0.00089563,9.1388e-05,0.00026775,0.00036098,0.00030794,0.00074508,0.0032501,0.010207,0.00088242,0.00053729,0.00078629,0.00036475,0.00014753,0.00024746,3.7262e-05,5.3754e-05,8.3516e-05,8.5154e-05,0.00018267,0.00044398,0.0045369,0.0033192,0.0035508
5,0.16689,0.1582,0.066712,0.032523,0.037683,0.014376,0.0095099,0.028789,0.1057,0.12948,0.10216,0.098529,0.077414,0.23792,0.29929,0.43133,0.0023085,0.098119,0.20122,0.39689,0.59892,0.34555,0.072428,0.060735,0.01546,0.0075634,0.025585
5,0.20687,0.023272,0.0087704,0.0038123,0.0014906,0.00057279,0.0051551,0.074681,0.03466,0.018101,0.040489,0.011015,0.064998,0.063886,0.056958,0.038146,0.049665,0.040799,0.0036408
5,0.402,0.08711,0.018028,0.0048625,0.010739,0.003187,0.010783,0.045652,0.10149,0.097345,0.049149,0.025674,0.043626,0.066822,0.084117,0.0028075,0.019112,0.026054,0.034213,0.029112,0.24053,0.24227,0.020642,0.0014711
5,0.32769,0.00051223,0.00012753,0.00018564,0.0002857,0.0005978,0.0032793,0.0016796,0.0030301,0.00029112,0.00028753,0.0023048,0.054431,0.067651,0.16039,0.45241,0.59462,0.37663,0.031945,0.024158,0.015551,0.016201,0.0062482,0.0093069,0.0069884
5,0.13436,0.0015357,0.0094977,0.0056026,0.0090642,0.01027,0.027249,0.42336,0.63429,0.35319,0.07484,0.028007,0.0103,0.004174,0.0034651,0.020925
5,1.9677e-05,4.1916e-05,8.7028e-05,7.1692e-05,0.0027065,0.0026628,0.0023105,0.0026497,0.013324,0.0098614,0.045157,0.086285,0.05873,0.061849,0.0046256,0.0015411,0.0016412,0.0023292,0.0029826
5,0.32827,0.00066305,0.00050813,0.00013518,0.00012435,0.00065949,0.0018705,0.0025726,0.0011051,0.0017677,0.0019242,0.0090136,0.0076856,0.025307,0.020836,0.019584,0.015495,0.0066479,0.0071999,0.0040664,0.0065575,0.002906
5,0.034061,0.00020733,0.0066676,0.0067467,0.0081608,0.0062789,0.01339,0.0078194,0.012952,0.018661,0.010472,0.0040955,0.0065006,0.00083815,0.0025562,0.0032147,0.0025272,0.0081708,0.023707,0.02697,0.0097134,0.0017848,1.7847e-05,5.5122e-06,9.0775e-06,2.038e-05,4.4741e-05,2.9043e-05,2.69e-05,6.8632e-05,0.00019746,0.00035108,0.0038623,0.020948,0.085639,0.21709,0.40083,0.30541,0.21271,0.49463,0.13163,0.013152
5,0.21976,0.14785,0.00031464,0.18467,0.22139,0.076812,0.063545,0.021761,0.0075533,0.008012,0.0057816,0.01173,0.030578,0.013188,0.017073,0.011898,0.0075895,0.0064181,0.0056911,0.0162,0.0059892,0.0039842,0.001591,0.00021507,0.00068757,0.0016087,0.0053183,0.030087,0.07136,0.10606,0.1779,0.091528,0.0039927,0.00191,3.363e-05,3.1106e-05,3.2805e-05,3.0347e-05,0.00010708,0.00043542,0.0024272,0.0020328,0.00050572,0.0033355,0.016038,0.18744,0.27384,0.12256,0.072754,0.035478,0.020098,0.010368
5,0.091679,0.011272,0.00091654,0.0035001,0.0051596,0.0036768,0.0016362,0.04379,0.018699,0.051452,0.1032,0.02604,0.0083444,0.0033217,0.0045955,0.0021577,0.00078149,0.00060631,0.0032847,0.0073112,0.00087335,0.0054695,0.0077859,0.06204,0.19912,0.32854,0.10763,0.0078258,0.11757,0.093913,0.11611,0.087326,0.074255,0.0059916
5,0.2277,0.098862,0.081097,0.064921,0.059825,0.075198,0.10858,0.063954,0.15505,0.02726,0.13754,0.20358,0.45561,0.077925,0.064028,0.0070301,0.0076234,0.076261,0.11818,0.025166,0.024895,0.042235,0.023242,0.016877,0.033016,0.013262,0.018281,0.012839,0.10892,0.047635,0.53868,0.5,0.50758,0.47551,0.26525,0.31817,0.13995,0.00034598
5,0.02476,0.007258,0.019265,0.059495,0.041092,0.060998,0.023307,0.015052,0.0067788,0.015466,0.0016353,0.0072711,0.01921,0.015099,0.015603,0.03117,0.042954,0.011172,0.052665,0.14619,0.03348,0.19234,0.17667,0.0024925
5,0.012328,0.00021751,0.00028953,0.00050654,0.0028918,0.0092317,0.013735,0.013309,0.025697,0.021401,0.021086,0.013914,0.016793,0.0042305,0.020945,0.02632,0.0035411,8.8398e-05,0.00014828,4.8256e-05,5.2237e-05,0.00035586,0.00113,0.0095862,0.021554,0.10667,0.016158,0.049027,0.036478,0.036347,0.0027864
5,0.042889,0.0043027,0.0001963,7.6026e-05,4.7747e-05,4.217e-05,0.00013437,0.0020249,0.014418,0.004134,0.0054303,0.013907,0.0080811,0.0017201,0.0011161,8.2692e-06,6.0518e-06,4.8372e-05,4.4579e-05,0.00011184,0.00018504,0.00018172,0.0021711,0.081804,0.10331,0.075289,0.0048858,0.00026293,0.0012526,0.0028337,0.030997
5,0.13738,0.00030419,0.0019711,0.0031293,0.0043241,0.0022029,0.0066836,0.007057,0.0045557,0.0069231,0.0084147,0.017714,0.043575,0.17392,0.13093,0.0042469,0.00015419,0.00028765,0.00056039,0.00045227,0.0015572,0.0084197,0.033648,0.072615,0.066343,0.15702,0.053832,0.051008,0.35624,0.34485,0.22781,0.0034315,0.06469,0.1939,0.1472,0.23338,0.33096,0.1086,0.046787,0.013482,0.006345,0.015386,0.01683,0.0067191,0.017833,0.012995,0.026806,0.024295,0.022561,0.026975,0.0065547
5,0.028963,0.00012564,2.1894e-05,4.0016e-05,4.8696e-05,1.4278e-05,1.5796e-05,1.4941e-05,0.0002806,0.0014901,0.030431,0.019642,0.014629,9.9172e-05,0.00023547,0.00017887,0.00012364,0.0002436,0.00077135,0.0019534,0.0025095,0.0016335,0.012901,0.023452,0.014892,0.0084929,0.0041315,0.03034,0.028905,0.0044963,0.31098,0.040173,0.051913,0.011985,0.0084165,0.0017556,0.0006708,0.0077492,0.0064916,0.0032095,0.0088275,0.070632,0.10988,0.064877,0.069141,0.016275
5,0.04117,0.0095923,0.00011943,0.0061955,0.0067342,0.014827,0.033409,0.048895,0.0058747,0.0089797,0.034467,0.023282,0.051203,0.018872,0.013839,0.0090155,0.044857,0.031967,0.33494,0.37587,0.079501,0.011156,0.002713,0.012871,0.095244,0.060507,0.0071234,0.0033542,0.024456,0.039217,0.023822,0.0084992,0.0037408,0.0013387,0.0037026,0.0048016,0.018556,0.011601
5,0.024443,0.00010258,0.00024439,0.00015807,0.0013776,0.00074877,0.003243,0.004046,0.0038068,0.0020627,8.1565e-05,0.0012677,0.0023435,0.0051706,0.023658,0.066355,0.00096204,0.0031561,0.0018227,0.0020364,0.0028006,0.0070971,0.0041779,0.011253,0.058858,0.12263,0.12648
5,0.003293,0.0015497,0.0044032,0.002763,0.0033448,0.0010391,0.00070246,0.00015071,0.00067506,0.0011218,0.0015926,0.0079206,0.00028324,0.00019516,0.00015806,8.5226e-05,0.0017926,0.012219,0.012805,0.0060592,0.0056181,0.0010387,3.6355e-05,8.8302e-05,0.00012063,0.00011901,8.3177e-05,6.1866e-05,8.5255e-05,0.00015578,0.00055486,0.0027468
5,0.081498,0.00039966,0.032276,0.018735,0.023303,0.012392,0.061074,0.049432,0.066906,0.073173,0.016192,0.010221,0.0012154,0.00067063,0.0012088,0.00092148,0.0011163,0.00088457,0.00046437,0.00017888,0.0001979,0.00011913,4.0225e-05,0.008109,0.024595,0.02136,0.013787,0.014305,0.0094489
6,0.0077499,0.00042989,0.00044125,0.00028079,6.8607e-05,0.0001551,3.885e-05,3.629e-05,0.0002093,0.00045567,0.054532,0.053456,0.060743,0.11919,0.045952,0.038183
6,0.3136,0.17246,0.17733,0.033598,0.0081324,0.010823,0.074446,0.11191,0.016693,0.010757,0.00060578,0.0052672,0.0038884,0.038551,0.047218,0.041812,0.011558,0.017986,0.0021876
6,0.0035941,0.00039488,0.0002977,0.00056202,8.9168e-05,0.00024587,0.00020969,0.00039207,0.00031242,0.0039939,0.035925,0.015218,0.038724,0.0033401,0.063271
6,0.27691,0.12545,0.12416,0.030329,0.027308,0.0022222,0.0037832,0.0033182,0.065745,0.19432,0.26414,0.12327,0.071607,0.0031383,0.00030033,0.0019339,0.0085395
6,0.49271,0.2051,0.28883,0.18837,0.07373,0.22379,0.20663,0.082382,0.039372,0.18273,0.60788,0.18753,0.033252,0.045168,0.097527,0.014316
6,0.38215,0.028011,0.052148,0.020807,0.0017361,0.0079397,0.0070349,0.18136,0.30128,0.42519,0.22782,0.12992,0.04291,0.017734,0.10262,0.0071296
6,0.14294,0.0012353,0.0011404,0.00097602,0.002589,0.0029864,0.0026181,0.0010107,0.0007572,0.0081629,0.0062874,0.0033387,0.018769,0.02372,0.019062,0.033323
6,0.28701,0.066698,0.12696,0.057252,0.0010975,0.014591,0.11072,0.45932,0.67577,0.76917,0.78885,0.47237,0.27737,0.074922,0.096212,0.060917,0.083196
6,0.023506,0.0069817,0.00063902,0.00023597,6.5937e-05,0.00019106,0.0019789,0.019795,0.022685,0.030492,0.10027,0.04839,0.027915,0.0092186,0.030328
6,0.017682,0.0010404,0.0019792,0.0021719,0.0010996,0.00082562,0.00030421,0.001828,0.0021698,0.0028513,0.026467,0.047488,0.038371,0.061654,0.036836,0.0035041
6,0.41515,0.0060675,0.0038918,0.00047152,0.00067582,0.0007939,0.00067692,0.00097239,0.00067403,0.00095376,0.0030606,0.0023483,0.0042691,0.0033255,0.0010946,0.00023357
6,0.0923,0.012474,0.0019163,0.0013139,0.00075437,0.0027028,0.0051915,0.0065998,0.0034135,0.0078373,0.054512,0.020913,0.017568,0.019674,0.0098467
6,0.038118,0.0099069,0.071489,0.074671,0.07929,0.11211,0.068542,0.044665,0.014426,0.00016543,0.0095336,0.010884,0.028634,0.043371,0.15549,0.023689,0.022111,0.000367,0.0011321,0.0012388,0.00027218,0.00056398,0.0005554,0.00015462,0.0011199,0.0036678,0.046581,0.068889,0.091876,0.08525,0.16361
6,0.11411,0.034793,0.027144,0.0068327,0.0059421,0.0071405,0.012501,0.0058901,0.032724,0.00084322,0.00036696,0.00027111,0.00099041,0.00017175,0.00010242,4.2152e-05,0.00011019,0.0002082,0.00029361,0.0043694,0.010159,0.0061409,0.11792,0.077987,0.2957,0.043629
6,0.051582,0.0080108,0.028381,0.022999,0.0051799,0.0044765,0.0028008,0.0037011,0.002496,0.0040655,0.00038546,0.00047293,0.0005067,0.0002383,0.00080247,0.00051594,7.5892e-05,0.00016886,3.0067e-05,6.0823e-05,0.0001206,0.00012062,0.0071691,0.019005,0.077239,0.14046,0.086365,0.041105
6,0.024095,0.027186,0.014646,0.011824,0.030151,0.031822,0.039158,0.018565,0.0099173,0.0050354,0.0081417,0.0072843,0.0057474,0.00081536,0.00075075,0.0033207,0.0029613,0.0057046,0.0017846,0.0021988,0.00071876,0.00073045,0.00029578,0.00093216,0.0025781,0.022725,0.019097,0.036445,0.019563,0.043405
6,0.040373,0.0026532,0.00025119,0.00016114,8.6606e-05,2.8881e-05,3.4885e-05,3.8876e-05,6.2193e-05,0.00020365,0.00011177,0.0061163,0.0066517,0.0039794,0.043261,0.0074227
6,0.10409,0.00101,0.0044836,0.0026304,0.0026698,0.0026383,0.0036149,0.0021292,0.0064541,0.00036177,0.0085735,0.0088449,0.031096,0.05226,0.074081,0.017045,0.093576,0.21415,0.018955
6,0.020057,0.0024412,0.0014989,0.00075216,0.00010923,4.389e-05,1.6897e-05,4.4254e-05,0.00012599,0.00037746,0.0056041,0.018363,0.03024,0.10928,0.10364,0.024795
6,0.022203,0.0070658,0.012797,0.017424,0.13632,0.18135,0.22075,0.07298,0.049908,0.01702,0.012578,0.026753,0.051954,0.057006,0.045355,0.009686,0.0050825,0.0086193,0.015287,0.020493,0.114,0.042974,0.13023,0.050041,0.0045686,0.001511,0.001155
6,0.11464,0.0017154,0.001703,0.022918,0.0032056,0.0012101,0.0018374,0.0027622,2.7898e-05,5.7949e-05,1.4125e-05,1.2807e-05,3.3177e-05,0.00012783,0.00023823,0.0021125,0.0026159,0.015415,0.0027809,0.0095646,0.0004978
6,0.0010718,0.0015602,0.017228,0.019412,0.0087429,0.031253,0.089782,0.008859,0.024225,0.00074258,0.005171,0.0026152,0.0089487,0.035825,0.015237,0.044817,0.11896,0.071883,0.044992,0.031305,0.039071
6,0.053473,0.001129,0.0001243,0.00048629,0.001322,0.0037386,0.0044008,0.0066476,0.0029395,0.0012644,5.9621e-05,9.2931e-05,6.5181e-05,7.9884e-05,0.0022277,0.0099894,0.036854,0.047247,0.05176,0.0080785,0.0057934,0.00057782,0.015368
6,0.028224,0.00276,0.0029866,0.0035639,0.00048499,0.0013119,0.00075518,0.00046998,0.00028612,0.0010137,0.0066331,0.0018285,0.00068494,0.00040503,0.00018969,0.00044355,0.00081051,0.0012962,0.0008406,0.0012934,0.0005604,8.9831e-05,6.2493e-05,6.2519e-05,2.4526e-05,2.7978e-05,0.0008364,0.026814,0.013542,0.025672,0.046102
6,0.079429,0.0055835,0.0053408,0.0036892,0.00079736,3.0644e-05,0.00033128,0.0003245,0.0010084,0.0088903,0.0060814,0.00058932,0.00088254,0.00050411,0.00047691,0.00061001,3.4887e-05,9.1863e-05,2.9827e-05,0.00013012,0.00081073,0.0020689,0.0089715,0.00053011,0.00932
6,0.041964,0.0048029,0.0021959,0.001123,0.00033814,0.0015687,0.00069501,0.0023157,0.0044618,0.015055,0.019231,0.021332,0.0032104,0.0042343,0.0066257,0.0017441,9.0829e-05,0.00029183,0.00013043,0.00033601,0.00024595,0.00069271,0.0040535,0.014248,0.0058862
6,0.0090078,0.00010666,0.00014411,9.8508e-05,2.7257e-05,1.6442e-05,1.8113e-05,3.6061e-05,0.00022472,0.00040462,0.00065788,0.00029842,6.2416e-05,5.8318e-05,0.00016122,0.00015432,0.0034063,0.009441,0.0043337,0.021412,0.033237,0.0093063,0.0033835,0.0064462,0.0030664,0.00074321,0.00037562,0.0014263,0.00054614,0.00084819,0.0030072,0.028185,0.023814
6,0.16861,0.062872,0.067171,0.13997,0.099425,0.15567,0.18936,0.011939,0.048225,0.04067,0.007261,0.046323,0.021551,0.0033549,0.00039514,0.0010714,0.0025831,0.0010211,0.01109,0.014463,0.061046,0.25433,0.39199,0.11179,0.11167,0.1848,0.079658,0.014179,0.0049988,0.011754,0.024088,0.022301
6,0.18257,0.056262,0.038783,0.0001518,5.1949e-05,0.00078666,0.00086546,0.0010551,0.0026625,0.0019194,6.8466e-05,0.00051813,0.0011747,0.0010236,0.0012717,0.0068948,0.0024997,0.00088175,0.00029987,0.00062084,0.00037706,0.00046903,0.00069668,0.021229,0.0057266,0.045371,0.028101
6,0.00057228,0.0013261,0.00050805,0.00073242,0.00088862,0.00081738,0.00053411,0.0010943,0.0012047,0.0017826,0.0066568,0.0020238,0.00037065,0.0015426,0.007244,0.00070117,0.011581,0.015408,0.026336,0.0069681
6,0.01985,0.00020859,0.00085781,0.003216,0.015011,0.046139,0.059949,0.069396,0.19323,0.074427,0.0092599,0.023204,0.049215,0.0062036,0.0018183,0.00062893,0.0011459,0.0016989,0.0024396,0.0019633,0.002048,0.006121,0.0024438,0.013864,0.030323,0.061685,0.07111,0.011972
6,0.48287,0.18492,0.05601,0.047486,0.023354,0.01677,0.066068,0.050035,0.048343,0.0086087,0.003644,0.001215,0.012455,0.019009,0.032136,0.065903,0.10477,0.3609,0.31471,0.0079819,0.0065974,0.0032145,0.0067148,0.013911,0.032215,0.038315,0.027585
6,0.0095596,0.00065379,0.00026089,0.00036402,6.8319e-05,0.00014132,0.00014182,5.3676e-05,4.5498e-05,4.9695e-05,7.0493e-05,0.00022572,0.00070208,0.00068098,0.0047529,0.0024191,0.0030036
6,0.76275,0.31894,0.22064,0.0041874,0.0034944,0.0072061,0.01793,0.032168,0.15475,0.33894,0.46985,0.012045,0.0012706,0.0010124,0.00078362,0.00055044,0.00023121,8.5854e-05,0.00043658,0.0042737,0.016959,0.01012,0.016196,0.028185,0.20934,0.19341,0.11728,0.086227,0.0075731
6,0.0012653,2.0794e-05,1.5414e-05,4.5725e-05,3.9327e-05,5.8658e-05,0.00010259,0.0017743,0.0046402,0.032801,0.0042972,0.0049759,0.0056922,0.0022192,0.00046701,1.25e-05,2.2532e-05,6.102e-05,7.0155e-05,0.00073505,0.0022452,0.0065541,0.023844,0.088376,0.0037319
6,0.0014081,2.0408e-05,4.5979e-05,6.2422e-05,4.2807e-05,9.6583e-05,8.0891e-05,0.00011769,0.00031417,0.0042956,0.0051236,0.02883,0.014819,0.036712,0.01959,0.01456,0.033815,0.0097013,0.0013545,4.4781e-05,1.8088e-05,2.1265e-05,1.681e-05,5.1632e-05,0.00013727,0.00056632,0.001501,0.0058518,0.0038579,0.0028096
7,0.0030091,0.00059917,0.00021326,0.00014908,9.9453e-05,7.3142e-05,0.00014461,0.00040303,0.00025837,0.00017096,2.0853e-05,4.109e-05,0.00012936,0.0017275,0.0042796,0.0030656,0.0057783,0.014785,0.0011766,0.00047516
7,0.45575,0.067417,0.051267,0.071908,0.012313,0.00052443,0.0007317,0.0026899,0.00088075,0.00054196,0.00045193,0.00031162,0.00076576,0.0022853,0.0033788,0.0092547,0.010414,0.0061183,0.0059174,0.066531,0.034243
7,0.0011622,3.8454e-05,2.4759e-05,9.8376e-06,9.4723e-06,1.1598e-05,9.4177e-06,4.3159e-05,0.0003777,5.4165e-05,2.8642e-05,5.5251e-05,0.0015155,0.0095348,0.011329,0.0019218,0.011472,0.036125,0.0086833,0.01733,0.0043941
7,0.12045,0.00017041,0.00016617,0.00013035,0.00032326,0.00020709,0.00035783,0.00028686,0.006374,0.01799,0.10995,0.041852,0.052245,0.012676,6.3749e-05,5.1534e-05,0.00011799,3.9209e-05
7,0.0054487,7.9627e-05,2.2982e-05,1.5543e-05,7.8905e-05,0.00072034,0.0074512,0.028872,0.087527,0.01636,0.011596,0.0018645,0.0024557,0.034858,0.0024103,0.019082
7,0.0049313,9.7279e-05,0.00048914,0.00020556,0.00021574,0.00031311,0.0020042,0.0044825,0.0022054,0.0060935,0.0030892,0.0006445,0.00034887,0.0012658,0.002011,0.007498
7,0.19981,0.0003618,0.00016435,3.2407e-05,1.8323e-05,3.3191e-05,4.5559e-05,0.00022972,0.0018113,0.0038375,0.0097818,0.0071861,0.0031696,0.00041754,0.00038805,0.0057747,0.030779,0.013097
7,0.00034765,0.00028574,1.6965e-05,9.7619e-06,2.6887e-06,3.0189e-06,5.2265e-06,4.7113e-05,0.00028478,0.00061494,0.0034674,0.0077724,0.0072022,0.00045576,0.00055061,0.00057746
7,0.040233,0.00021843,0.00041024,0.00023306,6.7172e-05,0.00017148,0.00018543,0.0003361,0.00038788,0.00025609,0.00022516,0.000153,5.7765e-05,8.4068e-05,0.00033989,0.0019029,0.0011902,0.0010777,0.00068543,0.00066876,0.00034087
7,0.0033187,0.00033324,0.00038699,0.0005022,6.9868e-05,0.00011463,3.6516e-05,9.9032e-05,0.00014606,6.2672e-05,0.00055563,0.00082212,0.0011393,0.0020614,0.0028942,9.1072e-05
7,0.054266,0.0064862,0.0060793,0.00078743,0.0002891,0.00017114,0.00013278,0.0010461,0.00054242,0.00076739,0.00081145,0.00051079,0.00050541,0.00060304,0.00064891,0.00035125,0.00045757,0.0020373,0.0027229,0.0050266,0.0061882,0.0029038,0.0053601
7,0.0031445,0.00059712,0.001862,0.0014241,0.0028788,0.004509,0.0098268,0.010992,0.0071202,0.0016623,0.002018,0.0035155,0.00049621,0.00047414,0.0032166,0.0048301,0.0028316,0.0050869,0.0043351,0.004009
7,0.22265,0.0003691,0.00029847,0.00058509,0.0022628,0.023584,0.0064081,0.0031374,0.0066702,0.026934,0.11061,0.058862,0.027611,0.0059965,0.0021965,0.0019386,0.0029136,0.0023625,0.02565,0.015289,0.061358,0.019449,0.0066637,5.8216e-05,9.2731e-05,0.00026163,0.00035581,0.00075266,0.0012265,0.00078626,0.00048339,0.0036981,0.013981,0.031739,0.045198,0.12415,0.10313,0.1138,0.062947,0.42397,0.014281,0.02429
7,0.091939,0.0075688,0.012359,0.0049387,0.0044864,0.0019529,0.0030701,0.017151,0.013625,0.0075297,0.0036727,0.00023887,0.00033053,0.00025855,0.0015122,0.0025285,0.0065975,0.010219,0.0065236,0.00020505,0.00017296,7.3906e-05,4.5309e-05,2.3325e-05,0.00013081,0.00036132,0.0013843,0.0075355,0.023793,0.035594,0.0292,0.035745,0.034119,0.0020848
7,0.0042699,0.0003135,0.00053164,0.00066809,0.00031973,0.00058052,0.00030071,0.0012331,0.0039201,0.0078672,0.0024531,0.033642,0.001436,0.00030056,0.0023756,0.0015209,0.0017423,0.0012891,0.0028344,0.0012362,0.00087953,0.0010359,0.00092352,0.0069516,0.0065606,0.0033025,0.00017374,9.1677e-05,0.00017963,6.4942e-05,2.716e-05,0.00010972,0.0001255,0.00017651,0.0047736,0.0076758,0.027575,0.023176,0.023052,0.017259,0.0040069
7,0.079205,0.0089946,0.012867,0.0087468,0.0073159,0.0027073,0.0094767,0.01288,0.00498,0.0051161,0.00014394,0.0003223,0.00054036,0.0011175,0.00096997,0.0043562,0.0049707,0.0015862,0.00017111,0.00011271,9.7424e-05,0.00011593,0.00020949,0.00029961,0.0012933,0.014274,0.026051,0.038904,0.061658,0.068186,0.0413,0.021084,0.01648,0.0066978
7,0.00038894,0.00098833,0.0011354,0.00074528,0.00082498,0.0012744,0.0042471,0.013764,0.013266,0.008307,0.0073569,0.001375,0.0010507,0.0005661,0.00053295,0.00081711,0.0019585,0.0013929,0.0011838,0.00067979,0.0004469,0.00078982,0.00039259,0.00042589,0.0021932,0.003933,0.0062874,0.0084066,0.037167,0.049829,0.037186,0.027049,0.0078036
7,0.00010961,9.0084e-06,6.0758e-05,8.8066e-05,0.00011843,5.3163e-05,0.00026541,2.0776e-06,4.061e-05,9.4931e-05,4.6472e-05,6.408e-05,0.00012988,0.00056403,0.00064761,0.00057991,0.00061796,0.0018697,0.00026548,0.00013893,0.00054685,0.0011249,0.0017522,0.00025166
7,0.002475,2.7556e-05,1.733e-05,4.2147e-05,5.0333e-05,5.2382e-05,0.00029466,0.00091263,1.8431e-05,0.00025379,0.001037,0.00053922,0.0016701,0.0035185,0.0033063,0.0025902,0.0045553,0.0044383,0.003687,0.0011973,0.0004737,0.0055381,0.0021261,0.0057546,0.0048167,0.020102
7,0.010037,0.00053616,4.3532e-05,4.9647e-05,7.09e-05,0.00017753,0.00010392,4.7502e-06,7.5855e-06,8.1165e-06,1.2744e-05,3.4596e-05,0.00019496,0.00038674,0.00089114,0.0027546,0.032611,0.016021,0.0065601,0.0036288
7,0.0060545,4.2179e-05,3.9266e-05,6.5379e-05,7.9514e-05,0.00041086,9.5362e-05,3.2729e-05,0.00011312,0.00020025,0.00078956,0.0012707,0.00089289,0.00059108,0.00072346,0.0014672,0.0034684,0.00018348,0.00070756,0.00052244,0.0010557,0.0011927,0.0031339
7,4.7377e-06,1.4559e-05,4.4084e-05,4.4024e-05,3.7014e-05,2.8594e-05,4.5832e-05,0.00021655,0.00016913,0.00075346,0.00085387,0.0014611,0.0012672,0.0054973,0.0042156,0.0085526,0.0057361,0.0045471
7,0.00062977,4.1778e-05,4.1363e-05,1.6233e-05,5.9249e-05,0.00042253,0.00081538,0.00322,0.00068366,0.0025067,0.00046585,0.00021311,0.00097939,5.5077e-05,3.3164e-05,9.2822e-05,0.00032538,0.0013121,0.001474,0.0058432,0.016661,0.010488,0.078278,0.11123,0.0066969,0.0066528,0.010466,0.0021993,0.0015332
7,0.021255,0.00031873,0.00019467,0.00010137,1.6212e-05,6.1877e-05,0.0020101,0.0028516,0.0032822,0.0074346,0.0016879,0.00067523,0.00051545,0.0016382,0.00010893,1.2357e-05,3.3083e-05,2.6068e-05,0.0001491,0.00033888,0.00036804,0.00034001,0.0021573,0.023325,0.11965,0.19852,0.17605,0.028185,0.00018207,0.00029704,0.00081445,0.00089929,0.0038932,0.0078834,0.0043416
7,2.7027e-05,6.9824e-05,0.0001618,0.00067224,0.0011723,0.0021487,0.00028125,0.00046428,5.0617e-05,6.7805e-05,0.00022221,0.00055046,0.00079555,0.00094623,0.0012599,0.0021575,0.012844,0.0093418,0.17344,0.0063294,0.0082579
7,0.00015997,3.864e-05,9.6789e-06,1.5219e-05,4.1663e-06,1.5134e-05,2.3812e-05,0.00014388,0.00044172,0.00042742,0.00045175,0.00011187,0.0040856,0.00046939,0.00014848,0.00035052,0.00091891,0.00012211,0.00031286,0.00072583,0.0015425,0.0020007,0.01667,0.0019415,0.0013747,0.002045,0.0044859,0.022266
7,0.087073,0.0019591,0.0010578,0.00012423,0.0010766,0.0024319,0.020916,0.026124,0.029927,0.039596,0.0025939,0.0014104,7.281e-05,0.00037438,0.00027169,0.0014402,0.0062352,0.005128,0.0072296,0.018593,0.012554,0.015951,0.0040718,0.005306,0.0092785,0.020523,0.027559
7,0.017276,0.00028289,0.0014561,0.00065686,0.00087005,0.0034003,0.0018793,0.00057298,0.00017554,0.00018198,0.0001112,0.0015065,0.0024195,0.0026972,8.0543e-05,0.00033701,0.0014191,0.0037528,0.011893,0.022317,0.01512,0.0074721,0.0034186,0.00022431,0.0005193,0.00026044,0.0011244,0.00058765,0.00091751,0.0021929,0.0083475,0.0066772,0.0064979,0.00105,0.01935
7,0.19797,0.0028464,0.00304,0.00090671,0.0024472,0.002056,0.0043086,0.00018743,0.0012157,0.0078162,0.0089169,0.021377,0.078314,0.022644,0.0012584,0.004374,0.0055512,0.0050189,0.0079736,0.032791,0.052259,0.045152,0.054359,0.0028869,0.0045831,0.004612,0.0023825,0.003464,0.0032202,0.0028374,0.014569,0.025902,0.00080365,0.00019209,5.1339e-05
7,0.020122,0.0018903,0.00073869,0.00069561,0.00063003,1.0606e-05,5.8329e-06,7.3563e-06,3.0283e-05,0.00022096,0.00032972,0.00025325,3.8724e-05,8.0754e-05,8.9208e-05,0.00010803,0.00041736,6.6653e-05,9.53e-06,1.9578e-05,2.8033e-05,0.00020309,0.00099811,0.0030997,0.0059875,0.0042818,0.0049529
7,0.011775,0.00074675,0.00058321,9.9188e-05,4.8734e-05,0.00028403,5.2706e-05,0.00013995,0.00029415,0.0023754,0.0045737,0.020765,0.017621,0.0078417,6.4187e-05,0.00068064,0.0011442,0.00085151,0.0028214,0.010053,0.0055666,0.0041748,0.012573,0.0046573,0.0080028,0.0046991,0.00013613,0.00022727,0.00029205,0.00038772,0.00026726,0.0005306,0.00047355,0.0021604,0.0049695,0.01458,0.043545,0.0014136
7,0.018863,0.00048432,1.4807e-05,1.9966e-05,5.2506e-05,9.4686e-05,0.00020277,0.00027673,0.00049142,0.00029238,0.00021136,0.00015201,9.4172e-05,4.4894e-05,3.621e-05,8.6674e-05,0.00022781,0.00013505,0.00028461,0.00060496,0.00028373,0.00032708,3.8262e-05,0.00010456,0.00065491,0.0012497,0.0014043,0.0010867,0.0005951,0.00048109,0.0018109,0.0038279,0.0080451,0.021279,0.16339,0.036816,0.018163,0.058135,0.00049563
7,0.0047313,3.0052e-05,2.2831e-05,1.1922e-05,1.8267e-05,1.2737e-05,2.1527e-05,9.485e-06,0.00014131,5.2616e-05,0.00010969,0.00051733,0.00029025,7.8959e-05,0.00019722,0.00083519,0.00063085,0.00022671,0.00055859,0.0011689,0.00028231,0.00019351,8.236e-05,0.00059064,0.00017134,0.00050553,6.1902e-05,9.2856e-05,0.00019214,0.00016129,6.1626e-05,6.534e-05,0.00033781,0.0010084,0.001422,0.0022612,0.0067047,0.0060285,0.046294,0.009418
7,0.0045389,1.4824e-05,1.2255e-05,3.2785e-05,4.1073e-05,1.5241e-05,4.5228e-05,2.1664e-05,0.00012676,8.3049e-05,0.0004023,0.00065927,0.00077438,0.00013665,0.00011456,0.00021205,0.00016967,6.0838e-05,8.4422e-05,0.0001531,0.00025836,0.00040712,0.00046473,0.00036913,0.00069259,0.0005386,0.00050008,0.00097004,0.0006614,0.00082951,0.0015229,0.0032491,0.0019312,0.004937,0.019457,0.12685,0.089765,0.0058531,0.0014025
7,0.0073038,2.6517e-05,3.1615e-05,3.3236e-05,0.00031982,0.0007996,0.00083013,0.0010159,0.00011499,7.0883e-05,8.9513e-06,6.23e-05,0.00062515,0.0018144,0.004154,0.0013902,0.0003119,2.7889e-05,1.803e-05,1.3023e-05,1.4794e-05,1.897e-05,4.3395e-05,6.9791e-05,5.014e-05,5.7399e-05,2.9113e-05,3.9862e-05,6.0094e-05,6.5441e-05,8.9002e-05,6.3134e-05,0.00018673,0.0016901,0.0011921,0.0035561,0.015741,0.011226,0.0076935,0.011182,0.03069,0.03364,0.10585,0.038415,0.0081533,0.0035016
7,0.033439,0.00049612,0.00017409,0.00036031,0.00018749,0.00043357,0.00060438,0.00028835,0.00029282,0.00034455,0.00086068,0.001558,0.0062706,0.037291,0.016202,0.0024275,0.00097031,0.00094249,0.0009573,0.00041314,0.00010807,0.00024024,0.00059557,0.00022603,0.0010647,0.00029436,0.00041245,0.00053531,0.00057738,0.0021735,0.0054512,0.0085037,0.020801,0.016044,0.0012521,0.0023276,0.0062516,0.013792,0.01987,0.012796,0.032261,0.054004,0.010555,0.028827,0.0015679
7,0.016338,5.4306e-05,8.4679e-05,0.00016176,0.00050631,0.0016457,0.0095985,0.010345,0.028846,0.037338,0.0051879,0.00020062,0.00025284,0.00045653,0.00109,0.0012344,0.0017846,0.003225,0.0013386,0.0014526,0.0021466,0.0079478,0.04996,0.010494,0.024439,0.015835,0.01221,0.020454,0.012302,0.01528,0.0020799
7,0.037437,0.00013323,3.9012e-05,0.00051338,0.00047922,0.00090889,0.0024987,0.0025619,0.00096086,0.00013099,0.00019551,0.00028726,0.00068744,0.0016459,0.0015277,0.00038953,0.00033775,0.00033279,0.00041621,0.00022451,0.00030771,0.0013297,0.0050021,0.010766,0.0087762,0.0022348
7,0.12886,0.018391,5.9358e-05,6.9488e-05,8.3531e-05,0.00068983,0.00023933,0.0010969,0.0043724,0.014248,0.0024005,3.898e-05,6.2987e-05,4.0333e-05,8.5601e-05,0.00013912,0.00043798,0.00058091,0.00036724,0.00058429,0.0009382,0.0018101,0.00046982,0.0027808,0.0027512,0.0064942,0.012638,0.01589,0.010651,0.02262
7,0.0047941,6.0643e-05,8.9553e-05,4.5232e-05,0.0001809,0.00065488,0.0045711,0.0033131,0.004018,0.010854,0.019168,0.0056214,2.997e-05,2.8515e-05,1.5425e-05,1.3409e-05,7.5348e-06,0.00052745,0.0036151,0.012367,0.094803,0.28314,0.00016652,8.2373e-05,0.0036863,0.01943,0.01717,0.019096,0.0067399,0.0010394,0.0017196,0.0058461,0.005041,0.00066372,0.0019923,0.0020794,0.0035057,0.021614,0.0023174
7,0.0045423,4.2566e-05,1.4355e-05,9.5911e-06,3.945e-05,0.00026917,0.0019508,0.0019672,0.0039695,0.012729,0.016512,0.0085799,0.00041394,4.2473e-05,2.1772e-05,6.5733e-05,6.5254e-05,0.00019585,7.5506e-05,0.00014781,0.00045784,0.0064762,0.0031533,0.0031277,0.0042628,0.0047118,0.0012843,0.0018048,0.0016962,0.0071062,0.0078755,0.005844,0.010298,0.0032092
7,0.026498,3.9655e-05,0.00014686,0.0001258,0.00033906,0.0066504,0.007178,0.042523,0.041972,0.085204,0.0014953,0.00017007,0.00051139,0.00030326,0.0033382,0.0056963,0.0085278,0.011224,0.016284,0.00016952,6.8861e-05,7.7491e-05,0.00011546,0.0001812,0.00040945,0.00045449,0.00063625,0.00039095
7,0.012085,0.00014346,9.4524e-05,0.00014056,0.00022345,0.00017046,0.001858,0.0023271,0.0022152,3.9122e-05,5.3926e-05,5.1659e-05,6.4186e-05,0.0001097,9.2923e-05,5.7328e-05,9.9476e-05,0.00017162,0.00050935,0.0014573,0.0034798,0.018031,0.0018143,0.00075257
7,0.002109,5.574e-05,3.555e-05,5.8952e-05,0.00010708,0.00025161,0.00045404,0.0011485,0.00024491,1.2764e-05,2.5634e-05,3.8352e-05,3.5875e-05,5.6511e-05,0.00022367,0.00015514,0.0014399,0.002457,0.0029293,0.0087285,0.012328,0.0039812,0.0010159
7,0.0019738,4.2571e-05,9.8008e-06,1.0362e-05,5.4977e-05,0.00014429,0.00014363,0.00050485,0.00047317,0.0010982,8.1782e-05,0.00023789,0.00024889,0.00083027,0.0041064,0.025483,0.00080922,0.0041709,0.0024467,0.00097868,0.00010879,2.4689e-05,1.5785e-05,2.0199e-05,1.9659e-05,3.2767e-05,0.00012068,0.00015915,0.00039315,0.00095745,0.00082134,0.013131,0.011502,0.0096408
