1,0.00010926,0.00015196,0.00020388,6.2793e-05,6.8351e-05,0.00029003,0.0001076,0.00013495,0.00010191,0.00013303,0.00032858,0.00051974,0.00015067,0.00037575,0.00030472,0.00038048,0.002061,0.0085699,0.061563
1,2.5391e-05,7.3088e-05,0.00019398,0.00042063,0.0002466,0.00025656,0.00018738,0.00013343,4.7265e-05,6.6661e-05,7.8173e-05,0.00010499,8.0835e-05,0.00079659,0.0009467,0.00050625,0.0012164,0.0028755,0.013389
1,0.046149,0.034835,0.003149,0.00023287,6.5178e-05,5.2778e-05,6.2534e-05,3.6142e-05,4.5059e-05,6.5468e-05,7.5109e-05,2.7279e-05,2.9738e-05,5.7389e-05,0.0012421,0.0034707,9.575e-05,0.0030628,0.00088876,0.00044912,0.0050765,0.0046887,0.014439
1,1.3345e-05,2.0144e-05,8.3003e-06,4.1532e-06,2.0385e-05,6.2504e-06,1.2253e-05,7.866e-06,1.3965e-05,1.552e-05,4.7371e-05,0.00015797,6.2874e-05,0.00094189,0.00045296,0.0002202,0.00025727,0.00077159,0.0013256
1,0.00010797,0.00061544,0.00045784,0.00017146,1.6195e-05,1.3738e-05,1.1911e-05,2.4768e-05,2.3007e-05,0.0002983,0.00019778,0.00063354,0.00020158,0.00047126,0.001293,0.0079925
1,0.00011769,0.00023412,0.00063024,0.00016645,8.2449e-05,6.0732e-05,2.4413e-05,5.6995e-05,0.00028498,0.00019919,0.00024651,0.00034944,0.00027914,0.00028757,0.00044739,0.00072143,0.00070476,0.00045116,0.00037893,0.0014492,0.012541
1,2.3584e-05,0.0035231,0.00076884,6.088e-05,2.3821e-05,1.2958e-05,2.6691e-05,1.7181e-05,5.8419e-05,7.4576e-05,0.00027059,0.00025095,0.001167,0.0017973,0.0021112,0.0034446,0.0040446,0.00098563
1,9.1926e-06,0.026811,0.0012263,2.8003e-05,8.959e-05,6.4382e-05,9.0884e-05,0.00029114,0.00049833,0.00088338,0.0041528,0.010464,0.007134,0.0043055,0.0029455,0.0020623,0.0087157
1,0.00016863,4.7772e-05,0.00011686,0.00010945,6.0205e-05,0.00013679,0.00010935,0.00014671,0.00093351,0.00029005,0.00053858,0.00029585,0.00025284,0.00072572,0.00098996,0.00045798,0.0019193,0.003556
1,0.00027949,0.00019946,0.00018671,0.00021706,0.00011872,0.00020411,0.00026285,0.00046793,0.00035187,0.0002155,0.00037984,0.00074489,0.00084809,0.00076479,0.0016929
1,7.0237e-05,4.5054e-05,3.7566e-05,9.3482e-05,0.00010711,0.00012497,0.00021956,0.00072218,0.00076548,0.00043903,0.00041906,0.00038911,0.00037307,0.0016464,0.0025073,0.0074842
1,4.131e-06,4.9038e-06,3.6815e-06,0.0001208,0.00057422,0.00022612,0.00024611,9.3161e-05,0.00044189,0.00081988,0.001073,0.00071124,0.00041612,0.00029933,0.0010559,0.00065737,0.00059293,0.00049076,0.0033144
1,3.1145e-06,4.2406e-06,5.5637e-06,0.00010214,0.00022084,0.00023424,0.00025625,0.00037833,0.00092641,0.0010857,0.00081831,0.00026504,0.0002683,0.00022189,0.00040965,0.00084664,0.0014025,0.0039496
1,0.00070977,0.0010252,0.0014159,0.00087541,0.00047862,0.00029077,0.00020946,0.00030736,0.0003517,0.00019956,0.00023669,7.8483e-05,9.9608e-05,6.6064e-05,5.4335e-05,8.9886e-05,2.4959e-05,2.0843e-05,3.9151e-05,2.5592e-05,8.7897e-05,0.000402,0.00033414,0.00082147,0.00016228,9.1384e-05,7.0144e-05,6.0916e-06,5.1248e-06,0.00015258,0.0012059,0.00043693,0.00052008,0.0010518,0.0011085,0.0030435
1,0.00010611,0.00015196,5.9058e-05,2.0472e-05,1.1677e-05,2.1887e-05,1.9176e-05,1.7473e-05,5.2912e-05,6.4969e-05,8.1318e-05,0.00016309,0.00014852,8.6452e-06,1.0177e-05,2.7875e-05,1.5344e-05,3.5389e-05,0.00017707,0.00020263,0.0011949,0.00023216,0.00032847,0.00033343,0.00018353,5.9274e-05,6.8871e-05,3.057e-05,2.6157e-05,0.00045083,0.0003094,2.7871e-05,3.5796e-05,2.5208e-05,0.00019498,0.00017667,0.00017972,0.00025787,0.00027713,0.0031772
1,1.2897e-05,3.56e-05,1.3349e-05,9.9825e-06,1.636e-05,3.0106e-05,1.4146e-05,0.00013072,0.00011296,9.1328e-05,0.00013869,0.00027707,0.0002628,6.9752e-05,0.00011263,0.00017271,0.00019889,0.00014729,0.00092392,0.00090954,0.0003227,6.7703e-05,0.00019982,6.1629e-05,3.5638e-05,7.7295e-05,0.0011442,0.00068241,0.00054683,0.00142,0.0037057
1,0.00039286,0.00092571,1.5333e-05,6.3938e-06,3.0238e-05,6.9619e-05,0.00012118,0.00029187,0.0006978,0.00024691,0.00014405,0.00011115,4.4663e-05,6.16e-05,0.00013598,0.00034399,0.00071924,0.003042,0.0018586,0.0027918
1,0.00024357,0.0014356,0.00018129,0.0001706,0.0001373,0.0002909,0.00014335,0.00015681,0.00030644,0.00040854,7.7926e-05,0.00014573,3.6702e-05,3.2542e-05,2.0927e-05,4.2523e-05,7.5113e-05,0.00019315,0.00078501,0.0016504
1,0.0030644,0.0018036,0.0020118,0.0003372,0.00015183,1.2037e-05,1.2882e-05,1.5825e-05,0.00015577,7.4489e-05,0.00013382,0.00011004,0.00018927,0.00053921,0.0010463,0.0005824,0.00087154,0.00099555,0.00060547,0.00037926,0.00046099,0.0013062,0.0014323,0.0023537,0.0058763
1,0.00031972,0.0010146,0.0014394,0.00041044,3.9277e-05,8.2647e-05,0.00014391,0.00034323,0.00030325,1.098e-05,9.3993e-06,4.8864e-05,2.4103e-05,2.1039e-05,0.00015226,0.00030606,0.00071856,0.00040627,0.00019949,0.00019452,0.0006805,0.00082545,0.00096736,0.0031416,0.0020362,0.0027292
1,0.00060703,0.0050176,0.0024193,0.00083865,2.7383e-05,2.2793e-05,1.4592e-05,2.1952e-05,7.93e-06,2.6712e-06,9.8446e-07,3.4658e-07,1.6926e-06,4.0853e-06,8.0373e-05,6.7729e-05,0.00051866,0.00019913,0.00024779,0.0008121,0.00093954,0.0012384,0.0005849,0.0015801,0.0029143,0.0012278,0.0040496
1,2.1045e-05,0.00044636,0.0021557,1.0158e-05,6.6078e-06,9.2424e-06,0.00012082,7.466e-05,1.1998e-05,1.1281e-05,1.8079e-05,0.00021774,7.8769e-05,0.00055025,0.00061067,0.00018188,0.00042352,0.00060024,0.0015467,0.0020876,0.0015106,0.0016567,0.0039732,0.0019922,0.0031676
1,0.00015976,6.2086e-05,1.5669e-05,5.0205e-06,3.4632e-06,1.2941e-05,1.5736e-05,5.4789e-05,7.5235e-05,3.4818e-05,9.2408e-06,1.0735e-05,8.6272e-05,5.1708e-05,0.00020647,9.1842e-05,6.9265e-05,2.2862e-05,2.0685e-05,2.609e-05,0.0032492,0.0023217,0.0039157,0.0051144,0.0089468,0.017859
1,1.2428e-05,8.1512e-05,8.0952e-05,0.00018254,0.00037127,0.00011281,0.00016754,0.00027226,0.00054566,0.00050109,0.00046313,0.0024368,0.0019851,0.00054163,0.00083405,0.00052752,0.00030487,0.00050266,0.00063289,0.00069151,0.0015065,0.000167,0.0007391,0.00091398,0.00046747,0.00038229,0.00065887,0.0010421,0.0021617,0.0026775,0.0065547,0.0078242,0.0062844
1,0.00013047,0.00023524,0.00018636,0.00048594,0.00043886,0.0003176,0.00021169,0.00079844,0.00019459,0.00047495,0.00055341,0.00070927,0.0015541,0.0018171,0.0014154,0.0028006,0.00028969,3.4701e-05,4.2986e-05,3.0456e-05,2.0217e-05,1.9805e-05,0.00038139,0.0002412,0.00079163,0.0010193,0.002535,0.0015069,0.0016955,0.0016248,0.0014757,0.0032504,0.003308,0.0016432,0.0078356
1,0.00061262,0.0027944,0.000941,0.00051306,0.00012742,0.00014104,6.1018e-05,1.2145e-05,1.7566e-05,3.3124e-05,1.7427e-05,1.5466e-05,0.00010143,3.0308e-05,6.2109e-05,6.1995e-05,7.4816e-06,6.8528e-06,3.5408e-05,3.6334e-05,4.1287e-05,7.706e-05,5.9128e-05,0.0001348,4.9213e-05,2.9469e-05,1.668e-05,8.4941e-05,0.00017921,0.00023175,0.0010616
1,2.6519e-05,6.2851e-05,0.00026372,0.00033281,0.0002465,0.00013358,0.00010611,5.4556e-05,3.0515e-05,5.6458e-05,0.00017204,0.00016012,3.6394e-05,7.848e-05,0.00010446,0.00014682,9.5336e-05,0.00077505,0.00039307,0.00043626,0.0011093,0.0019432,0.002058,0.00295,0.002094,0.0011701,0.0010869,0.00439
1,0.00029114,0.0020025,0.00060523,0.00039604,0.0009414,0.00067541,0.00089565,0.00059365,0.00064782,0.00064768,0.00035421,0.0004647,0.00075164,0.00014646,0.00016632,0.00013919,0.00023032,0.00057973,0.00042231,0.00031668,0.00015707,0.00025078,0.00021327,0.00036395,0.00067119,0.00077192,0.0010933,0.00061343,0.00088043,0.00080404,0.00089354,0.0051576
1,0.00046326,0.0042695,0.0064901,0.0020008,0.0015129,0.003057,0.00091821,0.00038955,0.00012184,0.00026408,0.00017788,5.1737e-05,2.5566e-05,2.3343e-05,0.00010917,8.6698e-05,3.3844e-05,0.0003407,0.00041283,0.0021477,0.0019786,0.0034783,0.0021329,0.0012875,0.00017617,4.3082e-05,3.6687e-05,3.0396e-05,2.2844e-05,4.1797e-05,0.00048015,0.0011114,0.00085374,0.0010921,0.00036084,0.00061425,0.00049039,0.0011771,0.0041919
1,6.951e-05,0.0012997,0.0021743,0.0017668,0.001876,0.00089909,0.00079247,0.0002371,0.00019072,0.00011673,0.0003451,0.00040759,0.015571,0.00405,0.0022724,0.0029,0.0010345,0.0022629,0.0011862,0.0018878,0.00034614,0.00024987,0.00053216,0.00048052,0.0001462,0.00012821,0.0012043,0.0013765,0.0018797,0.0011763,0.00086908,0.00082828,0.0027371
1,0.00018995,0.00036152,0.0003237,7.8788e-05,4.0919e-05,0.00014903,0.00036757,0.00041699,0.00010916,7.5033e-05,0.00010854,4.7744e-05,3.1598e-05,0.00013149,0.00022285,0.00063467,0.0033861,0.036933,0.027205,0.00076676,0.0013644,0.0015245,0.00036417,5.2164e-05,9.5582e-05,6.9224e-05,0.00010315,6.2671e-05,7.5092e-05,0.00051913,0.00042198,0.0021119,0.0026149,0.0026326,0.0013108,0.0007275,0.00065615,0.0008721,0.0046347,0.0060565
1,0.0001217,0.00024009,0.00074269,6.6483e-05,0.00013862,0.00074924,0.0011462,0.0005352,0.00027488,0.00021148,0.00037068,0.00017012,0.00030078,0.00036063,0.0013271,0.00086736,0.00048997,0.00057536,0.00050859,0.00037399,0.00026235,0.00062924,0.00080984,0.00080254,0.00046084,0.00028503,0.00057617,0.00068393,0.0013372,0.0019045,0.0039844,0.0054941,0.0061545,0.0043001,0.012356,0.0044377,0.0053802
1,0.00015821,0.00035714,3.7547e-05,1.7288e-05,3.1445e-05,2.8523e-05,3.9315e-05,6.0389e-05,4.1187e-05,7.961e-05,5.2599e-05,5.0853e-05,3.1543e-05,9.1492e-05,6.7065e-05,0.00010715,0.00037854,0.0031753,0.00035808,0.00033501,0.00031745,0.00032182,0.0003936,0.00032955,0.00069134,0.00096432,0.00069431,0.00067916,0.001867
1,5.2122e-05,0.00018143,0.00014902,0.00012579,0.00024853,0.00049357,0.00031887,0.00080624,1.5716e-05,1.4948e-05,7.5261e-06,1.16e-05,1.2659e-05,0.00012466,0.00043037,0.00018401,9.9305e-05,0.00025155,0.00021326,0.00069169,0.00044436,0.0016866,0.00048452,0.00033414,0.0008659,0.0011045,0.00071572,0.0005863,0.0013148,0.0085353
1,2.4336e-05,0.00014495,8.6178e-05,1.3948e-05,9.9819e-06,6.5822e-06,7.8029e-06,5.2168e-06,0.00011184,2.56e-05,4.298e-05,3.1419e-05,6.4539e-05,5.1598e-05,9.5183e-05,0.00018125,9.216e-05,7.9133e-05,0.00010017,0.00015422,0.0002193,0.00018544,0.001104,0.0020206,0.0014705,0.00096483,0.002165,0.0047979
1,6.7577e-05,0.01246,0.00020453,0.0001187,0.00012868,4.3638e-05,3.2191e-05,4.8762e-05,3.3245e-05,0.00040667,0.00064847,0.00032111,0.00050354,4.1596e-05,4.3628e-05,3.2434e-05,0.00015451,0.00011911,8.1918e-05,0.00024267,0.00031222,0.00016465,0.00076146,0.0014204,0.00060923,0.0024192,0.003306,0.0013888,0.0024416,0.0033055,0.0032677
1,1.3215e-05,8.1298e-05,5.4831e-05,5.8336e-05,0.00043086,0.00057358,0.00043328,0.00019617,0.0004325,0.00043721,0.00041596,0.00010766,0.00010513,0.00010885,0.00031637,0.00064706,0.0014752,0.0021203,0.001976,0.0024178,0.0032268,0.0063716
1,0.00015494,0.00062747,0.00042369,0.00033752,0.00013498,0.00012134,6.89e-05,0.00021033,0.00022162,6.4188e-05,0.00020882,0.00018022,0.00021711,0.00064892,0.0008163,0.0010322,0.0012466,0.0010032,0.00097212,0.0007032,0.00056613,0.0013908
1,5.3271e-06,6.376e-06,1.0329e-05,2.0096e-05,4.2439e-05,0.00011228,0.00014762,6.8703e-05,5.5007e-05,0.00010271,0.00061376,0.00030065,5.6548e-05,3.1631e-05,3.9152e-05,2.5335e-05,6.2336e-05,0.00038974,0.00041371,0.00069615,0.0008712,0.00061994,0.0011885,0.0021967,0.0051439
2,2.6903e-05,2.852e-05,4.4287e-05,3.883e-05,5.9551e-05,0.00015672,0.00018369,0.0010703,0.00028689,8.7514e-05,0.00014477,0.00015742,0.00015631,0.00047916,0.0010236,0.0037356
2,0.00039946,0.00089981,0.00086003,0.00033033,0.00018764,0.00024136,0.00051245,0.00010892,8.5911e-05,5.0524e-05,4.0992e-05,3.6639e-05,0.00024811,0.0013939,0.00077502,0.00081997,0.00057547,0.00043392,0.00045989,0.0006295,0.0014094,0.0070347
2,0.00022512,0.00022117,0.00019901,0.00024733,0.00012105,0.00010389,8.2152e-05,0.00014662,0.00037315,0.00034603,0.00020561,0.00025364,0.00011138,0.00013143,0.00063783,0.0013052,0.0013114
2,0.00038313,0.00055933,0.00045892,0.00034174,0.00032849,0.00027932,0.00023525,0.00027905,0.00042904,0.00047939,6.0408e-05,1.4661e-05,1.1314e-05,9.1276e-06,1.2886e-05,0.015973,0.00085546,0.00047219,0.0006522,0.00032358,0.00027006,0.00044565,0.0010147,0.0055944
2,1.7228e-05,4.4263e-05,1.5659e-05,1.0822e-05,2.7776e-05,2.5637e-05,4.2263e-05,0.00028793,0.00060381,0.00037783,0.00010883,0.00010827,2.818e-05,2.8931e-05,0.0001341,0.00013069,0.0010172
2,0.00021937,0.00024374,0.00012092,4.1163e-05,8.5992e-05,6.5075e-05,0.00013993,4.7425e-05,7.0031e-06,4.7418e-06,4.1578e-06,5.6732e-06,1.1901e-05,0.00010176,0.00043731,0.00020465,0.00038266,0.00086429,0.0010055,0.0091441
2,0.0010794,0.0005666,0.00023383,0.00028599,0.00030526,0.00034496,0.00063106,0.00080868,0.00025478,0.0005603,0.00047177,0.00024563,1.2792e-05,1.2972e-05,8.5617e-06,8.5465e-05,0.0014766,0.00091997,0.00053217,0.00029383,0.00020137,0.0010048,0.0042857,0.011754
2,0.0014732,0.0039979,0.00058181,0.00064397,0.00027444,0.00013953,6.6562e-05,0.0001742,4.0034e-05,0.00026988,0.00048427,0.00014369,0.00021162,0.00021773,0.00018046,0.00013264,0.00023014,0.00028299,0.00080671,0.0049753,0.0098945
2,0.00027578,0.0026642,0.00093153,4.4304e-05,2.9172e-05,1.3131e-05,9.862e-06,1.0369e-05,6.5829e-06,1.3588e-05,0.0001552,0.00016638,0.00048388,0.0022349,0.0030339
2,7.3881e-05,0.00011255,7.1727e-05,7.0583e-05,2.7491e-05,2.9368e-05,3.684e-05,0.00016399,0.00040508,0.0005696,0.00043152,0.00036246,0.00084706,0.00066877,0.00049246,0.00058478,0.004374
2,0.0011933,0.0025903,0.00034999,0.00012182,0.00012988,0.00025183,9.2146e-05,0.00011543,7.8226e-05,2.7898e-05,1.7824e-05,0.00014321,0.00027295,0.00022682,0.001132,0.0017329,0.0049507
2,3.4743e-05,0.00054811,0.00085095,0.00078863,6.3025e-05,0.00019178,0.00026516,0.00011972,0.00014354,9.2057e-05,5.9286e-05,3.0955e-05,0.00010668,0.00090976,0.00082995,0.00064695,0.00068116,0.0026443,0.002462
2,0.00010681,0.0059449,0.0067229,0.032801,0.00094425,0.00026238,0.00036114,0.00012902,3.8444e-05,1.8514e-05,2.5732e-05,3.5808e-05,0.00014205,0.00013952,0.00025029,0.00012652,3.3803e-05,0.00023612,0.00036518,0.00019574,0.00033112,0.0031321,0.0010727,0.0016752,0.0041786
2,9.0135e-05,0.00033643,7.606e-05,6.6855e-05,5.6297e-05,4.0411e-05,2.5102e-05,3.3113e-05,6.6187e-05,6.0209e-05,0.00020353,0.00018803,0.00083866,0.00078937,0.0044997
2,9.7801e-05,0.0002441,0.00018805,0.00032818,0.00016571,0.00057822,0.00053272,0.0018234,0.0030272,0.0030965,0.0021123,0.00065123,0.00030177,0.00029613,0.00022765,0.00010631,0.00042781,0.0003555,0.0047018
2,0.0018081,0.0013436,0.00091405,0.00040553,0.00036486,0.00056644,0.00036174,0.00028429,0.00031155,0.0002308,0.00025347,0.00046137,0.00012591,0.00024758,0.00017764,6.0671e-05,0.00011395,0.00018096,0.0002376,0.00020546,0.00079989,0.00076359,0.0018603,0.00081368,0.00067679,0.00034029,0.00030899,0.00065114,0.0030146
2,7.1242e-05,3.1002e-05,4.528e-05,0.00012935,2.3685e-05,1.3089e-05,1.5407e-05,7.0475e-06,1.3378e-05,5.3053e-05,0.00013148,8.9481e-05,8.5962e-05,5.8655e-05,0.00013721,0.00029495,0.0055948,0.0033806
2,2.6761e-05,3.6867e-05,9.5369e-05,0.00011776,8.1209e-05,3.041e-05,3.6943e-05,4.2053e-05,6.8751e-05,7.0411e-05,0.00077789,1.7359e-05,1.7089e-05,1.9019e-05,6.8473e-05,0.00045224,0.00062727,0.0018204
2,7.2913e-05,0.00013569,0.00013439,0.00014997,3.8464e-05,6.705e-06,2.7362e-06,8.2832e-07,1.1465e-06,9.609e-07,0.00017645,2.5464e-06,1.5646e-06,1.4083e-06,1.1673e-06,1.3498e-05,9.8643e-05,0.00036667,0.00037503,0.00011536,0.00014186,7.1454e-05,0.00020212,0.00026035,0.00059185,0.00064965,0.0016203
2,0.00013172,0.00023359,0.00025929,0.00011594,0.0001187,3.328e-05,6.2882e-05,0.00014891,0.00016073,0.00019141,7.8771e-05,4.2264e-05,6.1258e-05,0.00047976,0.0013928,0.0032459
2,9.7487e-05,0.00011987,8.6542e-05,0.00011916,0.00018032,0.00015214,6.2928e-05,4.7543e-05,9.4502e-05,0.00010159,0.00048069,0.00031239,0.00042938,0.00015519,0.00016886,0.00014299,0.00019233,0.00012372,0.0011937,0.00092458
2,7.521e-05,4.0425e-05,2.083e-05,1.6274e-05,7.5283e-06,1.0485e-05,6.2632e-06,1.522e-05,6.5958e-06,6.6676e-06,4.365e-05,0.0001312,6.1244e-05,7.1363e-05,0.00015062,0.00041486,0.00052339,0.0011342,0.00046687,1.165e-05,1.4574e-05,4.6557e-06,5.5352e-06,1.1936e-05,0.00046869,0.00026389,0.00036928,0.0010025,0.0017117,0.0078091
2,8.275e-05,0.00015404,0.00023468,0.00023268,0.00044958,0.00051552,0.0003052,0.00027464,0.00043412,0.00028427,0.00037234,0.0002476,7.4763e-05,0.00012542,0.00013441,9.0699e-05,0.00027027,0.00026541,0.00030335,0.00010981,0.00019601,0.00010356,0.00016856,0.00019522,0.00048242,0.00036847,0.00055677,0.0011843,0.0022628
2,0.00025568,0.00016626,0.00010198,8.0553e-05,4.1256e-05,0.00012992,0.00018597,0.00069689,0.00050906,0.00034763,0.00037797,0.00039372,0.00049192,0.00024057,0.00026149,4.835e-05,2.7891e-05,7.9307e-05,9.0096e-05,0.00017223,0.0007083,0.00076587,0.00048695,0.00066083,0.00044747,0.00026122,1.8424e-05,5.6193e-06,9.7858e-06,6.2956e-05,4.3606e-05,6.0202e-05,0.0010398,0.0019717
2,0.0019047,0.00418,0.0017905,0.0015688,0.001271,0.001086,0.00096541,0.0011529,0.00066698,0.00033241,0.00043679,0.0013034,0.0012529,0.0014121,0.0008755,0.00057404,0.00023625,0.00060784,0.00051817,0.00040426,0.0002513,0.00060841,0.00014752,0.00013383,2.3723e-05,1.7875e-05,1.7174e-05,2.6669e-05,1.141e-05,0.00018905,0.00024289,0.00039068,0.0010309,0.0016215,0.0021445,0.0028176,0.0024428,0.0036671
2,9.4483e-05,0.00014473,3.398e-05,2.2605e-05,1.2346e-05,2.085e-05,2.1037e-05,3.3861e-05,5.032e-05,4.8193e-05,8.5233e-05,7.9063e-05,0.00010949,0.0010594,6.7417e-05,5.1674e-05,5.5332e-05,3.0213e-05,1.2495e-05,0.00013383,0.00019026,0.00011524,0.00018003,0.0002343,2.6626e-05,4.4693e-05,7.1693e-05,0.00026624,0.00014341,0.00040447,0.00042421,0.00035578,0.00054455,0.001585,0.009769
2,6.3181e-05,3.3834e-05,2.5073e-05,8.5831e-06,1.7937e-05,4.2752e-05,0.00010492,9.3715e-05,8.3352e-05,0.00011375,0.00015712,0.00013708,0.00012743,4.4421e-05,0.00011103,0.00010256,0.00015762,0.00014288,0.00080984,0.00075266,0.00058117,0.00015772,0.00015045,0.00012585,5.2593e-05,9.6104e-06,0.00010456,0.00030916,0.00023372,0.00053795,0.0014254,0.0036412
2,0.0002594,0.00065404,0.00088614,9.1621e-05,8.933e-05,0.00023295,0.00015374,0.00015573,0.0001104,0.00018332,0.00019916,0.00019739,0.00023909,0.00020032,8.5671e-05,4.6194e-05,6.9037e-05,0.00015937,0.00020756,0.00044312,0.0005067,0.00032701,0.00038679,4.2067e-05,3.5812e-05,2.8738e-05,4.3041e-05,1.4288e-05,7.3839e-05,0.00014758,0.00011122,9.7919e-05,0.00037926,0.0021642
2,0.00016286,0.00037307,0.00087921,0.0011748,0.0010414,0.0003214,0.0001142,0.00013863,0.00044718,0.00039793,0.00097835,0.00049595,0.00043224,0.000444,0.00068523,0.00040258,0.00081753,0.00052112,7.3355e-05,2.3501e-05,3.1069e-05,8.1866e-06,1.5508e-05,3.7166e-05,6.4524e-05,9.1021e-05,0.00010662,0.00022596,7.155e-05,4.7848e-05,9.8016e-05,6.3534e-05,2.2073e-05,4.1118e-05,0.0002255,8.3167e-05,0.00015652,0.00069096,0.00057541,0.00097411,0.0034832
2,0.0014256,0.0034322,0.0015276,0.0004057,7.177e-05,4.9136e-05,2.1803e-05,2.5783e-05,7.719e-06,3.2846e-06,6.4221e-06,1.1015e-05,3.2474e-06,7.8521e-06,0.00014465,0.00059565,0.00084568,6.1851e-05,4.1456e-05,3.4415e-05,2.479e-05,0.00054358,0.0036179,0.0094308
2,0.00027323,0.0020186,0.00038462,0.0011986,0.0010375,0.00020882,5.193e-05,9.4542e-05,6.7045e-05,2.3473e-05,1.8363e-05,7.8531e-05,5.5078e-05,1.9636e-05,7.7784e-06,6.8715e-06,6.7564e-06,5.2e-05,0.00014345,0.00094765
2,0.00094824,0.0015699,0.0023567,0.0010232,0.0035305,0.0028796,0.0013831,0.00081255,0.0013745,0.0015357,0.00060139,0.00048274,0.00074571,0.00013948,2.6438e-05,1.1907e-05,9.1016e-06,4.5216e-06,5.2086e-05,0.0018063
2,0.00067354,0.0014832,0.0010647,0.00093949,0.00042965,0.0002157,0.0002614,0.00022138,0.00012009,9.1567e-05,0.0002004,9.4174e-05,3.4236e-05,4.6821e-05,3.0532e-05,2.1721e-05,2.5936e-05,5.9401e-06,4.6865e-06,4.3543e-06,7.2543e-06,0.00024011,0.0044894
2,0.0005416,0.00070612,0.0024437,0.00010261,0.00017305,0.00045473,0.00028104,0.00019044,0.00024191,0.00017459,0.00017873,3.9533e-05,2.242e-05,1.3943e-05,9.351e-06,3.3389e-06,2.9865e-06,3.6377e-06,1.1563e-05,0.00022788,0.0011871,0.0009123,0.0042418
2,0.00040288,0.00068987,0.0012692,0.0014145,0.00070533,0.0004809,0.00056907,2.7265e-05,2.2809e-05,1.7535e-05,1.0573e-05,1.1366e-05,4.0302e-05,2.7105e-05,2.6518e-05,1.5948e-05,1.6063e-05,1.4409e-05,2.6944e-05,0.00010632,0.00063071,0.0013493,0.0029969
2,0.0022282,0.0004607,0.00072101,0.00076861,0.00024818,0.00011206,0.00016242,0.00035825,7.3791e-05,0.00016578,7.3063e-05,0.00016493,0.00011056,0.00015433,5.3203e-05,5.2022e-05,4.7531e-05,3.6551e-05,4.8627e-05,0.0001332,0.00040827,0.0011772,0.0010486,0.008592
2,7.4196e-05,3.8353e-05,5.5038e-05,7.2425e-05,0.00030677,0.00011252,0.00010749,0.00010542,7.5881e-05,1.7815e-05,6.1381e-05,2.063e-05,7.5969e-06,9.4326e-06,5.8941e-06,6.4568e-07,1.2062e-05,1.7842e-05,5.9167e-05,2.4109e-05,6.4492e-05,6.2854e-05,5.671e-05,8.7558e-05,0.00011469,0.00020673,0.00058083,0.00057045,0.00048573,0.0011168,0.0010701,0.0012178,0.00081297
2,0.00015638,0.00021178,0.00031808,7.9417e-05,0.00020113,8.0728e-05,0.000298,0.00018536,1.8301e-05,5.5824e-06,1.0159e-05,8.1708e-05,2.239e-05,8.0436e-05,0.00023005,0.00044219,0.00039742,0.00024688,0.00043363,0.00029958,0.00031217,0.0014461,0.0098123
2,0.00028123,0.0001407,0.00010246,8.0731e-06,5.8292e-06,1.1958e-05,7.5822e-05,2.3883e-05,7.5105e-06,1.1658e-05,2.4732e-05,2.1668e-05,5.5534e-05,4.542e-05,1.593e-05,4.7088e-05,0.00016566,0.00010884,0.00011143,7.8185e-05,0.00019659,0.00031577,0.0056777
2,0.0001583,0.00061166,0.00010023,7.5883e-05,0.00010117,0.00012347,3.7301e-05,4.5069e-06,8.5488e-06,5.5301e-05,4.3558e-05,3.2853e-05,0.00018104,0.00016402,7.3962e-05,2.6239e-05,4.538e-05,0.00010312,9.9634e-05,0.00048043,0.0013892,0.0036207
2,6.4897e-05,0.00012867,0.00015312,8.9189e-05,3.39e-05,5.5216e-05,0.0001107,0.00016502,0.00020321,0.00097967,0.002421,0.00061732,5.1472e-06,5.7344e-06,6.3442e-06,3.2575e-05,2.2347e-05,2.8546e-05,4.9252e-05,9.4803e-05,0.00013363,6.1029e-05,8.0918e-05,4.4542e-05,3.149e-05,0.00014109,0.00056717,0.0028614
2,0.0026008,0.0036504,0.003654,0.00079606,0.00055908,0.00083205,0.00054274,0.00017549,0.00015477,0.00011364,2.0504e-05,4.5038e-05,4.2902e-05,4.5414e-05,2.4757e-05,0.00020936,0.00049252,0.00012129,2.3379e-05,0.00013644,7.6993e-06,6.7282e-06,1.5598e-05,4.6681e-05,0.00030994,0.0019276,0.0043236,0.0058789
2,3.449e-06,2.5128e-05,9.0416e-05,5.172e-06,6.1642e-06,6.8852e-05,7.9083e-05,8.764e-05,0.00030756,0.00013807,3.5514e-05,3.654e-05,4.6531e-05,1.4387e-05,2.8469e-05,8.6345e-05,4.6878e-05,7.2179e-05,2.3933e-05,2.4416e-05,0.00012506,0.00049185,0.0018081,0.0037878
2,0.0010734,0.00058763,0.00044301,0.00043472,0.00051758,0.0012381,0.0020338,0.0031752,0.0022461,0.00068583,0.00064813,0.00094861,0.0014088,0.00035904,0.00037581,0.00010555,0.00015552,0.00040871,0.00014644,0.00010276,0.00017417,7.9028e-05,5.8466e-05,5.3742e-05,4.4236e-05,8.0674e-05,5.237e-05,0.00031764,0.0060494
2,2.7195e-05,8.352e-05,2.2863e-05,5.8436e-05,0.00013542,0.0002182,0.00016065,0.00011088,3.1638e-05,2.0204e-05,1.8911e-05,7.9311e-06,0.00012494,7.3566e-05,9.7018e-05,0.00011818,3.899e-05,5.3398e-05,0.00011402,0.00012405,0.0002569,0.00021089,0.00017672,0.00011205,0.00019813,0.00013564,0.00049442,0.00066628,0.0026793,0.0023729,0.0030513,0.0038144,0.0040149
2,0.0007074,0.012112,0.0031203,0.001318,0.00062558,0.00060661,4.0013e-05,0.00012906,0.00030584,0.00010515,0.00059994,0.00038082,0.00025824,0.00010299,0.00010649,0.00032906,0.00024852,0.00019386,5.7742e-05,0.00032823,2.5259e-05,4.7778e-05,4.3677e-05,0.00022015,0.00050929,0.00034706,0.0014711,0.0084217
2,0.00098774,0.0014055,0.00054361,0.00023845,0.0006759,0.00070678,0.000793,0.00097438,0.00099199,0.00052742,0.00066029,0.0022682,0.00099605,0.00056371,0.0017876,0.0030627,0.0017314,0.00019795,0.00090675,0.0022829,0.0059131,0.0042374,0.00031964,0.00031186,0.00039343,0.0011813,0.0017875,0.020363
2,0.0033035,0.0039841,0.0012309,0.00023489,8.9559e-05,3.5368e-05,0.00010888,0.00028963,0.019395,0.016747,0.01056,0.0068032,0.0069596,0.00016029,8.7251e-05,8.6354e-05,1.2066e-05,1.7384e-05,2.0497e-05,2.9033e-05,2.2346e-05,0.00096927,0.00018731,0.00031149,8.6147e-05,4.6183e-06,9.2234e-06,2.1815e-05,2.1105e-05,0.00039693,0.00049813,0.0014055,0.0018314,0.010905,0.0083461,0.0060907
2,0.001219,0.00089502,0.00045534,0.00046628,0.00062566,0.00044676,0.00023804,0.0007258,0.00020712,0.00012991,0.00020015,0.00013739,0.00017896,0.00022107,0.0013347,0.0025495,0.00084104,0.0025659,0.0010205,0.00079403,0.00045405,0.00054709,0.00068718,0.00062961,0.0013488,0.0029489,0.0068431
2,0.0026083,0.0047226,0.0030765,0.0030623,0.0017013,0.0012924,0.0020138,0.0023654,0.0015707,0.0024868,0.0031204,0.0027424,0.000346,0.00025853,0.00015416,0.0001582,0.00021994,2.3422e-05,0.00016552,6.8084e-06,1.2288e-05,5.5151e-06,5.9335e-05,0.00025142,0.00018507,0.0010866,0.020087
2,7.1019e-05,0.0012567,0.0012855,0.00037159,0.00038554,0.00031937,0.00051481,0.00046449,0.00047258,0.00039441,0.00025941,0.00062719,0.0010604,0.0006506,0.0012165,0.0017224,0.001872,0.0022903,0.00048293,0.00058178,0.00035492,0.00056669,0.00075223,0.0010977,0.0010868,0.00032283,0.00065981,0.0001571,0.00014399,0.00018401,0.00016227,4.946e-05,0.0001441,0.00034942,0.00072808,0.0014089,0.0014184,0.00080177,0.001005,0.0021655,0.0035015
2,7.7063e-05,0.0002287,0.00078083,0.00031887,0.00050187,0.00058421,0.00035272,9.8674e-05,7.1698e-05,9.1866e-05,6.3584e-05,6.6592e-05,0.00015426,0.00096253,0.00068582,0.00017309,0.00051978,0.00020437,0.00038463,0.00042009,0.00028041,0.00016808,0.00014792,0.00020033,0.00029366,0.00067313,0.00015804,0.00016628,9.3546e-05,0.00078183,0.0011962,0.0016657,0.0012093,0.00071875,0.0010212,0.0015984,0.0042708
2,0.0047845,0.0011441,0.00080343,0.00046267,0.00027597,0.00031154,0.00093755,0.00090654,0.0017507,0.002926,0.0017013,0.000464,0.00049331,0.0010669,0.0010816,0.00089582,0.00062278,0.0011666,0.0011473,0.0022731,0.0022205,0.001489,0.0014497,0.0013691,0.0017246,0.00073463,0.00044195,0.00035965,0.00043168,0.00025308,0.00027075,3.5774e-05,2.1876e-05,1.1653e-05,2.5311e-05,1.6722e-05,3.267e-05,0.00038361,0.00055309,0.00020183,0.00028034,0.00032755,0.00030503,0.00065749,0.0083575
2,3.0551e-05,0.00019816,0.00027179,0.0010554,0.00020077,0.0003433,0.00020472,0.00040061,0.00047936,0.001065,0.00088112,0.00022985,0.0001142,5.1586e-05,2.3458e-05,3.8328e-05,0.00012114,0.00018662,0.00017399,9.2383e-05,1.7543e-05,9.5884e-06,7.2344e-05,0.00019161,0.00025086,0.0022841,2.8877e-05,2.0817e-05,2.0694e-05,0.0001369,0.00010672,6.5205e-05,0.00027244,0.00057884,0.00010312,8.3474e-05,5.0998e-05,4.3514e-05,6.6629e-05,3.8007e-05,6.9654e-05,7.7176e-05,0.0015526,0.0013839,0.0010163,0.0017504,0.0022341,0.0035692,0.0013755,0.00081803,0.0012465,0.0058455
2,0.00024539,0.00043237,0.00056435,0.00084521,0.0007867,0.00050173,0.00024228,5.9807e-05,6.0827e-05,2.0961e-06,5.6337e-06,7.918e-06,9.0465e-06,6.016e-05,0.00033565,0.00050162,0.0005815,0.00074639,0.00023956,0.00076878,0.001057,0.0016182,0.0010108,0.00026716,0.00018663,0.00019852,0.00026073,0.00039929,0.0017411,0.00097266,0.00069058,0.00084261,0.00050694,0.00067788,0.00079709,0.0015369
2,0.00046855,0.00056219,0.0012104,0.00094707,0.00074575,0.00065944,0.00032244,0.00053553,0.00033528,0.0002246,0.00025637,0.00013045,9.7725e-05,0.00010549,0.00015756,0.00037674,0.0024502,0.0003567,0.00043631,0.00030147,0.00030505,0.00049189,0.00096748,0.00047494,0.00012292,4.4659e-05,4.7301e-05,4.293e-05,3.1788e-05,2.5215e-05,1.9367e-05,0.00023167,0.00090653,0.0019225,0.0018132,0.0046691,0.0015584,0.00066318,0.00060744,0.00055769,0.0024868
2,0.0005547,0.00045369,0.00038188,0.00057648,5.5623e-05,2.7518e-05,2.217e-05,1.9723e-05,2.9152e-05,3.554e-05,1.3902e-05,7.7712e-05,8.8643e-05,2.0072e-05,1.0556e-05,1.1309e-05,1.2494e-05,1.1676e-05,4.8211e-05,4.3149e-05,1.2131e-05,8.8019e-05,3.8741e-05,3.4731e-05,8.2237e-05,0.00012563,0.0003162,0.00058563,0.00080492,0.001148,0.0010848,0.0049798
2,7.8848e-05,0.0029927,0.00014713,0.00012232,3.5794e-05,4.1728e-05,3.9469e-05,2.6922e-05,1.3029e-05,1.5784e-05,2.354e-05,3.0622e-05,4.7802e-05,5.4395e-05,6.338e-05,0.00021702,3.3205e-05,0.00030376,0.00028844,0.00026547,5.7663e-05,3.2685e-05,5.6274e-05,2.3792e-05,0.00044978,0.0018125,0.0086327
2,0.00015354,0.0079797,0.0015903,0.0020904,2.0173e-06,2.4894e-06,2.2066e-06,0.00013403,0.0003428,0.00038846,5.729e-05,3.0875e-05,2.9538e-05,1.3816e-05,3.4844e-05,3.0095e-05,2.2386e-05,4.9349e-05,4.747e-05,1.3848e-05,4.856e-06,3.7873e-06,3.5154e-06,6.4019e-06,9.0398e-06,1.4711e-05,0.00017372,7.5709e-05,5.1806e-05,0.00010698,0.00028425,0.00016754,0.00055598,0.00043476,0.00054099,0.00080606,0.00074362,0.0006096
2,6.1578e-05,0.00011871,0.00011213,4.0702e-05,4.0553e-05,7.412e-05,6.1082e-05,3.3782e-05,0.00012071,5.6354e-05,0.00012867,0.00011593,7.8094e-05,0.00012216,0.00025026,0.00013614,0.00010523,0.00026581,0.00012801,0.00021338,0.00018595,0.00029894,0.00043865,0.0014957
2,0.0013934,0.0035251,0.0017139,0.0010154,0.0021162,0.00084047,0.00083089,0.00082009,0.00080627,0.00060992,0.0014197,0.00060825,0.00021053,0.00034085,0.00035408,0.00025003,0.0002264,0.00040388,0.00019719,0.0001157,0.00022665,4.8759e-05,1.5435e-05,1.1172e-05,8.1535e-06,3.7039e-06,1.6229e-05,0.00018045,0.00010428,7.1488e-05,0.00020645,0.00083415
2,0.00057739,0.00087753,0.0011872,0.0004485,0.00032877,0.00026374,0.00024128,0.0001975,0.0003399,0.0001432,0.00028013,7.889e-05,0.00015524,6.6568e-05,9.0516e-05,0.00017786,9.9279e-05,0.001613,0.0004286,0.00010675,0.00010572,7.6287e-05,5.1146e-05,3.423e-05,3.4259e-05,3.5908e-05,5.7973e-05,0.00010871,8.0838e-05,0.00015438,0.00037288,0.00090283,0.0020042
2,0.00038187,0.0010094,0.00014708,9.3406e-06,3.1757e-05,1.178e-05,1.3229e-05,4.545e-05,6.8603e-05,5.8275e-05,4.7761e-05,4.3161e-05,4.1977e-05,4.7893e-05,3.5274e-05,2.5941e-05,0.00011765,0.00015177,9.3708e-05,9.2439e-05,0.00018296,0.00015555,0.00016734,0.0007995,0.011095
2,0.00059444,0.00074048,0.00060632,0.00033023,0.00027967,0.00059359,0.00013129,0.0001125,0.00011081,6.4416e-05,2.2156e-05,1.3739e-05,1.7907e-05,6.8017e-05,0.00016094,6.0282e-05,5.0739e-05,2.1415e-05,9.9982e-06,1.6031e-05,1.593e-05,0.00011042,0.00014585,0.00034073,0.0007006,0.00063962,0.0011056,0.0011221,0.00078902,0.00091751,0.0004554,0.002708
2,0.00015181,8.2471e-05,0.00014161,7.05e-05,0.0001419,0.00012918,0.0001789,6.9541e-05,0.00015886,0.00050709,0.0012786,0.00041181,0.00028808,0.0042467,0.0026246,0.0001017,0.00027258,0.00028484,0.00017556,0.00025426,0.00083321,0.003117
2,0.00039856,0.00034793,0.00032544,0.00012604,0.00030415,0.00017696,0.00067683,0.00081277,0.0037173,0.0020594,0.0010233,0.0010709,0.00042344,0.00018217,0.00044168,6.5392e-05,1.9904e-05,1.0529e-05,4.709e-05,6.6216e-05,0.00013152,0.00047059,0.00051985,0.00027861,0.00046362,0.0015992,0.0028794
2,7.8561e-05,0.00010855,6.443e-05,3.9462e-05,9.7013e-05,3.5573e-05,1.1182e-05,1.4918e-05,4.7658e-05,5.1362e-05,3.2775e-05,4.285e-05,0.00019357,0.00022795,0.00041513,0.00059344,0.00026777,0.0003088,0.00021198,0.00021127,0.00031578,0.00024205,0.0002026,0.00018151,0.00018984,0.00020389,0.00097116,0.0010214,0.0022793
2,0.00030659,0.00022334,0.00018569,0.00029293,0.00011485,7.4354e-05,4.3893e-05,4.3886e-05,2.5977e-05,0.00065414,5.1867e-05,6.164e-06,1.1137e-05,8.0847e-06,6.142e-06,9.6225e-05,2.3177e-05,6.6135e-05,3.7685e-05,8.0815e-05,0.00029163,0.001498,0.0013057,0.0011875,0.0023755,0.0058144
2,1.8388e-05,8.9286e-05,7.4285e-05,4.4037e-05,4.613e-05,4.2648e-05,7.6617e-05,5.5312e-05,0.00010735,0.0004613,0.0012523,0.00035704,7.383e-05,3.2781e-05,6.0089e-05,3.3612e-05,9.3181e-05,0.00010627,0.00034312,0.00061741,0.00045107,0.0026891
2,5.27e-06,1.3713e-05,2.4107e-05,3.2859e-05,2.7225e-05,0.00011915,5.7547e-05,6.0063e-05,0.00015288,0.0002911,0.00025686,0.00092561,0.00042468,7.891e-05,3.0636e-05,8.99e-05,5.5479e-05,5.0538e-05,0.001076,0.0012464,0.00091054,0.00042543,0.00051967,0.00053616,0.00091445,0.00052861,0.0027268
3,0.045322,0.10787,0.23816,0.1231,0.09761,0.36786,0.50757,0.5773,0.54997,0.29038,0.37575,0.16142,0.088511,0.073501,0.021115,0.049914,0.12452,0.056414,0.064137
3,0.01309,0.083987,0.87331,0.68227,0.36957,0.18964,0.055913,0.049204,0.040946,0.03359,0.050355,0.036182,0.031184,0.03009,0.045333,0.046817,0.061872,0.2675,0.52106,0.26707,0.5,0.76455,0.44724,0.52881,0.54857,0.66507,0.89765,0.77514,0.54398,0.14032,0.040415
3,0.082257,0.30932,0.31979,0.13101,0.10312,0.059075,0.081439,0.12638,0.42758,0.27472,0.12893,0.076674,0.046404,0.027231,0.039631,0.22774,0.24826,0.12097,0.19375,0.0098688,0.02627
3,0.19056,0.48162,0.61505,0.35954,0.32232,0.22413,0.23838,0.061356,0.066067,0.26907,0.15549,0.035393,0.030866,0.04663,0.026182,0.14596,0.12915,0.26371,0.12489,0.10651,0.41934,0.42656,0.58122,0.28366,0.5159,0.30891,0.1921,0.061991,0.029999
3,0.0099163,0.011328,0.021241,0.047434,0.059408,0.095532,0.17841,0.059464,0.045706,0.01428,0.022233,0.047178,0.039018,0.032576,0.021187,0.041644,0.041244,0.033095,0.020731,0.024777,0.032702,0.042451,0.024745,0.0257,0.014969,0.017355,0.044209,0.21285,0.22238,0.6377,0.63611,0.60896,0.7788,0.20968,0.1922,0.070314,0.042338,0.0095923,0.010832
3,0.038284,0.064528,0.034162,0.025951,0.056075,0.073302,0.3091,0.25967,0.37721,0.26384,0.14331,0.092433,0.089827,0.047233,0.042418,0.094054,0.086775,0.080339,0.056925,0.061859,0.11037,0.061436,0.093699,0.061586,0.052923,0.034353,0.10303,0.18212,0.43748,0.56277,0.36636,0.20729,0.064436,0.28008,0.18674,0.15626,0.65276,0.87711,0.80385,0.74484,0.40756,0.30063,0.3378,0.47847,0.81443,0.51763,0.33574,0.38433,0.10864,0.06383,0.048459,0.095982,0.092223,0.094507,0.0062999,0.0034263,0.059416
3,0.013376,0.016065,0.4555,0.012483,0.048571,0.028542,0.050123,0.033097,0.010518,0.01954,0.012417,0.0044691,0.011737,0.011604,0.0087324,0.01357,0.10317,0.018526,0.054371,0.05362,0.030709,0.019795,0.030901,0.025225,0.018849,0.098495,0.096681,0.033602,0.013279,0.013626,0.018841,0.011106,0.020018,0.07024,0.083859,0.036478,0.24364,0.16154,0.057954,0.040697,0.025679,0.13394,0.084748,0.097254,0.058955,0.060947,0.044378,0.090189,0.055898,0.032705,0.010791,0.0068362,0.018776,0.023205
3,0.019278,0.029203,0.080719,0.14749,0.13217,0.2885,0.57655,0.59697,0.47246,0.35222,0.43354,0.54039,0.36657,0.53124,0.48323,0.52929,0.29598,0.32882,0.17194,0.18964,0.26597,0.28227,0.40722,0.60978,0.66979,0.43869,0.31793,0.16654,0.2308,0.088454,0.069217,0.092435,0.077756,0.08089,0.057412,0.057127,0.033536,0.03027,0.035069
3,0.014698,0.054139,0.35051,0.44911,0.74709,0.4045,0.43076,0.31909,0.14138,0.13343,0.19805,0.094747,0.18494,0.34957,0.59018,0.46268,0.3904,0.34612,0.41861,0.26344,0.23714,0.19394,0.33196,0.48617,0.31214,0.046316,0.026847,0.0044691,0.0029753,0.0013498,0.0019483,0.01049,0.0028599,0.012337
3,0.094079,0.3571,0.51584,0.5,0.43706,0.26957,0.10245,0.30306,0.17286,0.54199,0.3895,0.42398,0.26095,0.21439,0.13034,0.37411,0.28497,0.33038,0.37313,0.19803,0.046117,0.035925,0.016348,0.022485,0.19455,0.32911,0.53902,0.67164,0.84396,0.30351,0.15848,0.1851,0.37712,0.52539,0.25924,0.23853,0.27632,0.18199,0.041729,0.028701,0.046838,0.049557,0.062069,0.060183,0.19561
3,0.014741,0.12714,0.017662,0.0030678,0.001031,0.0019174,0.0016872,0.014,0.021999,0.03196,0.0096249,0.0062285,0.017922,0.0087085,0.027499,0.037698,0.044671,0.016908,0.015895,0.0089323,0.011482,0.069142,0.014131,0.01651,0.01612,0.019599,0.022345,0.01871,0.013241,0.014282,0.012267,0.011308,0.051012,0.084071,0.082731,0.14076,0.066448,0.010374,0.014872,0.01338,0.0098157,0.019537,0.039638,0.012196,0.014577,0.010707,0.023211,0.1187,0.066205,0.026583,0.018593,0.027145,0.010182,0.0047203,0.0031645,0.0064597,0.0052556
3,0.20353,0.37783,0.57448,0.30404,0.06105,0.012614,0.036157,0.10131,0.31741,0.56337,0.69943,0.71332,0.35615,0.084721,0.16178,0.13885,0.079524,0.065908,0.032117,0.023442,0.057541,0.087177,0.14522,0.50608,0.23313,0.31196,0.30339,0.59005,0.535,0.39862,0.53866,0.6964,0.049251,0.045986,0.023713
3,0.16835,0.16994,0.11004,0.032598,0.018697,0.035439,0.13468,0.2454,0.14363,0.22572,0.19433,0.23338,0.31177,0.19693,0.14618,0.24542,0.44811,0.28907,0.084813,0.12212
3,0.0099743,0.027288,0.098412,0.053244,0.030062,0.06002,0.056577,0.10988,0.11756,0.15018,0.26086,0.45016,0.24117,0.31708,0.18645,0.15926,0.084714,0.023127,0.0076198,0.01876
3,0.2335,0.72563,0.31749,0.098192,0.042334,0.31216,0.51143,0.95079,0.96669,0.95886,0.88601,0.90789,0.83648,0.95383,0.80103,0.42094,0.5,0.47543,0.11276,0.042327,0.0040354,0.022438
3,0.30413,0.32001,0.10226,0.028372,0.0044764,0.0077198,0.0058735,0.0092272,0.048553,0.17776,0.48076,0.33865,0.067201,0.015429,0.035936,0.061867,0.07422,0.089204,0.062661,0.061068,0.10916,0.11006,0.11579,0.1007,0.055485,0.083919,0.066632,0.10404,0.12866,0.35694,0.34961,0.55172,0.32039,0.11563,0.15415,0.23484,0.13938,0.11974,0.14404,0.01864,0.060302
3,0.031584,0.33084,0.54885,0.025286,0.027149,0.010231,0.016669,0.025003,0.18808,0.32312,0.33651,0.36738,0.34452,0.31726,0.33118,0.25491,0.18344,0.15443,0.036587,0.061019,0.040907,0.02984,0.01372,0.044292
3,0.65655,0.94423,0.89262,0.4828,0.33633,0.55588,0.733,0.84784,0.49072,0.60203,0.48557,0.30617,0.12957,0.16421,0.13379,0.095821,0.12038,0.16326,0.026301,0.032191,0.088325,0.13233,0.051393,0.056182,0.45432,0.6114,0.44134,0.32253,0.35695,0.22247,0.25025,0.15755,0.049278,0.050785,0.028723,0.063076,0.14284,0.035964,0.0063521,0.020146
3,0.060353,0.1883,0.29261,0.25555,0.33986,0.095962,0.039187,0.067397,0.35793,0.24096,0.57476,0.6522,0.33638,0.46631,0.39877,0.75855,0.79181,0.80183,0.84814,0.75943,0.44958,0.28738,0.15109,0.072925,0.53882,0.30029,0.4222,0.46125,0.43253,0.33695,0.31718,0.15396,0.12018,0.0596,0.041297,0.0078555,0.063303
3,0.059476,0.47182,0.64558,0.62173,0.78083,0.3739,0.16583,0.18041,0.021994,0.02593,0.046557,0.070233,0.057069,0.053376,0.052896,0.024694,0.032785,0.0057625,0.0019974,0.0033261,0.19,0.012561,0.01381,0.056724,0.030832,0.069877,0.10802,0.37797,0.11705,0.064294,0.064606,0.073284,0.040324,0.031868,0.038786,0.050893,0.043797,0.047024,0.048012,0.062435,0.040282,0.061139,0.048635,0.045706,0.098239,0.048655,0.030029,0.054765,0.11296,0.016271,0.018595,0.017145,0.015764,0.015082,0.037787,0.048072,0.038186,0.05406,0.036557,0.07865,0.027058,0.0081781,0.018975,0.018633,0.16845,0.37055,0.14824,0.16513,0.24906,0.23732,0.27454,0.17833,0.026404,0.0076714,0.0068995,0.01397,0.011458
3,0.057378,0.08608,0.1588,0.17506,0.19079,0.026124,0.011539,0.033235,0.0095182,0.025781,0.044521,0.068245,0.022354,0.057921,0.10741,0.095806,0.062627,0.040932,0.0069476,0.038217,0.049538,0.015367,0.055078,0.056849,0.031672,0.022992,0.024051,0.023479,0.26794,0.12702,0.10224,0.050429,0.059499,0.026079,0.011864,0.0055432
3,0.085194,0.31249,0.94719,0.8303,0.87582,0.54969,0.20541,0.272,0.27526,0.44748,0.14447,0.071316,0.12932,0.85773,0.80453,0.6179,0.61885,0.29709,0.26466,0.21695,0.30773,0.62425,0.36742,0.44661,0.24613,0.36867,0.56467,0.80614,0.4943,0.53063,0.44365,0.5,0.6263,0.54996,0.57906,0.69378,0.41563,0.022589,0.027542,0.027222,0.019623
3,0.076408,0.42724,0.23437,0.6482,0.33048,0.21463,0.098964,0.075033,0.019933,0.038818,0.024,0.05237,0.039622,0.079727,0.11006,0.10586,0.057235,0.094556,0.26416,0.12578,0.1289,0.47448,0.19591,0.26055,0.17479,0.113,0.15878,0.058234,0.086872,0.11227,0.056825,0.018614,0.038854,0.056906,0.048889,0.081913,0.11307,0.1426,0.17108,0.12345,0.090718,0.10063,0.059641,0.028182,0.013852,0.092187,0.060912,0.025307,0.036587,0.019637,0.018513,0.11079,0.13007,0.076026,0.19755,0.090171,0.049204,0.015446,0.0066943,0.012833
3,0.13304,0.66832,0.85092,0.81231,0.77121,0.71797,0.60183,0.48664,0.24662,0.26284,0.18052,0.14234,0.42644,0.4385,0.30364,0.41076,0.51606,0.24971,0.29981,0.15578,0.1281,0.095173,0.11989,0.16726,0.3319,0.37241,0.13453,0.23527,0.13909,0.12243,0.026948,0.023618,0.023561,0.015234,0.0063561,0.004885,0.0073503,0.014113
3,0.23672,0.42537,0.9348,0.88426,0.62699,0.2354,0.14141,0.085356,0.10731,0.15171,0.07121,0.035177,0.018354,0.060545,0.048394,0.04147,0.054964,0.057234,0.040878,0.030755,0.059485,0.08437,0.3054,0.4528,0.21255,0.09937,0.008876,0.0098239,0.01433,0.0088066,0.033949,0.060651,0.9267,0.95703,0.87704,0.2871,0.15025,0.17983,0.115,0.13603,0.33452,0.23297,0.1736,0.10726,0.068,0.085424,0.031176,0.05937,0.062134,0.061236,0.037368,0.045907,0.03684,0.040577,0.057106,0.028173,0.095514,0.085444,0.067828,0.075641,0.374,0.29645,0.21605,0.33161,0.29093,0.087178,0.028087,0.06375,0.06822,0.077398,0.082894,0.072049,0.10378,0.2187,0.4801,0.33915,0.12888,0.025139,0.036769,0.060558,0.054697,0.056372,0.061416,0.19641,0.10728,0.11887,0.013101,0.0085083,0.0044081,0.015555
3,0.017332,0.06407,0.064682,0.068743,0.061033,0.04366,0.066614,0.080264,0.030376,0.13678,0.13811,0.079129,0.042157,0.027193,0.018758,0.026067,0.027165,0.02149,0.033392,0.021061,0.00434,0.0075768,0.0039108,0.0037477,0.0038319,0.013282,0.016461,0.010035,0.018765,0.01239,0.077112,0.02815,0.12068,0.060354,0.05217,0.038343,0.033429,0.019073,0.027149,0.034919,0.029577,0.022448,0.045362,0.064325,0.068904,0.029588,0.019682,0.039673,0.021077,0.012256,0.013032,0.028878,0.10989,0.124,0.043353,0.03481,0.019296,0.017087,0.0060544
3,0.15953,0.66333,0.90682,0.93342,0.8936,0.91207,0.94334,0.88195,0.87901,0.86481,0.92228,0.21181,0.13658,0.25993,0.24514,0.36462,0.36355,0.67544,0.73502,0.86782,0.61964,0.54941,0.82221,0.89708,0.65538,0.42084,0.5,0.82915,0.78184,0.66276,0.85052,0.63999,0.30305,0.12976,0.078836,0.10746,0.23721,0.25749,0.27039,0.5,0.37752,0.2895,0.5,0.67333,0.30633,0.30205,0.34244,0.08272,0.058164,0.019456
3,0.0063053,0.0023689,0.0015555,0.0018212,0.0098754,0.0012213,0.0073457,0.025388,0.034113,0.017349,0.024286,0.041816,0.061913,0.01243,0.0054051,0.0051081,0.0024012,0.0025894,0.027785,0.014582,0.02737,0.021227,0.055707,0.024134,0.0065879,0.020404,0.015145,0.034919,0.050639,0.03691,0.026404,0.028179,0.030817,0.069223,0.082596,0.053186,0.077646,0.098733,0.059524,0.051922,0.037626,0.02473,0.0078373,0.0088106,0.018934,0.018957,0.0063462,0.002736,0.0016009,0.0038637,0.0076671,0.012476,0.031812,0.2617,0.096153,0.040187,0.022153,0.048186,0.032278,0.027752,0.0080337,0.0095514,0.014507,0.018134,0.034313,0.0089741,0.0038608,0.013239
3,0.0094638,0.2486,0.14753,0.1085,0.18222,0.46008,0.10877,0.19392,0.024003,0.033876,0.025343,0.011182,0.017196,0.016719,0.046615,0.041254,0.032825,0.023026,0.030885,0.037956,0.035074,0.015159,0.01776,0.0097753,0.019128,0.01347,0.011456,0.015667,0.14583,0.19614,0.060625,0.023478,0.012944,0.0064802,0.0040038,0.013187,0.011684,0.018782,0.039156,0.14609,0.19341,0.26964,0.1075,0.083884,0.062044,0.020618,0.0076174,0.0079421,0.0099323
3,0.1902,0.67116,0.69343,0.28586,0.53736,0.57805,0.77468,0.34426,0.4101,0.16735,0.095742,0.017533,0.022601,0.049685,0.019917,0.005243,0.0032474,0.037541,0.030491,0.076027,0.098678,0.042968,0.053878,0.048806,0.072276,0.51183,0.41533,0.23107,0.0090885,0.025697,0.017354,0.010168,0.0030568,0.029821,0.038072,0.027887,0.030265,0.0054089,0.0047104,0.0060935,0.42779,0.039689,0.084199,0.18881,0.13378,0.12196,0.38421,0.14015,0.09123,0.083141,0.03794,0.020113,0.022173,0.0093766
3,0.041294,0.066681,0.043891,0.14972,0.53051,0.32191,0.15379,0.16853,0.055694,0.011361,0.012794,0.038499,0.026327,0.021829,0.015532,0.015808,0.011413,0.024439,0.020724,0.060008,0.082594,0.070652,0.064037,0.069446,0.068729,0.036456,0.015447,0.0053123,0.008677,0.015067,0.012829,0.024125,0.061774,0.21556,0.060054,0.041618,0.062443,0.78072,0.62933,0.15062,0.25161,0.088872,0.069538,0.030101,0.024289,0.00674,0.010767
3,0.10712,0.90018,0.43676,0.41257,0.24491,0.16777,0.051217,0.44234,0.69961,0.24447,0.3044,0.64203,0.087134,0.12356,0.15257,0.24132,0.12817,0.11478,0.031191,0.056041,0.051095,0.044184,0.15402,0.14804,0.065758,0.069328,0.29611,0.30988,0.68966,0.58497,0.66276,0.20522,0.3234,0.30034,0.21219,0.32189,0.39643,0.018217,0.04127
4,4.6018e-06,4.9715e-06,1.2009e-05,0.00036708,0.0004458,0.00068444,0.0012848,0.0020306,0.0084581,0.0036637,0.0054477,0.004279,0.00521,0.0046013,0.0025096,0.0024487,0.0016877,0.0029878
4,0.00047931,0.0014647,0.0013923,0.00069027,0.00095363,0.00069762,0.00048057,0.0010344,0.00070088,0.0015921,0.0029119,0.006708,0.010571,0.007211,0.0031535,0.0011999,0.0065178
4,0.0064148,0.0092531,0.012567,0.0058304,0.025795,0.012434,0.021892,0.025834,0.017947,0.032126,0.0063993,0.006295,0.003205,0.014178,0.011315,0.0043536,0.0050051,0.0069307
4,0.00016178,6.2006e-05,4.2513e-05,0.00046427,0.0014445,0.00060513,0.00044756,0.0006605,0.0014513,0.00085558,0.00079495,0.00082039,0.0029741,0.0022028,0.0033889,0.0020533,0.0028829,0.022166
4,0.00015384,0.00013448,0.00018319,0.00022402,0.0003529,7.767e-05,0.00013909,0.0001162,0.00030412,0.00027742,0.0023927,0.010237,0.005457,0.0017395,0.0032928,0.013175
4,6.0977e-05,6.2195e-05,7.6134e-05,0.0022421,0.0031749,0.0036713,0.0019688,0.0030987,0.0040252,0.0013653,0.0023765,0.0040708,0.0052022,0.0037714,0.0021955,0.0044098,0.0043254
4,3.3541e-05,0.0010765,0.00029908,0.00047611,4.3947e-05,2.6084e-05,7.1553e-05,8.7531e-05,0.00032998,0.00030408,0.00083887,0.0031512,0.0071344,0.015024,0.019719,0.02143,0.0032126,0.0033219
4,0.00041093,0.0014769,0.00044587,0.0003033,0.00014275,0.00059038,0.00034873,0.00055452,0.00067503,0.0021211,0.0019586,0.0016744,0.0046774,0.002033,0.0011532,0.012672,0.012752
4,5.3154e-05,0.11158,0.0045789,0.00064739,0.00032185,0.000322,0.00082945,0.00014205,0.00024716,0.00049574,0.00032861,0.0012357,0.0014624,0.001249,0.0022619,0.0050705,0.0027872,0.019338
4,0.00043251,0.0013987,0.0040698,0.0031801,0.0013778,0.00043267,0.00042451,0.00024475,0.00018321,0.0012521,0.0052428,0.0076181,0.0078091,0.0072067,0.0015566,0.0076631
4,0.00015618,5.624e-05,7.2179e-05,2.3471e-05,5.5634e-05,0.00010941,0.00044894,0.0013619,0.003785,0.0087306,0.01287,0.0049114,0.011777,0.014981,0.0069452,0.0062038
4,0.00079582,0.0023596,0.0032223,0.0023838,0.0015297,0.0019484,0.00099445,0.0039216,0.012887,0.0097478,0.0016636,0.001312,0.0014586,0.0050246,0.01008,0.013177,0.0090894,0.010824
4,0.0033304,0.0036206,0.0055297,0.0133,0.011417,0.0085207,0.0057085,0.0062741,0.0066189,0.004463,0.009059,0.0099923,0.008034,0.0080006,0.006365,0.010168,0.010651,0.017028,0.0078401,0.0022793,0.0055096
4,1.8138e-05,5.4339e-05,0.00056565,0.00017113,0.000861,0.0015962,0.0013364,0.0004776,0.00077101,0.0014625,0.0040346,0.0040247,0.0032944,0.0033904,0.0036874,0.0074608,0.0056916,0.0048246,0.005467,0.0021875,0.0041955
4,0.009019,0.012731,0.026384,0.013952,0.021511,0.027001,0.019532,0.0075948,0.0057045,0.0028381,0.0088538,0.0093237,0.0081286,0.017405,0.0083368,0.0020925,0.0074157
4,0.0013139,0.0029363,0.0028015,0.00058669,0.0012314,0.0013264,0.0027693,0.00047727,0.0011834,0.0012155,0.00078881,0.0026379,0.027719,0.012458,0.01174,0.0089617,0.0053383,0.0029062,0.0030412,0.0087521,0.011999,0.020303,0.067905,0.01197,0.0096999,0.013263,0.022749,0.022137,0.015635,0.0093042,0.014617,0.010427,0.010371,0.012453
4,0.00013823,0.00021411,0.00012162,0.00011344,0.00037661,0.0008951,0.00082438,0.00091368,0.00073563,0.00022807,0.00016057,0.00014973,0.00033209,0.00063434,0.00045305,0.0017189,0.0068244,0.0033868,0.002356,0.0020135,0.002061,0.0019491,0.0028417,0.0022527,0.002603,0.0019064,0.0025207,0.0029049,0.0021305,0.0010975,0.00077272,0.003503,0.0037088
4,0.0012331,0.0017812,0.00089085,0.0018802,0.0076835,0.0050166,0.0053876,0.0042122,0.0018573,0.0012416,0.00050753,0.0010792,0.0037386,0.0034506,0.0048421,0.0089757,0.0096731,0.0072116,0.0026967,0.0061629,0.0069361,0.0046889,0.010403,0.0081442,0.0040687,0.0052753,0.0052437,0.0049712,0.0088788,0.0057976,0.0047031
4,0.0017713,0.0062322,0.0058775,0.0014545,0.0016269,0.0030598,0.0038526,0.0029903,0.0036829,0.0018528,0.00066641,0.00075684,0.00083562,0.0017185,0.0014418,0.0021584,0.004078,0.0032162,0.0031648,0.0038074,0.0028861,0.0023433,0.002848,0.0026379,0.0022705,0.001668,0.0023323,0.0017109,0.0030702,0.0019888,0.0019673,0.0025697
4,0.00040588,0.00045303,0.00016842,0.00010254,0.00026086,0.00025787,0.00015017,0.00026372,0.00056454,0.0051517,0.0057313,0.0037131,0.0006707,0.00049726,0.00090627,0.00063275,0.00099381,0.0060717,0.0067334,0.0058679,0.0086238,0.004646,0.0026127,0.0016487,0.0022209,0.0014489,0.0053427,0.0039383,0.0035385,0.0018902,0.0031628,0.0037771
4,0.00082775,0.0076476,0.0015639,0.00050199,0.00015893,0.00013268,0.00044933,0.00035463,0.0023253,0.0010459,0.000212,0.0001403,0.00011189,0.000114,7.9076e-05,0.00038035,0.0021016,0.0021612,0.0063025,0.0016294,0.0033176
4,0.047986,0.11683,0.015891,0.001669,0.00066065,0.0011117,0.0019298,0.0014989,0.0018676,0.003656,0.0024793,0.00097127,0.00067539,0.0012496,0.0011891,0.0024014,0.014469,0.0077156,0.022961
4,0.0015666,0.0018384,0.0011289,0.00045111,0.0006782,0.0016248,0.0029528,0.0066613,0.0062861,0.0096426,0.0061655,0.014458,0.0089281,0.0067277,0.013213,0.013223,0.01286,0.0039732,0.019555
4,7.6585e-05,0.0022963,0.0045127,0.0012437,0.0013026,0.00073983,0.00088629,0.00037957,7.06e-05,4.2713e-05,0.0005561,0.00027194,0.00041149,0.0015628,0.00061733,0.00070831,0.00046972,0.00099979,0.0011009,0.0051232,0.0077107,0.0063495,0.002504,0.011244
4,0.0036664,0.0045376,0.0013915,7.0019e-05,7.6254e-05,0.00010608,0.0041123,0.0021192,0.0030359,0.00041083,0.00065548,0.00064643,0.00081653,0.0025594,0.00175,0.0019271,0.00084278,0.0011366,0.0011987,0.0045217,0.0032524,0.0059513,0.003606,0.011075,0.0033747
4,0.0019077,0.010643,0.0041176,0.00020201,0.00072439,0.0015331,0.0018168,0.0028293,0.00045078,0.00015001,0.0013096,0.0012699,0.00049288,0.002391,0.0015288,0.0008862,0.00099884,0.0014242,0.0026503,0.0062135,0.015411,0.049564,0.035343
4,0.0020313,0.012762,0.01412,0.0012776,0.00079434,0.0026795,0.0034352,0.0026962,0.0015682,0.0021264,0.011372,0.0085066,0.019568,0.017735,0.032103,0.034625,0.020703,0.0074085,0.019205,0.018471,0.015959,0.014783,0.022593,0.0027061,0.0055634
4,0.00037008,0.0060236,0.024596,0.0064214,0.014391,0.0053583,0.004867,0.010803,0.031829,0.0062888,0.013525,0.010725,0.0037343,0.005844,0.0046442,0.0053483,0.0056119,0.001088,0.0019461,0.0027403,0.0056032,0.0052072,0.016365,0.015513,0.0056799,0.010207,0.017075
4,0.0012807,0.0022063,0.0013843,0.0062566,0.010235,0.0021049,0.0019227,0.0044016,0.0012128,0.0010694,0.0021678,0.0025491,0.0013149,0.0028747,0.005061,0.0045058,0.011356,0.0098608,0.02938,0.020667,0.0065383,0.003277,0.035987,0.030988,0.022958,0.011737,0.022417,0.018114
4,6.1214e-05,0.00019581,0.00029338,0.00021869,0.0015448,0.0008754,0.00055257,0.0015971,0.0019679,0.0027328,0.0022804,0.0008813,0.00071722,0.0009213,0.00023103,0.00039533,0.00081215,0.00048292,0.0012103,0.0012076,0.0028195,0.00092518,0.0014215,0.0017723,0.0025205,0.0037911,0.0022606
4,7.1629e-05,0.000153,0.00018625,9.7816e-05,0.00015993,0.00061803,0.00033889,0.00050077,0.00094946,0.00099572,0.00080843,0.0016256,0.0018108,0.0010325,0.0010726,0.00094828,0.0018514,0.00063475,0.00074761,0.00088091,0.0012204,0.0021879,0.00071423,0.00052313,0.00025748,0.00052917,0.00031956,0.00098741,0.0041719,0.010795
4,6.8755e-05,0.00017851,0.00010755,0.00014829,0.00069486,0.0011435,0.00036105,0.00061261,0.000213,0.00019859,0.00058301,0.00073485,0.0008952,0.00075275,0.00079062,0.0011365,0.00088568,0.0010965,0.001981,0.0019581,0.0008457,0.0012775,0.0014817,0.0054844,0.0053703,0.008852,0.0044211,0.0017741,0.0015222,0.0038984,0.0052596
4,0.00086019,0.0030709,0.0019845,0.00082847,0.004195,0.00055295,0.0022779,0.015593,0.01578,0.13977,0.2409,0.53055,0.073044,0.061789,0.015169,0.0068297,0.0035914,0.0037974,0.00082784,0.00090314,0.0012905,0.0011473,0.0014058,0.0069221,0.007023,0.014411,0.010475,0.015793
4,0.00060504,0.0036874,0.0054849,0.0033722,0.0018862,0.0014888,0.0018022,0.00060836,0.00096399,0.0017555,0.00082031,0.00082524,0.0029818,0.0084647,0.0049496,0.014822,0.006482,0.0044681,0.0039993,0.0060529,0.0069344,0.0021838,0.0039359,0.0088802,0.0065651,0.005774,0.013312,0.019852,0.037712,0.060073,0.051323,0.026867,0.0084673,0.0052589,0.0011598,0.0077412
4,1.1157e-05,0.0001598,0.00023536,3.8172e-05,3.2988e-05,6.2603e-05,0.00011402,0.000134,0.00031104,0.0011014,0.0005637,0.00068505,0.002446,0.001669,0.0025132,0.0029691,0.0023951,0.00051152,0.0014313,0.0024327,0.002471,0.0033251,0.00065833,0.00033036,0.00015427,0.00020372,0.0001918,0.00040225,0.00077899,0.0019079,0.0048141,0.005718,0.006464,0.0074496,0.003365,0.0036577,0.0033056,0.009355
4,0.00074064,0.01076,0.010485,0.0047176,0.0016793,0.0072628,0.0063649,0.0053974,0.0038018,0.0018082,0.00090777,0.00083412,0.0033615,0.0043549,0.011121,0.0075508,0.029562,0.033428,0.0096841,0.0042321,0.01619,0.0092447,0.0086397,0.0059948,0.0063831,0.0054151,0.0046702,0.0048343,0.0053453,0.010377,0.019329,0.018206,0.029434,0.03009,0.018987,0.0089118,0.0080668,0.0032958,0.015046
4,0.00035587,0.0028139,0.0019296,0.00043814,0.0007038,0.0036442,0.0020477,0.0015308,0.00073127,0.00071796,0.0004087,0.00040611,0.00089185,0.0015947,0.0035164,0.0031419,0.0023603,0.0020137,0.0012092,0.0018253,0.0010061,0.0025876,0.002927,0.002266,0.0020829,0.001558,0.0012744,0.0011496,0.0028965,0.0055327,0.0038622,0.0034156,0.0049209,0.0057361,0.0013612,0.0035098,0.0071056
4,0.0001089,0.00034887,0.00043405,0.00022207,0.00030224,0.00018227,4.8433e-05,0.00013377,0.00012937,0.00037995,0.00031773,0.0002743,0.00023518,0.00024676,0.00026017,0.00033807,0.007103,0.0070428,0.012376,0.019136,0.010908,0.0049909,0.016975,0.0059628,0.011898
4,4.5548e-05,0.00026946,0.00048249,0.00060371,0.00043186,0.00057071,0.00049182,0.00021188,0.00028815,0.0010075,0.00026426,0.00098287,0.0012941,0.0013033,0.0019772,0.019623,0.014779,0.0067912,0.0099089,0.0097292,0.0099708,0.02241,0.010027,0.007881,0.007601,0.0093571,0.016249
4,5.4265e-05,0.0014481,8.1509e-05,5.4374e-05,2.8653e-05,4.2814e-05,7.1098e-05,5.2189e-05,0.00058394,0.00020461,0.00065294,0.0011099,0.00065839,0.00065164,0.00032619,0.00034276,0.00061764,0.00026949,0.0006939,0.0012117,0.0018346,0.0013804,0.0044705,0.0089252,0.0061042,0.0048457,0.0050557,0.0014573,0.0032932
4,0.00080769,0.0011035,0.0021788,0.0025904,0.0056804,0.010297,0.0042692,0.0022968,0.0075902,0.0058373,0.0087715,0.010778,0.015791,0.0088302,0.0069495,0.0093436,0.014632,0.022199,0.045468,0.068329,0.090607,0.087351,0.024712,0.014905,0.0074638,0.0043931,0.0042889
4,2.6844e-05,5.0186e-05,4.4489e-05,1.2514e-05,0.00030558,0.00065311,0.00057924,0.0006674,0.0026406,0.0017536,0.00040509,0.00029024,0.00032733,0.00058207,0.00049468,0.0078033,0.025601,0.0064961,0.0017077,0.0032074,0.001989,0.0029333,0.0016585,0.0031834
4,0.0002467,0.0019865,0.0017396,0.00038691,0.0011601,0.00049612,0.00019777,0.00015214,0.00069932,0.0025314,0.0016873,0.003179,0.0034539,0.0069153,0.0035368,0.019173,0.039442,0.012228,0.010303,0.011488,0.0025556,0.0057339
4,3.7616e-05,0.00010922,0.00025544,0.00014209,0.00022744,8.5883e-05,9.0059e-05,0.00013104,0.00025025,0.00044653,0.0016226,0.0033302,0.0021101,0.0052637,0.0032831,0.0050374,0.0044743,0.019554,0.0069979,0.01059,0.0080862,0.0064489,0.0014626,0.0075846
4,0.0013393,0.0020665,0.0031232,0.0068859,0.0082385,0.005003,0.0019887,0.0018453,0.0023678,0.0025574,0.0036095,0.0047856,0.0041822,0.0031625,0.0055287,0.0041453,0.0081736,0.0043058,0.010188,0.013361,0.031018,0.0072592,0.017891
5,0.00038483,0.00020359,0.00010799,0.00027747,0.00020174,0.00030331,0.00047029,6.8582e-05,0.00017873,0.00017625,3.6189e-05,3.7068e-05,2.8024e-05,2.6504e-05,2.4786e-05,5.0675e-05,0.00060816,3.0909e-05,0.00014131,0.00039548,0.0002002,0.00028422,0.006206,0.0045413,0.0047364,0.0065469,0.012481
5,0.00022373,0.00043005,0.00036051,0.00043339,0.0005857,0.00081986,0.00027535,7.2681e-05,0.00014518,0.00029692,0.00042578,0.00040473,0.0025811,0.00305,0.0020596,0.0012558,0.0020622,0.0010064,0.0056259
5,2.1005e-05,5.5239e-06,1.4361e-05,1.9297e-05,0.00018316,0.0010806,9.3115e-05,6.7168e-05,0.00019729,0.00012917,0.00028852,0.0011112,0.00090923,0.00030198,0.010103,0.0013594,0.009157,0.014236,0.0088606,0.0035394,0.0064417,0.0045927,0.0047853,0.011951
5,0.0011796,0.66094,0.10042,0.24513,0.18787,0.01487,0.005249,0.0025968,0.0025952,0.0062031,0.0019215,0.00090914,0.00013109,0.00017072,0.00012816,0.00024995,0.00013611,0.00024387,0.0017527,0.0018337,0.0013263,0.00068888,0.0013622,0.0087168,0.0066773
5,0.00028176,0.0006642,1.1461e-05,6.9337e-06,9.5468e-06,1.006e-05,9.1715e-05,0.00021857,0.00021471,0.00019674,0.00022985,0.00027486,0.00016535,0.00049435,0.0012661,0.0067474
5,0.0084532,0.21677,0.0025598,0.00063188,6.5543e-05,2.597e-05,0.00032341,0.00026739,0.00022351,0.0003904,0.00034913,0.00015045,0.00037903,0.0043697,0.0038991,0.0073606,0.012143,0.018458,0.00489
5,5.9644e-05,7.4812e-05,0.00023621,0.031132,0.022616,0.014726,0.0020809,0.00074914,0.0033661,0.049241,0.0020775,0.0037659,0.005356,0.0018422,0.00084731,0.0030539,0.0044989,0.0021944,0.0018376,0.0010873,0.0017623,0.0022664,0.0069755,0.0040087,0.0048956,0.004177,0.0035102,0.013243,0.012042,0.01045,0.014778,0.0021523,0.010769
5,0.00023919,0.22943,0.35511,0.58669,0.33659,0.013026,0.0014053,0.0011527,0.0014867,0.0030447,0.0050275,0.0097282,0.010793,0.0045138,0.0035056,0.003376,0.0027544,0.0028714,0.0039054,0.0082741,0.0052123,0.016888
5,0.00014797,0.24782,0.0046672,0.023191,0.0024711,0.0022443,0.0019433,0.0050745,0.0056407,0.0040982,0.0033994,0.0029446,0.0025956,0.0014884,0.00074348,0.0011487,0.00088419,0.00025617,0.00013975,0.00045089,0.00050389,0.00077473,0.0020065,0.0081736,0.0012196,0.0021879,0.00066712,0.0010924,0.0016131,0.0017746,0.0011715,0.020588,0.0012729,0.0025628,0.0017947,0.0042892,0.0010174,0.00046232,0.0004501,0.00032119,0.00080939,0.005028
5,0.0022014,0.0008046,0.12742,0.0010184,0.001648,0.0017875,0.00099887,0.00085397,0.00074835,0.00042277,0.00031019,0.00065642,0.0017492,0.0017992,0.0013044,0.0031439,0.0040703,0.005044,0.020032,0.0023983,0.0014486,0.00043319,0.00019651,0.00066724,0.00078835,0.001254,0.00072819,0.00022416,0.00015685,0.00023379,4.231e-05,6.6733e-05,0.00036821,0.00026484,0.0022543,0.0033728,0.0042429,0.0053876,0.0027224,0.0042646,0.00056483,0.00058397,0.00087286,0.00013762,0.00024118,0.00077823,0.0026528,0.0014693,0.0020278,0.0026379,0.0065987,0.012021
5,0.0034087,0.006826,0.029371,0.0023766,0.010664,0.0037887,0.0028389,0.00070343,0.00028439,2.1473e-05,1.7379e-05,1.2851e-05,1.0938e-05,4.8685e-06,2.7066e-06,3.2059e-06,3.4416e-06,2.208e-06,1.0707e-05,0.00075433,0.00085806,0.00018604,0.0002766,0.00070385,0.0005109,0.00050007,0.00037713,0.06006,0.00012376,0.00030282,0.00015333,0.00032699,0.00082834,0.0039907
5,0.00067346,0.00031182,0.00066751,0.00068475,0.00053203,0.00054862,0.00076875,0.0013634,0.0018582,0.00057968,0.0014904,0.00075009,0.00043984,0.00093588,0.00070623,0.00046633,0.00054633,0.00015602,0.00010577,0.00014544,0.00013579,9.295e-05,0.00026793,0.00018739,0.0004932,0.00017342,0.00013885,0.00015256,7.0397e-05,3.9863e-05,0.00014915,0.0024762,0.00045655,0.00025737,0.00041285,0.00022871,8.6056e-05,0.0040618
5,0.0063514,0.010702,0.0024898,0.00073138,0.00024608,0.0005277,0.00074106,0.00060103,9.0725e-05,4.8042e-05,0.00021057,0.00014986,6.081e-05,0.0001195,0.00037903,0.00057494,0.0008017,0.0051931,0.0012445,0.0022848,0.0011357,0.00099014,0.0025739,0.002041
5,0.0037635,0.051346,0.084167,0.055458,0.0095164,0.010874,0.0062069,0.0049022,0.0069943,0.0066052,0.0073833,0.012632,0.016109,0.0016997,0.00042572,1.443e-05,1.7451e-05,0.00016553,0.00026986,0.00026586,0.0046975,0.0011388,0.0015628,0.00035266,0.00049255,0.0039839,0.0046483,0.0035228,0.0066321,0.0041056,0.010225
5,0.0004019,0.0025382,0.92442,0.90249,0.86555,0.90673,0.53845,0.0061361,0.0019441,0.00036055,0.00018707,0.00011478,0.00012392,0.00021388,0.00049464,0.0027889,0.0049984,0.00078157,0.00057967,0.00025271,0.00015228,0.0021386,0.00064698,0.00097832,0.0015614,0.0018965,0.0026263,0.0023382,0.002252,0.0029417,0.0093571
5,0.0090343,0.013166,0.023379,0.019065,0.0050356,0.0027651,0.0031457,0.0042736,0.0042676,0.01881,0.0049749,0.0044483,0.029067,0.01572,0.014698,0.0032657,0.0022494,0.0028473,0.0057091,0.0055179,0.013051,0.019973,0.0017578,0.0013148,0.00031634,0.00044557,0.00041891,0.00028596,0.00036745,0.002945,0.023015,0.019197,0.021164,0.013759,0.0083325,0.0035075,0.00092211,0.0002427,0.00019375,0.0010348,0.00038684,0.010368,0.021707,0.0020681,0.00069802,0.00073551,0.000142,7.9656e-05,8.3358e-05,6.182e-05,2.4098e-05,0.00069355,0.00040403,0.00059512,0.0061991,0.0056565
5,0.0018539,0.014861,0.0040912,0.0016041,0.00085315,0.00031814,0.00015941,0.00027596,0.00036987,0.00026544,0.00031006,0.00027159,0.00016696,2.5155e-05,3.3625e-05,0.00020698,0.00081523,0.0005515,0.0005275,0.00069514,0.00029283,9.1287e-05,0.00018341,0.00023767,0.00025344,0.00032857,0.0005194,0.0019314,0.00046611,0.00020998,0.00012983,0.00039661,0.00027185,0.0002071,0.00021649,0.00024051,0.00033311,0.00034115,0.00050981,0.0014779,0.0022787,0.0033495,0.0051579,0.0067795,0.0080921,0.0064158,0.0034337,0.0022074,0.0028791,0.0053299,0.0041705
5,0.00048625,0.014243,0.08303,0.043075,0.017614,0.01315,0.010789,0.012278,0.0053254,0.0030882,0.00068594,0.00037873,0.00058052,0.0034537,0.0068273,0.046567,0.072647,0.040191,0.013887,0.0063161,0.0098835,0.0052598,0.00099857,0.0012891,0.00395,0.0042394,0.0042605,0.010275,0.0093316,0.0047783,0.0021785,0.0018667,0.00087254,0.00057512,0.00051134,0.0008652,0.00065631,0.00484,0.0038969,0.010332,0.0054549,0.0043949,0.0044684,0.0062015,0.0028223,0.012864
5,6.7986e-05,9.1886e-05,0.047216,9.7608e-05,0.00013629,0.0011024,0.0024662,0.001032,0.00038741,0.0014536,0.00061044,0.0015548,0.0016334,0.0016498,0.00080501,0.0023337,0.0025186,0.012956,0.0046473,0.0031349,0.0016962,0.002223,0.00069077,0.0011144,0.00020843,0.00021916,0.00027059,0.00024933,0.00012687,0.0010946,0.00025605,0.00049378,0.0005185,0.00094671,0.0012941,0.0019881,0.0022182,0.0098366
5,0.00024429,0.013636,0.0031602,0.0030973,0.00025339,0.0012835,0.0044627,0.0036643,0.0022949,0.0018737,0.00088875,0.00041328,0.00041192,0.00014131,8.3815e-05,0.000196,0.022433,0.0012972,0.0015968,0.0066815,0.0018825,0.00022076,0.00047642,0.00034042,0.00016186,0.00044622,0.0040351
5,0.00042924,0.017926,0.00023555,7.2276e-05,0.00014262,0.00021295,0.00014162,0.00017025,0.00090928,0.00043993,0.00037956,0.00084983,0.0020728,0.0014102,0.0012942,0.0065718,0.0007241,0.00024293,0.00012707,0.00020709,0.00035994,0.00081772,0.0020501,0.00084116,0.00090859,0.00091201,0.0010281,0.0018718,0.011123
6,0.00068603,0.00076388,0.00045359,0.00087341,0.0017525,0.00044703,0.0054256,0.0095239,0.0054885,0.012659,0.026441,0.011295,0.0040363,0.0017068,0.0058612,0.017849
6,4.8082e-05,2.5363e-05,1.717e-05,6.2864e-05,0.0001493,8.2357e-05,7.5589e-05,2.6527e-05,9.2654e-05,0.00013913,0.00022684,0.0011876,0.00076172,0.0011029,0.00044129,0.00014171,0.00018543,0.00084716,0.0040676
6,0.00031362,0.00068031,0.00062566,0.0017583,0.0054187,0.0035899,0.0046689,0.018655,0.02012,0.021172,0.013174,0.0050919,0.0026699,0.0024882,0.012208
6,0.0043788,0.0051159,0.0046911,0.0021739,0.0016565,0.0039701,0.0026731,0.0023266,9.4744e-05,9.5679e-05,0.00043801,0.0014406,0.0019359,0.032242,0.041651,0.034226,0.032066
6,0.0003588,0.00027686,0.00025155,0.00020846,0.00013801,0.00018656,0.00028394,0.00024305,0.00041826,0.00034229,0.00015099,0.00040295,0.00044786,0.0003505,0.00030816,0.0021265
6,0.00010989,0.00010907,3.6307e-05,2.7228e-05,0.0001562,3.8228e-05,0.00022694,0.00012322,0.00019808,0.00013059,0.00013524,0.00039246,0.00054165,0.00034097,0.0020496,0.00075729
6,0.0010919,0.0078904,0.012332,0.0078524,0.002413,0.00034729,0.00028176,0.00026791,0.0002302,0.00013836,0.0016618,0.0029015,0.0035065,0.0043957,0.0043106,0.0054751
6,0.00070886,0.00052451,0.00056289,0.00058793,0.010299,0.0010892,5.7373e-05,3.9951e-05,0.00017336,0.00015823,8.236e-05,0.00071971,0.0013829,0.00085638,0.0013874,0.0010706,0.0032803
6,0.0001953,0.040024,0.011047,0.015959,0.00039053,0.00085562,0.00096913,0.0011272,0.0010546,0.0084911,0.031115,0.2249,0.80296
6,0.00056399,0.00046018,0.00038638,0.00024845,0.0015728,0.0158,0.0078385,0.02259,0.020607,0.013804,0.010185,0.001843,0.0012987,0.00082153,0.0080047
6,7.9896e-05,0.00026671,0.00054906,0.00080149,0.00071059,0.00088918,0.00034442,0.00020353,0.00032205,0.00021716,0.00016715,0.0026161,0.0064498,0.0050738,0.0043015,0.0070762
6,0.0011316,0.0053748,0.014002,0.0084548,0.0065064,0.012007,0.007121,0.0015879,0.0022461,0.00041099,0.00046883,0.00045061,0.0023195,0.0037419,0.0040075,0.0070164
6,0.00083768,0.0005934,0.00055809,0.00017954,0.00016573,5.8568e-05,0.00025243,0.00043761,0.00035986,0.0076282,0.0058207,0.0011594,6.0652e-05,0.00013214,4.2598e-05,7.3151e-05,0.00015595,0.00017434,0.00030611,5.8748e-05,0.00015866,7.2243e-05,0.00056923,0.00024302,0.0013084,0.0043391
6,0.0030464,0.016957,0.010153,0.009364,0.068538,0.07574,0.034562,0.022718,0.012275,0.0019954,0.00098183,0.00031263,0.0011215,0.0011125,0.0022793,0.0022948,0.0026458,0.010633,0.0062489,0.0042693,0.0062724,0.0045098,0.0015054,0.0016555,0.0020448,0.001433,0.0011932,0.0007876
6,0.00047849,0.0020683,0.00093921,0.00062967,0.0016453,0.013651,0.0061364,0.0025355,0.0010856,0.001096,0.0026547,0.003196,0.014698,0.0081828,0.0048867,0.0028808,0.0054666,0.0055105,0.0019507,0.0017465,0.001302,0.0010094,0.002099,0.00059288,0.00079973,0.00082057,0.001601,0.00084798,0.007051,0.0026962,0.0045761,0.0095507,0.0089734
6,0.00051443,0.0014706,0.0043606,0.0028786,0.0018411,0.0020438,0.0010941,0.0017666,0.0020697,0.0018677,0.002272,0.0010043,0.0010396,0.00029547,0.00078243,0.00019238,8.0313e-05,3.5504e-05,0.00018693,0.00023781,0.0006118,0.0004056,0.00081936,9.6099e-05,7.4184e-05,0.0010215,0.00082096,0.0014552,0.0013007,0.012318
6,0.00066939,0.0016369,0.028958,0.026527,0.035435,0.066907,0.29241,0.21976,0.88369,0.96841,0.43517,0.00044985,0.00081348,0.0005644,0.0007568,0.00088413
6,0.00039694,0.0080723,0.0045742,0.002035,0.0010471,0.0007308,0.00015561,8.4811e-05,0.00017349,0.00029689,1.1888e-05,1.1822e-05,8.4094e-06,7.4596e-06,5.1603e-06,8.5339e-05,0.00055855,0.0019671,0.0029007
6,0.0030305,0.0049422,0.003485,0.0032399,0.0053836,0.0062715,0.00046043,0.00022681,6.8986e-05,4.4994e-05,5.8218e-05,9.3838e-05,0.0002432,0.002762,0.060605
6,0.0017905,0.0014049,0.0023965,0.0032876,0.011763,0.019026,0.027686,0.0075612,0.021693,0.014087,0.00096487,0.002157,0.0057939,0.0021157,0.0013574,0.0076415
6,0.00055036,0.00066037,0.0007379,0.00066512,0.00033204,0.00012121,0.0002557,7.0453e-05,4.0093e-05,3.3517e-05,6.3591e-05,0.00015024,0.00048508,0.00032644,0.00032667,0.00036215,0.00039492,2.8996e-05,3.2558e-05,9.8339e-06,1.6137e-05,1.2921e-05,0.0011283,0.00070927,0.00038527,0.00024934,0.00087067
6,0.0013957,0.062072,0.035268,0.00035339,0.0003623,0.00017711,0.00016288,0.00010294,0.0016646,0.0012976,0.0022073,0.0052857,0.0020663,0.0053911,0.0041485,0.00049687,0.00043705,0.00025858,0.00011763,0.00017446,0.00084538
6,0.0034509,0.0014475,6.6465e-05,3.0088e-05,3.5509e-05,0.00012095,0.00011896,3.4858e-05,2.1419e-05,0.00022681,5.527e-05,7.3946e-05,0.00026365,0.00044827,0.0011862,0.0010309,0.0019007,0.0022304,0.0013429,0.001237,0.0070822
6,0.0015894,0.020738,0.11238,0.019463,0.0080142,0.00055053,0.00033316,9.522e-05,2.7641e-05,3.7941e-05,9.3358e-05,0.0003113,0.00035236,0.00038832,5.2908e-05,0.00053098,0.00064437,0.00042484,0.00036939,0.00015988,0.00024978,0.0013886,0.017992
6,0.0028474,0.0031297,0.0021028,0.0013766,0.0071857,0.087804,0.0073616,0.005046,0.00097799,0.0015823,0.00086286,0.0037694,0.0023296,0.002239,0.0081332,0.017319,0.01679,0.0058968,0.0074137,0.00067038,0.00061122,0.00074915,0.0014281,0.00056019,0.0028786
6,0.0010398,0.0053733,0.0042294,0.0058457,0.0026686,0.00094079,0.0019129,0.0015204,0.00088129,0.0028171,0.00079339,0.0010609,0.00046716,0.00052109,0.00042393,0.00041406,0.28763,0.0014768,0.00088814,0.00016878,0.0017569,0.0017893,0.0021255,0.0018671,0.0048256
6,0.0029194,0.2752,0.73743,0.89183,0.16792,0.10569,0.019488,0.0050422,0.0022655,0.0014,0.0025256,0.021132,0.014723,0.010941,0.00089848,0.0064383,0.00075543,0.0014252,0.00053382,0.013373,0.0089961,0.010949,0.040986
6,0.0040339,0.011166,0.014011,0.010612,0.0072122,0.011176,0.018442,0.01187,0.0036305,0.01159,0.0080039,0.0037611,0.0024799,0.0018008,0.0021434,0.00083568,0.00084533,0.0033724,0.0023746,0.00030582,0.00013444,0.00065055,0.0004149,0.00028188,0.00017881,0.00019701,7.4726e-05,5.4425e-05,6.0122e-05,0.00080083,0.0022539,0.00473,0.010164
6,0.00054709,0.00085251,0.0036224,0.00034112,0.00021901,5.4779e-05,6.2066e-05,8.875e-05,7.5073e-05,0.0001939,0.0001878,0.00010421,0.00017971,0.0027565,0.0016926,0.0011657,0.0033121,0.0010035,0.00013669,5.9752e-05,5.9649e-05,3.9723e-05,6.964e-05,7.8145e-05,0.0002728,0.00040499,0.00020275,0.00021352,0.00012744,0.00011225,0.00011857,0.0012555
6,0.0013752,0.0019484,0.004822,0.21224,0.20514,0.079522,0.11015,0.063228,0.16012,0.25772,0.27771,0.051904,0.039437,0.031205,0.019317,0.028473,0.060196,0.058151,0.033096,0.027215,0.0029149,0.0044352,0.0021711,0.0030996,0.0032466,0.006414,0.0078894
6,0.00087204,0.035043,0.011066,0.0048061,0.010813,0.014151,0.0015163,0.003443,0.0014877,0.00071805,0.00047617,0.0026483,0.002766,0.0014073,0.0016469,0.002353,0.0006795,0.00033397,0.00069277,0.00035329,0.0010077,0.0011047,0.0011692,0.0042063,0.010737
6,0.015708,0.029641,0.048148,0.020224,0.024506,0.053538,0.079698,0.026482,0.022038,0.018633,0.020947,0.021365,0.006231,0.0040976,0.0007245,0.0013858,0.0056701,0.0038581,0.002413,0.006898
6,0.00024377,0.0014678,0.0013121,0.00021039,0.0002168,0.00021871,0.00038831,0.00026691,0.0049649,0.0054367,0.001916,0.00021454,0.00010668,6.6634e-05,8.8003e-05,0.0004293,0.00019088,0.00041479,0.00070613,0.00030199,0.00052391,0.00097865,0.00074794,0.0015631,0.0019397,0.001438,0.0021593,0.0059233
6,0.00060827,0.0006828,0.0014758,0.0018939,0.00091108,0.0016241,0.00044147,0.00079589,0.00048151,0.00045678,0.00023263,0.00028084,0.00026323,0.00010183,8.7749e-05,2.0667e-05,5.6359e-06,3.3237e-06,2.1457e-06,0.00010645,0.00036399,0.00041624,0.00060351,0.00068772,0.00073759,0.00053675,0.0072912
6,0.0012228,0.00061832,0.0010405,0.00099546,0.0022154,0.0069096,0.0041701,0.0055825,0.01826,0.014947,0.0062916,0.00041592,0.00026438,0.00026203,0.00097859,0.0014728,0.0057787
6,0.00013096,0.00022443,0.00017336,0.00017573,0.0002539,0.00019519,0.00039349,0.014759,0.00244,0.0016834,5.3656e-05,9.1356e-05,6.6816e-05,6.7189e-05,9.983e-05,0.00035506,0.00035914,0.00032197,0.00092799,0.0079264,0.022295
6,0.014058,0.38756,0.2079,0.15063,0.32841,0.050475,0.018276,0.016067,0.029514,0.014466,0.013895,0.0066237,0.013245,0.0040418,0.0086127,0.097921,0.093912,0.058402,0.080705,0.02101,0.026924,0.013253,0.0099052,0.0080457,0.014669
6,0.0041944,0.052691,0.039221,0.036905,0.012426,0.017208,0.036891,0.015249,0.0083247,0.025545,0.038305,0.021669,0.012511,0.012224,0.017731,0.00122,0.00024165,0.00099899,0.00054411,0.0038856,0.025784,0.025693,0.0088894,0.023817,0.015077,0.013291,0.012049,0.02027,0.016137,0.010496
7,0.00014237,0.00041985,0.001425,0.00093048,0.0028351,0.0030759,0.0016447,0.0036192,0.030708,0.07329,0.062306,0.050211,0.027317,0.0010249,0.0023484,0.0021366,0.0020721,0.0082545,0.022299
7,0.00039487,0.00064688,0.0016225,0.0037597,0.0061742,0.013476,0.01484,0.026672,0.020164,0.046148,0.068279,0.055651,0.065019,0.01675,0.034407,0.032808,0.00925,0.0033767,0.020854,0.02706
7,4.5096e-05,4.4491e-05,2.1003e-05,7.9477e-06,4.1595e-05,0.00012534,0.00014598,0.00030669,0.0005808,0.0064164,0.003306,0.0060862,0.0051085,0.0059924,0.0060414,0.0030853,0.0020519,0.00081702,0.0013613,0.0021029,0.006427
7,0.0008519,0.0026204,0.031534,0.018523,0.025874,0.051937,0.2911,0.062332,0.042907,0.30438,0.14877,0.10248,0.051881,0.097684,0.019422,0.048276,0.0088344,0.0044897,0.0083644,0.0068465,0.0094972
7,1.3304e-05,0.0011492,0.0017847,0.00052116,2.4337e-05,8.3791e-05,9.7276e-05,0.00058085,0.00017656,0.00036357,0.000988,0.0023015,0.0051578,0.0035535,0.033251,0.02222,0.053776,0.030822
7,0.00015929,0.00016962,0.00017021,0.0048398,0.0049232,0.0029171,0.0047667,0.0035412,0.0045786,0.015406,0.02815,0.029404,0.017305,0.024671,0.0035654,0.014703
7,0.00049269,0.0010052,0.00046293,0.0005848,0.00085862,0.0012116,0.00021322,0.00059032,0.00021402,0.00060458,0.0028945,0.0079229,0.005078,0.070721,0.040267,0.015822
7,7.4503e-05,0.014893,0.0019172,0.00083693,0.00039723,0.007305,0.0072384,0.0015111,0.0024535,0.0085421,0.018206,0.015533,0.021524,0.029881,0.019288,0.062721,0.014766,0.0054797
7,0.0067653,0.0026057,0.0083294,0.0071923,0.0050616,0.0098559,0.017207,0.0025649,0.0036027,0.0014773,0.0092142,0.0097893,0.013833,0.05236,0.11736,0.035858
7,3.4237e-06,0.0007884,0.00036567,0.00016616,0.00038017,0.0015864,0.0016504,0.0070527,0.0077741,0.010341,0.0077083,0.0076663,0.0089539,0.0016489,0.0063906,0.0068172,0.010758,0.011156,0.03723,0.0099396,0.77691
7,0.00030252,0.0010667,0.0025275,0.0060511,0.0085574,0.020043,0.070489,0.044594,0.021568,0.051181,0.036722,0.028585,0.031334,0.01708,0.00561,0.014508
7,0.00022326,0.00063749,0.00028057,0.00014228,0.0012252,0.0011558,0.0015518,0.00064121,0.0017312,0.0028586,0.0044236,0.01162,0.020315,0.016289,0.015467,0.022325,0.02238,0.014191,0.01059,0.0084114,0.0087676,0.026862,0.081615
7,0.00010554,0.00015607,0.00061734,0.00018918,0.00037594,0.00050155,0.00039048,0.00071403,0.00069194,0.0014553,0.0015317,0.0011158,0.00075772,0.0019905,0.0011808,0.00044222,0.00058477,0.0011985,0.0010937,0.0087335,0.013102,0.0091696,0.0049289,0.0035931,0.0036711,0.002529,0.001268,0.00062924,0.0012257,0.002641,0.00089124,0.00079988,0.0061363,0.0068378,0.0049307,0.0038688,0.0045795,0.0097642,0.019104
7,0.00052176,0.035688,0.0094918,0.00034552,9.4365e-05,4.6795e-05,0.00013133,0.00039978,0.00018577,0.00078998,0.0075293,0.00048665,0.00037427,0.00025057,0.00010765,7.4899e-05,0.00050323,0.002592,0.00061663,0.00059389,0.0010003,0.0012036,0.0025125,0.014454,0.027806,0.014742,0.0044385,0.002951,0.0017976,0.0015922,0.0032905,0.0019974,0.0017164,0.0012143,0.0019307,0.0028963,0.0027102,0.0018065,0.002434,0.0033644,0.0016268,0.002473
7,0.00016024,0.00047711,0.0002474,0.00017999,0.00048964,0.0030044,0.0038667,0.0020202,0.0066889,0.0034092,0.0017169,0.0020349,0.003099,0.015246,0.0063322,0.0081701,0.027169,0.026719,0.019128,0.027178,0.02831,0.035971,0.03939,0.044436,0.024806,0.029781,0.018192,0.0093043,0.010644,0.0071548,0.0061324,0.0046076,0.0071238,0.0047217
7,0.0046623,0.018321,0.036707,0.018281,0.0092681,0.022584,0.031361,0.020716,0.013935,0.012625,0.0033417,0.0002899,0.00063888,0.0047744,0.0027947,0.049819,0.039068,0.015993,0.020771,0.035464,0.062404,0.052359,0.04791,0.043957,0.026347,0.014077,0.018465,0.010549,0.025308,0.056116,0.13238,0.043437,0.095933,0.069517,0.038742,0.033699,0.01082,0.011253,0.004847,0.0065132,0.015909
7,0.00056328,0.0022191,0.0018506,0.00046155,0.0045043,0.0047643,0.0047403,0.0077033,0.006097,0.0011284,0.0027705,0.0016286,0.0079942,0.010402,0.0057441,0.0090716,0.0087216,0.016163,0.015644,0.014996,0.011551,0.008419,0.013973,0.016704,0.016424,0.0083137,0.0062386,0.00447,0.0032378,0.0020377,0.0026316,0.0019596,0.0016575,0.0049336
7,0.0003961,6.499e-05,3.3516e-05,2.7381e-05,0.00011183,8.4655e-05,5.7033e-05,0.00020142,0.00046028,0.00047996,0.00077599,0.00071711,0.0014545,0.0031973,0.0061067,0.0063462,0.011087,0.0038126,0.0015527,0.0021314,0.0010521,0.0019542,0.0028039,0.0064151,0.0066068,0.0016638,0.0015059,0.0020587,0.0026131,0.0017291,0.0015087,0.0019594,0.0017507
7,7.0828e-05,0.0016997,0.003089,0.00078323,0.00077476,0.00115,0.00071098,0.010497,0.010756,0.0053203,0.0032481,0.0026828,0.0012297,0.0011933,0.0028537,0.0042781,0.0049469,0.0054124,0.014083,0.033022,0.009947,0.014849,0.009918,0.0077479,0.0016903,0.0096628
7,0.00053712,0.0012539,0.013222,0.010873,0.0066957,0.0061401,0.0054571,0.0060619,0.013877,0.01562,0.013921,0.010556,0.004535,0.0019775,0.0035859,0.035144,0.052306,0.019361,0.010516,0.028913
7,0.0013204,0.002246,0.00018565,0.00011265,0.00013287,0.00012761,0.00013334,0.00013294,0.00017514,0.00017366,0.00013062,7.0889e-05,0.00043363,0.00081531,0.00026379,0.00024347,0.00012549,0.00022635,0.00016161,0.00029915,0.0025392,0.012269,0.0084636,0.018647
7,6.0969e-05,0.00094863,5.1057e-05,5.8604e-05,0.0001127,0.0002573,0.00051106,0.0057231,0.024458,0.036463,0.021269,0.019644,0.020642,0.061393,0.046911,0.026135,0.036198,0.10085,0.022155,0.021433,0.01986,0.012961,0.022895
7,0.11069,0.057109,0.015533,0.0068398,0.0038767,0.0019954,0.0037685,0.011464,0.043907,0.038242,0.052423,0.014712,0.011746,0.0058934,0.0032689,0.0022785,0.0043729,0.0021227
7,0.00043817,0.0055728,0.0056451,0.0082094,0.016726,0.0084935,0.00047679,0.00056064,0.0014584,0.0003762,0.0003798,0.00022489,0.00018608,0.00014378,0.00036424,0.0014783,0.0016626,0.0031561,0.0019014,0.0023618,0.0027995,0.0040584,0.0043247,0.002041,0.0021173,0.0028483,0.0051789,0.0051888,0.036044,0.03039,0.03595,0.041841,0.01013,0.0045031,0.0037879
7,0.0021389,0.0016976,0.0020849,0.0014298,0.0049153,0.005774,0.0034864,0.0024989,0.00762,0.011824,0.0039019,0.01099,0.014686,0.0097924,0.0029142,0.0050491,0.0051886,0.0032407,0.0028146,0.0033597,0.001671
7,0.0059281,0.0055628,0.0050027,0.0040632,0.0051084,0.0012041,0.0014028,0.0029541,0.029421,0.015531,0.010138,0.0022055,0.00048441,0.00039539,0.00094787,0.00030439,0.0033193,0.0046086,0.010596,0.0085849,0.0078466,0.024786,0.061489,0.095963,0.10532,0.14639,0.027238,0.031892
7,3.6835e-05,0.00020947,0.00062469,0.00037902,8.5446e-05,0.00079563,0.00063601,0.0012445,0.00049276,0.00059238,0.0003491,0.0008102,0.0030376,0.0038053,0.0078216,0.0036645,0.002231,0.0025037,0.001232,0.0018887,0.0022961,0.0032978,0.0052264,0.0066072,0.0035775,0.0095207,0.010958
7,7.6225e-05,0.00029052,0.0001419,0.001981,0.0030012,0.0026763,0.0046453,0.0044937,0.0026596,0.0011873,0.00079886,0.00052678,0.0010633,0.0035388,0.0049848,0.00079332,0.00039602,0.0010197,0.00051292,0.0006083,0.0013111,0.0015051,0.0016609,0.0017062,0.0040884,0.0094157,0.0080776,0.011318,0.019221,0.013222,0.005681,0.0029482,0.030267,0.03271,0.023358
7,0.0027909,0.0025219,0.0022119,0.0047685,0.0070145,0.012828,0.041198,0.03353,0.017046,0.0034579,0.0019342,0.0036965,0.0035157,0.0063741,0.0086141,0.0092748,0.038389,0.026653,0.031116,0.010944,0.0034919,0.0064901,0.011431,0.007958,0.0085366,0.0044407,0.0061772
7,2.4669e-05,0.00010623,9.8956e-05,0.00050541,0.0006982,0.0011294,0.0027514,0.00085511,0.0014824,0.0032604,0.001063,0.0031618,0.0064177,0.0061368,0.014216,0.0080065,0.0035025,0.019357,0.0090116,0.002405,0.0077414,0.010019,0.0038306,0.0037175,0.011166,0.0059237,0.013018,0.010817,0.020123,0.018611,0.052268,0.052381,0.065996,0.039138,0.032275,0.013134,0.015617,0.0058376
7,0.00040492,0.00053992,0.0009223,0.00040547,0.00024775,0.0023862,0.0020041,0.0020599,0.001208,0.0019688,0.0027934,0.0019546,0.0027608,0.0047545,0.0044601,0.0037547,0.0058264,0.0032465,0.001825,0.0039681,0.0049162,0.0036586,0.012422,0.011852,0.0064915,0.0031092,0.0061594,0.013097,0.01594,0.010962,0.016172,0.0080821,0.012478,0.0093702,0.019134,0.0094749,0.0073214,0.0053817,0.011461
7,3.318e-05,0.0032164,0.0036819,0.00016406,0.0006357,0.00021043,0.00013789,0.00016936,0.00013348,0.00023895,0.00078846,0.0018767,0.0013544,0.0053335,0.003299,0.00076167,0.0005388,0.00074101,0.0018384,0.0013123,0.001825,0.00072385,0.019182,0.0049944,0.0036539,0.0076839,0.01632,0.0011222,0.0018665,0.0020814,0.0029888,0.0031706,0.0084919,0.0094757,0.018983,0.014545,0.010668,0.0066809,0.0062618,0.027913
7,0.0070417,0.10329,0.20256,0.074762,0.01743,0.058683,0.017952,0.047831,0.09824,0.043401,0.019415,0.024451,0.013881,0.039611,0.015362,0.019426,0.017695,0.0086946,0.0036296,0.0015913,0.0057062,0.002544,0.0075093,0.019718,0.012197,0.0074947,0.037046,0.056796,0.027945,0.022335,0.02651,0.019978,0.02192,0.040099,0.03883,0.011385,0.0041749,0.0026181,0.0021423,0.021447
7,0.00081418,0.005077,0.0044404,0.0032636,0.0033391,0.0034254,0.0062613,0.027164,0.022895,0.050678,0.013801,0.011117,0.010445,0.034129,0.027876,0.035213,0.052995,0.088793,0.051376,0.02753,0.010369,0.028814,0.046363,0.046752,0.028974,0.041201,0.05391,0.023179,0.034111,0.025176,0.033357,0.030809,0.016169,0.010892,0.010304,0.010543,0.0062548,0.005557,0.0061145
7,7.7642e-05,0.001415,0.0012016,0.0010804,0.00011995,0.00094164,0.000473,0.00065709,0.00052976,0.00054598,0.0049659,0.0039826,0.0036695,0.0087675,0.01109,0.013275,0.020667,0.024834,0.031677,0.030798,0.011068,0.0056766,0.027748,0.028554,0.14307,0.051538,0.07928,0.030603,0.021278,0.012759,0.0071651,0.0039306,0.0029664,0.0028152,0.0038042,0.0032081,0.0070152,0.0067918,0.0056385,0.0073001,0.0062696,0.0023323,0.0017159,0.0010246,0.0014153,0.0040566
7,0.00049088,0.0025646,0.0053091,0.0027335,0.0023599,0.021456,0.01237,0.038447,0.040623,0.030819,0.020573,0.014323,0.013784,0.011348,0.0093963,0.017789,0.028392,0.019391,0.012092,0.0054623,0.0053485,0.007947,0.0072543,0.012655,0.012226,0.045389,0.024349,0.027839,0.026326,0.0023824,0.00087509,0.00056465,0.00041351,0.00055857,0.016246,0.025211,0.029226,0.017762,0.017949,0.015607,0.0084431,0.0097832,0.0050789,0.0024788,0.0071099
7,0.0001563,0.00049117,0.00026043,0.00029615,0.00043071,0.00066984,0.00030736,0.0010845,0.0029757,0.0074627,0.012184,0.024893,0.020303,0.0099192,0.099852,0.044581,0.020562,0.034228,0.022871,0.011073,0.018947,0.0087139,0.00529,0.0065889,0.0056742,0.0033723
7,0.00042353,0.00021766,0.003054,0.00074307,0.00014641,1.0595e-05,3.6786e-05,5.4398e-05,3.6654e-05,0.00019995,0.00068472,0.0012611,0.0017874,0.003069,0.001665,0.0024982,0.0061594,0.0098186,0.0019835,0.0016063,0.0023181,0.0054708,0.0042415,0.0050812,0.0047285,0.0037121,0.008136,0.011389,0.0068776,0.0069928
7,0.00026643,0.0036415,0.0057436,0.0016547,0.00091984,0.0024326,0.00033182,0.00048796,0.00080842,0.00020495,0.0012181,0.0013974,0.02097,0.010044,0.0093158,0.005812,0.0046327,0.001323,0.0013373,0.002869,0.001215,0.001938,0.050216,0.063787,0.013624,0.005639,0.018638,0.010889,0.011467,0.023111,0.030718,0.0096284,0.010523,0.012566,0.010923,0.0093441,0.017083,0.002547,0.0023655
7,0.0032232,0.74331,0.28275,0.034615,0.013444,0.0019286,0.0001312,0.00044357,0.00046421,9.3534e-05,0.0011059,0.0026107,0.0075626,0.026361,0.094144,0.15449,0.14908,0.092911,0.10819,0.034984,0.013938,0.01008,0.015992,0.0092314,0.01981,0.016755,0.012549,0.030124,0.067696,0.021397,0.022561,0.0089562,0.0024922,0.0017607
7,1.6874e-05,0.0053832,3.9305e-05,0.00013633,0.0017067,0.00079434,0.0011287,0.00056643,0.00016601,0.00035603,0.0024173,0.0026867,0.0031699,0.0047427,0.0010369,0.0010263,0.002102,0.0016901,0.0019639,0.02689,0.025763,0.047941,0.056638,0.048924,0.026082,0.018545,0.017206,0.032993
7,0.00073057,0.0047407,0.0018251,0.0016703,0.00053636,0.00036007,0.0003138,0.00025029,0.00039641,0.0010327,0.0015464,0.005003,0.00687,0.0024456,0.0020442,0.004006,0.0022826,0.0063289,0.0038928,0.0055943,0.0042887,0.013929,0.008339,0.030844
7,0.00039241,0.00052999,0.0005926,0.00030131,0.0034376,0.0031439,0.0010597,0.0025116,0.0033415,0.012045,0.011569,0.0050903,0.0082916,0.0063204,0.021888,0.03794,0.01364,0.0047243,0.0041716,0.0022416,0.0019334,0.0032716,0.0022584
7,0.0078337,0.059542,0.15828,0.1236,0.017847,0.055926,0.012281,0.012719,0.0019217,0.0088784,0.012372,0.024229,0.086822,0.1461,0.041257,0.011247,0.028785,0.012621,0.01401,0.0053554,0.0084833,0.029989,0.036112,0.054646,0.14882,0.13585,0.15749,0.080427,0.086211,0.047726,0.054535,0.038169,0.0076726,0.029312
7,0.00035101,0.00037251,0.00022537,0.00018994,5.3801e-05,0.00014358,6.6859e-05,4.4153e-05,4.9139e-05,0.00044416,0.00026645,0.0012035,0.0058862,0.0062094,0.001664,0.0008778,0.0011392,0.0028228,0.001186,0.00096925,0.00059659,0.00097495,0.0010048,0.0016895,0.009891,0.0020171,0.0025443,0.0026119,0.0047701,0.0019426,0.026209
