1,8.1268e-05,0.00013322,7.6166e-05,6.7771e-05,0.00058371,0.00053242,0.0021011,0.0019538,0.0011113,0.001452,0.0013462,0.0018935,0.003524,0.0068548,0.0086724,0.0065719,0.0039356,0.0018383,0.0015225
1,9.7781e-05,0.00021432,0.00029316,0.00011091,0.00012745,0.00040372,0.00013882,0.00018235,0.00012523,0.00011902,0.00026233,0.00049663,0.00013232,0.00016747,0.00022247,0.0004277,0.0014187,0.0024088,0.0087867
1,0.00011014,9.9544e-05,0.00029315,0.00065841,0.00030715,0.00035484,0.00019067,0.00011748,5.6591e-05,0.0001097,0.00022524,0.00026212,0.00017849,0.0014381,0.0012889,0.00073243,0.0013334,0.0016351,0.0013387
1,0.0065874,0.0061852,0.0017011,0.00055496,9.3012e-05,5.6694e-05,8.2632e-05,4.3285e-05,6.036e-05,8.5666e-05,9.9714e-05,2.9725e-05,5.3851e-05,0.00013018,0.00071078,0.0014739,0.00017071,0.0038104,0.0018392,0.00059179,0.004876,0.0038567,0.0079528
1,1.4336e-05,2.7095e-05,1.6196e-05,1.0712e-05,2.6872e-05,9.2533e-06,1.8685e-05,1.5947e-05,3.1049e-05,2.8764e-05,4.0387e-05,0.00012774,7.2986e-05,0.00050772,0.00041242,0.00025207,0.00048838,0.00094036,0.00063594
1,0.00019563,0.00070086,0.00038606,0.00013296,3.8774e-05,2.9545e-05,2.9843e-05,6.2712e-05,5.5566e-05,0.00052476,0.00048573,0.0014395,0.00055311,0.00092954,0.0010789,0.00088029
1,5.4235e-05,0.00012721,0.00041573,0.00013324,8.4249e-05,7.1336e-05,3.045e-05,3.1614e-05,0.0001367,0.00010626,0.00020269,0.00046233,0.0007922,0.00050783,0.00042347,0.0005297,0.0003775,0.00023732,0.00022556,0.00094498,0.0034751
1,0.00012853,0.019391,0.0062315,0.001007,0.00088386,0.00038083,0.00033734,0.00028097,6.7595e-05,7.107e-05,8.9105e-05,0.0010102,0.00068392,0.0016747,0.0014434,0.0017319,0.0012313,0.0031543,0.0020791,0.00055122
1,1.4658e-05,0.01057,0.00076848,3.6809e-05,9.6682e-05,9.7971e-05,0.00012456,0.00037112,0.00063355,0.00094262,0.0034317,0.0044724,0.0025021,0.0021108,0.0022217,0.0024064,0.0017215
1,8.3443e-05,4.9817e-05,0.00011073,0.0001986,8.0883e-05,0.0001243,0.00011623,0.0002171,0.00082594,0.00040209,0.00043525,0.00022589,9.6201e-05,0.00024256,0.00033854,0.00047138,0.00089962,0.00092643
1,4.286e-05,2.2873e-05,0.00010641,6.504e-05,4.0248e-05,7.756e-05,6.416e-05,6.2187e-05,0.0001239,0.00048037,0.00046482,0.00051666,0.00054673,0.0014181,0.0013485,0.0013114,0.00088839
1,0.00015159,0.00018374,0.00017936,0.00029752,0.00028136,0.00055557,0.00029697,0.00036541,0.00025568,0.00017893,0.00021084,0.00054279,0.00080416,0.0010132,0.00069547
1,6.1593e-05,5.6092e-05,5.0711e-05,0.00011379,0.00016189,0.00011913,0.00022789,0.00037805,0.00029979,0.00020575,0.00021143,0.00017434,0.00039776,0.00087546,0.00075657,0.0015102
1,1.1382e-05,9.0016e-06,8.9398e-06,9.8267e-05,0.00084103,0.00076677,0.00030862,0.00055113,0.00095456,0.0007297,0.00050647,0.00024727,0.00018534,0.00021839,0.00038961,0.00050924,0.0006896,0.0011933
1,0.0028404,0.0086668,0.001691,0.00052742,0.0012229,0.0018572,0.00060091,0.00044176,0.0011486,0.00097512,0.00041976,0.0011773,0.00046281,9.0471e-05,8.9631e-05,6.63e-05,2.6359e-05,9.4075e-05,0.00026091,0.00067715,0.0012617,0.0011399,0.0013567,0.0042395,0.005779,0.0017005,0.0015532,0.0039754,0.0033614,0.0020212,0.00049453,0.0010928
1,1.6756e-05,2.4642e-05,2.5921e-05,1.996e-05,4.7896e-05,5.2708e-05,4.8921e-05,0.00026481,0.00027564,0.00024904,0.00030832,0.00048443,0.00038749,0.00011058,0.00014904,0.00016163,0.00010956,0.00010797,0.00063088,0.00061139,0.00035298,9.8526e-05,0.00027503,0.00015836,8.116e-05,0.0002601,0.00092693,0.00079243,0.00068087,0.00084178,0.0010913
1,0.011335,0.0062278,0.00022867,7.3951e-05,7.9837e-05,4.7497e-05,0.00010904,0.00038719,0.000678,0.0018481,0.0010461,0.00033922,0.00050217,0.00023368,0.00012984,0.0001778,0.00026755,0.00016736,0.0011024,0.0030936,0.0033741,0.0053069
1,0.00027948,0.0019188,0.0028159,0.001768,0.0078103,0.0016484,0.0019231,0.00011245,0.00012067,0.0004032,0.0001542,0.00018076,0.00022051,0.00020995,5.6942e-05,8.879e-05,0.00018779,8.7164e-05,8.141e-05,0.00013336,0.0001592,0.00030512,0.00050243,0.0035433,0.0045613
1,0.00035069,0.00081411,3.5432e-05,1.9031e-05,5.3217e-05,8.9961e-05,0.00010737,0.00026956,0.00033023,7.3536e-05,9.1865e-05,6.1347e-05,2.8078e-05,5.3626e-05,0.00016263,0.00021563,0.00065214,0.0018421,0.0012978,0.00089205
1,0.00033298,0.0012988,0.00020218,0.00017417,0.00017724,0.00026052,0.00010459,0.00028526,0.00042271,0.00042691,8.1927e-05,8.2712e-05,2.7573e-05,2.3481e-05,1.9508e-05,3.337e-05,5.5063e-05,0.00015737,0.00055378,0.0010154
1,0.0076526,0.073074,0.040361,0.016843,0.012841,0.012628,0.01036,0.0013874,6.5755e-05,7.1696e-05,8.5069e-05,9.2258e-05,8.9338e-05,6.88e-05,0.00047943,0.00072321,0.001054,0.00072344,0.00090816,0.00068539,0.00044656,0.0009122,0.0027487,0.0031909
1,0.0010197,0.00098802,0.0012032,0.00034975,0.00022427,3.0042e-05,1.8559e-05,3.2843e-05,0.00028053,0.00016579,0.00020358,0.00028778,0.00034099,0.00044228,0.0011496,0.00046873,0.0011788,0.0013265,0.0011975,0.00054688,0.0006624,0.0011634,0.00099023,0.0016338,0.0013038
1,0.00025764,0.00071411,0.00047343,0.00038651,4.1349e-05,5.5613e-05,7.7243e-05,9.7351e-05,9.2239e-05,1.1981e-05,4.5391e-06,3.6454e-06,6.2208e-06,1.71e-05,6.6629e-05,0.00014219,0.00051462,0.0003278,0.00037086,0.00055121,0.00064236,0.00075018,0.00034707,0.000716,0.0017362,0.00079524,0.0015292
1,0.00015486,0.0011614,0.0023274,3.9899e-05,1.6926e-05,1.878e-05,0.00017093,0.00011562,3.2533e-05,2.8574e-05,3.8089e-05,0.00016295,0.00012374,0.00064904,0.00097621,0.00040036,0.00076162,0.00048789,0.0012127,0.0014893,0.001307,0.001771,0.0021136,0.0015698,0.0012931
1,0.00013692,7.9985e-05,7.056e-05,2.7813e-05,1.7779e-05,4.1885e-05,5.1054e-05,8.9255e-05,0.00014322,5.8327e-05,2.6296e-05,3.7504e-05,0.00011708,8.3167e-05,0.00035295,0.00056704,0.00029218,0.00013076,0.0001175,7.633e-05,0.0013226,0.001031,0.0013205,0.0040442,0.0067892,0.012397
1,2.1613e-05,6.3901e-05,8.2325e-05,0.00021198,0.00037088,0.00017527,0.00026311,0.00025926,0.00040252,0.00054038,0.00046717,0.00095252,0.0011887,0.00065036,0.00044923,0.00028952,0.00020435,0.00027399,0.0003271,0.00031755,0.00048889,0.00019728,0.00076568,0.00082566,0.00039222,0.00026517,0.0010761,0.0017076,0.0036658,0.0044416,0.0044066,0.0024729,0.0011296
1,0.00019268,0.00021679,0.0001794,0.00046147,0.00034095,0.00022011,0.00017457,0.00035112,0.00017799,0.00039009,0.00038107,0.00045837,0.00083342,0.0010357,0.001278,0.0018141,0.00042998,0.00012252,0.00011061,6.6421e-05,4.6647e-05,4.6413e-05,0.00034407,0.00032208,0.00049048,0.0012813,0.0033587,0.0012722,0.001189,0.0013439,0.0017227,0.0028545,0.002593,0.0013148,0.0011723
1,3.3305e-05,6.1742e-05,0.0002094,0.0001946,0.00022316,0.00015155,8.6788e-05,6.3904e-05,0.00011064,0.00015089,0.0002933,0.00020415,0.00010555,0.00011294,0.00014299,0.00020313,0.00011168,0.00051379,0.0002828,0.00033305,0.00039969,0.00076559,0.0008067,0.00127,0.0012183,0.0014173,0.0012814,0.00161
1,0.00036323,0.002201,0.0012788,0.0012166,0.0033074,0.0011168,0.00088021,0.00084386,0.00065075,0.00048135,0.00040274,0.00052731,0.00083194,0.00023372,0.00017844,0.00013205,0.0002317,0.00041564,0.00034457,0.00040188,0.00026798,0.00027416,0.00026675,0.00042486,0.0015268,0.0011506,0.0014409,0.0010097,0.001073,0.0012551,0.00076433,0.001686
1,7.9017e-05,0.0011819,0.0028498,0.0031606,0.0040916,0.0021485,0.0011022,0.00024562,0.00044545,0.00022953,0.00037206,0.00034144,0.0048384,0.0018663,0.0014394,0.0017868,0.0012119,0.0017942,0.0011193,0.0017736,0.00025953,0.0004266,0.00058038,0.0002238,0.00014171,0.00023062,0.0012275,0.0016625,0.001657,0.0007648,0.00051666,0.00079716,0.0014139
1,8.795e-05,0.00018053,0.00026007,0.00015163,0.00014843,0.00031118,0.00025262,0.00049702,0.000156,0.00010011,0.00012991,4.2568e-05,4.2299e-05,8.5566e-05,0.00011236,0.00020164,0.00097233,0.0051219,0.0046379,0.00064212,0.0009769,0.00096817,0.00027221,5.2079e-05,7.6506e-05,5.9196e-05,0.0001099,0.00012779,0.00014141,0.00074248,0.00072972,0.0013674,0.0016451,0.00094318,0.00096089,0.00074677,0.0006098,0.00040595,0.0015566,0.0015295
1,9.1514e-05,0.000185,0.00080497,0.00010009,0.00015791,0.00064934,0.0010494,0.00078391,0.0005436,0.00041085,0.00053076,0.00019498,0.00043407,0.00039297,0.0013052,0.00093673,0.00079374,0.00051067,0.00055533,0.00041208,0.00026123,0.00025472,0.00029159,0.00029882,0.0001803,0.00021518,0.00047768,0.00076596,0.0013237,0.0015568,0.0017574,0.001637,0.0015035,0.00085963,0.0027838,0.0016895,0.0012006
1,0.00013465,0.00027906,4.9491e-05,3.5036e-05,5.2033e-05,7.6904e-05,5.9769e-05,0.0001036,3.7099e-05,6.6147e-05,6.7802e-05,6.4925e-05,9.3662e-05,0.00020658,0.00026229,0.00021268,0.00031231,0.0021549,0.00061535,0.00056995,0.00049944,0.00045832,0.000302,0.00035207,0.0004557,0.0005723,0.00052822,0.00064304,0.00078046
1,6.3215e-05,0.00014252,8.2747e-05,8.1237e-05,0.00020428,0.0008755,0.00037115,0.00073747,5.2529e-05,3.6053e-05,2.2558e-05,2.6113e-05,2.3397e-05,0.00015672,0.00041741,0.00018295,8.628e-05,0.00013769,9.9725e-05,0.00041518,0.0006107,0.00091883,0.0004264,0.0004288,0.0014146,0.0015506,0.0012324,0.0011144,0.0019518,0.0018892
1,1.7791e-05,0.00013265,6.8431e-05,2.7217e-05,3.6474e-05,2.8059e-05,3.1054e-05,2.9479e-05,0.00023741,0.00010756,0.00020434,8.0614e-05,9.0783e-05,8.6469e-05,0.00017742,0.00021464,0.00014985,0.00017828,0.00017733,0.0002861,0.00019598,0.00031055,0.00083439,0.00099044,0.00094052,0.00064981,0.0016325,0.0016003
1,1.8231e-05,5.7905e-05,5.4594e-05,5.6695e-05,0.00035906,0.00043315,0.00037866,0.00019917,0.00020262,0.00028006,0.0002515,0.00012804,0.00012633,0.0001151,0.00031306,0.00045771,0.0010041,0.0015587,0.0013766,0.0017781,0.0026893,0.0027738
1,0.00022058,0.00048966,0.00035601,0.00062327,0.00021422,9.9547e-05,7.7857e-05,0.00015634,0.00012358,7.4815e-05,0.00013066,0.00026021,0.00012722,0.00031213,0.00038138,0.00061389,0.00058004,0.00065439,0.0008778,0.0006037,0.00062632,0.00075779
1,2.2757e-05,1.5919e-05,3.2162e-05,4.3211e-05,9.7368e-05,0.00017205,0.00022737,8.7977e-05,6.5054e-05,7.6393e-05,0.00029054,0.00031322,0.0001268,9.3419e-05,0.00010408,8.3879e-05,0.00014477,0.00020543,0.00053473,0.0016346,0.001571,0.0012813,0.0016024,0.0016148,0.0014693
2,3.1205e-05,4.2467e-05,5.2478e-05,6.2302e-05,0.00015698,9.3859e-05,0.00013015,5.5876e-05,6.176e-05,5.0165e-05,1.8674e-05,1.8626e-05,3.9917e-06,0.00012612,9.6077e-05,0.00022259,0.0004496,0.00058428,0.0016577
2,4.9021e-05,3.6079e-05,7.4886e-05,8.9201e-05,0.00018993,0.00028021,0.00027102,0.0012545,0.00036353,0.00011412,0.00023479,0.00021682,0.00034262,0.00062233,0.00064881,0.00078939
2,0.00018713,0.00037231,0.00034312,0.00015447,9.3175e-05,0.00015587,0.00041168,0.00011318,8.91e-05,8.8885e-05,7.3901e-05,6.5349e-05,0.00040891,0.002289,0.00073469,0.0008039,0.00081018,0.00073896,0.00064934,0.00055446,0.0008318,0.00063163
2,0.00016556,0.00013412,0.00015807,0.00037351,0.00029656,0.00024194,0.00011557,0.00011886,0.00022637,0.00025768,0.00015741,0.00027402,0.00015847,0.00023762,0.00067601,0.0011545,0.00078897
2,0.00056878,0.00048708,0.00041682,0.00036139,0.00048625,0.00029195,0.0003837,0.00057664,0.0010208,0.0010549,0.0001197,8.805e-05,5.787e-05,2.6251e-05,1.9925e-05,0.0052433,0.00047226,0.00013794,0.00018673,0.00025968,0.00036672,0.00046875,0.00067557,0.0011221
2,3.2453e-05,4.9067e-05,3.4238e-05,3.3466e-05,5.5055e-05,6.4847e-05,7.2773e-05,0.00022334,0.00025994,0.00017657,5.5427e-05,0.00010013,3.1697e-05,5.9978e-05,0.00022122,0.0004216,0.00082467
2,0.00049103,0.00029425,0.00019974,0.00022793,0.00038751,0.00053031,0.00095788,0.0012857,0.00080959,0.00089581,0.00068751,0.0001987,3.1466e-05,3.4697e-05,2.5425e-05,8.2133e-05,0.00050077,0.00062051,0.00046478,0.00031567,0.00038393,0.0017862,0.0017657,0.0023677
2,0.0012422,0.0030687,0.00078093,0.00060377,0.00016838,7.8457e-05,8.4063e-05,0.000103,0.00010325,0.00049943,0.00061742,0.00013189,0.00027881,0.00018542,0.00018479,0.00022459,0.00028314,0.00030778,0.0015509,0.0030605,0.0033635
2,0.00029359,0.0015454,0.00049774,1.9108e-05,1.4024e-05,1.2638e-05,1.3833e-05,2.0062e-05,1.4308e-05,2.7673e-05,0.00032413,0.00030749,0.00055971,0.0024055,0.0013337
2,4.4567e-05,6.9795e-05,6.4247e-05,6.9317e-05,2.6383e-05,3.6684e-05,3.1086e-05,0.0001657,0.00051894,0.00074228,0.0005854,0.0005342,0.00052943,0.00033408,0.0003755,0.00065781,0.0012242
2,0.00025227,0.0030725,0.025888,0.0013222,0.0039714,0.00097355,9.5958e-05,5.3488e-05,0.000122,4.7287e-05,4.9297e-05,8.3798e-05,0.00031828,0.00012111,0.00026259,0.00075977,0.00033011,0.00043165,0.0012245,0.0013399,0.00060605,0.00090886
2,0.00084432,0.0012345,0.00022991,0.00011343,0.00015051,0.00023197,0.00016187,0.00017109,0.00011765,9.9039e-05,7.5283e-05,0.00025474,0.00030533,0.00034513,0.001047,0.00092347,0.0010011
2,5.6534e-05,0.00011565,5.7365e-05,4.0954e-05,1.4649e-05,2.3803e-05,2.8946e-05,4.6175e-05,6.1758e-05,0.00051279,0.00039478,0.00052863,0.001105,0.0012985,0.0015435
2,3.4265e-05,0.00035788,0.00062973,0.00076749,0.00014569,0.00022494,0.00022934,0.00013098,0.00010014,8.2853e-05,7.9082e-05,4.688e-05,0.00019607,0.0005475,0.00055497,0.00039229,0.00045892,0.00085485,0.00053186
2,4.7186e-05,0.00019459,6.6857e-05,6.9616e-05,4.7943e-05,4.7818e-05,2.7653e-05,3.2126e-05,6.6755e-05,0.00014724,0.00027667,0.00025115,0.00091016,0.0011282,0.00099989
2,0.00013394,0.00012864,0.0001336,0.00027182,0.00014834,0.00041926,0.00038777,0.0011984,0.0023903,0.0013049,0.00099948,0.00034664,0.00020984,0.00019589,0.00021024,0.00021673,0.00085347,0.00072594,0.0010421
2,0.0021945,0.0019774,0.0017792,0.00076644,0.00064498,0.001258,0.00055215,0.00037124,0.00041348,0.0002889,0.00024889,0.00064097,0.00051027,0.0011539,0.00063348,0.00035312,0.00033924,0.00054889,0.0008287,0.00067613,0.00074183,0.00063033,0.0012265,0.00048125,0.00055154,0.00063681,0.00084581,0.0010174,0.00084364
2,2.2164e-05,1.2528e-05,5.6324e-05,6.8259e-05,3.2491e-05,2.825e-05,2.2684e-05,1.3922e-05,5.5456e-05,6.4497e-05,6.2518e-05,3.8925e-05,2.6768e-05,2.7149e-05,4.7589e-05,0.00025234,0.0028481,0.00091161
2,1.4081e-05,1.3733e-05,1.4714e-05,1.3122e-05,3.1123e-05,3.1748e-05,2.2326e-05,2.1945e-05,1.1443e-05,5.898e-05,0.0044231,0.00037601,0.00042844,0.00010801,0.00020299,0.00011013,0.000479,0.00098661,0.0012986,0.0010669,0.0010668
2,5.486e-05,5.2831e-05,0.00010067,0.0001275,0.00016671,0.00012325,0.00010244,0.00012624,0.00020557,0.00010689,0.00044723,2.2908e-05,1.7359e-05,2.1964e-05,0.00012558,0.00043472,0.00069431,0.00061537
2,0.00014283,0.00013675,0.00016154,0.00013081,0.00015908,4.347e-05,6.5119e-05,0.00013705,7.588e-05,5.1596e-05,4.4809e-05,2.9132e-05,4.5504e-05,0.00062351,0.0017647,0.0049139
2,7.0082e-05,5.6864e-05,5.9439e-05,9.8387e-05,0.00016181,0.0001803,0.00010477,8.9228e-05,8.5156e-05,0.00010898,0.00027429,0.0001182,0.0001593,8.2183e-05,9.7502e-05,0.00011105,0.00025753,0.00018827,0.00077969,0.00068237
2,0.00032527,0.0010527,0.00027852,0.00029552,0.00022791,0.00025997,0.00044082,0.00095159,0.0010037,0.00020298,0.00012433,8.9108e-05,5.7063e-05,5.5793e-05,0.00056235,0.00026587,0.00010667,0.00013185,0.00020469,0.00016486,0.00052224,0.00075724,0.0011835,0.00089003,0.00017794,0.00010138,0.00023041,7.8456e-05,1.4495e-05,0.00054582,0.00033436,0.00023565,0.0012529,0.0012155,0.004502
2,0.00012517,0.00018744,4.2736e-05,2.6533e-05,2.2018e-05,3.504e-05,2.0758e-05,3.8152e-05,1.9136e-05,2.9713e-05,8.1962e-05,0.00037542,0.00012179,0.00015693,0.00013644,0.00015369,0.00016058,0.0013478,0.0012116,0.0001182,0.00013293,4.4209e-05,3.5604e-05,7.0499e-05,0.00049381,0.00044066,0.00055077,0.0010702,0.0010667,0.0015296
2,0.00013609,0.00016404,0.000157,0.00011329,0.00028042,0.00040833,0.00026582,0.00039897,0.00047825,0.00043924,0.00045882,0.00027938,0.00010333,0.00025362,0.00020581,6.8895e-05,0.00010583,9.0531e-05,0.00012664,7.1439e-05,8.3991e-05,8.1386e-05,0.00014238,0.00022528,0.00066535,0.00055909,0.00054215,0.00073563,0.00089481
2,5.4097e-05,6.1707e-05,0.00010206,3.7853e-05,6.2446e-05,4.6972e-05,5.6077e-05,9.1094e-05,0.0001287,0.00014526,0.00012166,0.00011263,4.3891e-05,3.3927e-05,5.0491e-05,2.5588e-05,2.145e-05,0.00017014,0.00044387,0.00017524,0.00010591,0.00028863,0.00029055,7.687e-05,0.00025097,0.00037167,0.00020549,0.00079819,0.00080462,0.00099231
2,0.00031531,0.0002424,0.00026375,0.00012367,8.2371e-05,0.00043238,0.00036045,0.0012875,0.001771,0.0006725,0.00051787,0.00057039,0.00066941,0.00042846,0.00049551,4.1655e-05,2.6946e-05,8.2038e-05,4.0734e-05,7.7976e-05,0.00058202,0.00081224,0.00065571,0.00044191,0.00018142,0.00012859,3.1628e-05,2.6419e-05,4.9259e-05,0.00018421,0.00011002,0.00017053,0.00076026,0.00053674
2,0.0011905,0.0012531,0.0007861,0.00073622,0.00067251,0.0009025,0.0013549,0.0014151,0.00090601,0.00053546,0.00049906,0.00089835,0.0010537,0.0014294,0.00093397,0.00053667,0.00038559,0.00037628,0.00024948,0.0001911,0.00017041,0.00053533,0.00029673,0.00018938,1.8185e-05,1.7124e-05,1.1492e-05,1.8263e-05,8.6194e-06,0.00013902,0.00021674,0.0002362,0.00074272,0.0011095,0.0012231,0.0010515,0.00076868,0.00085965
2,0.00010598,9.7295e-05,6.0254e-05,3.0702e-05,1.739e-05,2.1466e-05,3.0782e-05,3.6688e-05,8.7125e-05,6.7835e-05,0.00016392,0.00011364,0.00011068,0.00058778,4.0336e-05,3.3368e-05,5.2204e-05,5.1394e-05,1.4854e-05,0.00014583,0.00024623,0.00010702,0.00024967,0.00019511,6.6508e-05,6.7318e-05,8.8953e-05,0.00020824,0.00021611,0.00045692,0.00040114,0.00032875,0.00072877,0.0010204,0.0012479
2,0.00017116,0.00018808,0.00011146,3.7465e-05,7.867e-05,0.00012593,0.00025402,0.00026247,0.00018075,0.00029544,0.0002134,0.00023064,0.00028439,9.0316e-05,0.00015228,0.00014712,0.00011621,0.00011521,0.00066935,0.00090563,0.0010133,0.0001732,0.0001451,0.00014009,0.00013446,2.7578e-05,0.00030294,0.00039121,0.0002877,0.00090069,0.00066544,0.00057884
2,0.00033674,0.00065068,0.00066667,0.00019806,0.00020874,0.0004303,0.00030622,0.00039185,0.00023441,0.00020975,0.00028933,0.00028148,0.00034495,0.00047313,0.00021768,9.3997e-05,0.00012708,9.1367e-05,7.4023e-05,0.00015729,0.00015443,0.00022511,0.00016486,5.5774e-05,4.0469e-05,6.056e-05,8.2537e-05,2.8891e-05,0.00012619,0.00012693,9.3558e-05,0.00014415,0.00030773,0.00069117
2,0.00064469,0.0019383,0.0009368,0.00033141,0.00022065,0.00018368,8.2855e-05,5.1228e-05,4.551e-05,2.3183e-05,4.0867e-05,2.6876e-05,8.6743e-06,2.036e-05,0.00012726,0.00029912,0.00026755,3.8005e-05,2.2722e-05,3.2659e-05,5.7124e-05,0.00063996,0.0019772,0.0025153
2,0.0006172,0.0022774,0.00072423,0.00057774,0.00057912,0.00022881,8.5592e-05,0.00015974,0.00015323,4.5317e-05,4.8871e-05,7.0799e-05,7.0822e-05,2.456e-05,2.5441e-05,1.822e-05,2.6062e-05,0.00011883,0.00037864,0.00083361
2,0.0011033,0.0013875,0.0016568,0.00099868,0.002817,0.0024516,0.0010332,0.00062019,0.0012194,0.0011104,0.00047355,0.00043547,0.00031225,0.0001019,2.9782e-05,1.4808e-05,1.156e-05,3.0115e-05,0.00014478,0.0011784
2,0.00043984,0.00069477,0.00087399,0.0010451,0.00076375,0.00062556,0.00051841,0.00039954,0.00038857,0.00017631,0.00030682,0.00029867,6.099e-05,7.2902e-05,6.2255e-05,5.532e-05,3.5627e-05,1.8194e-05,1.6587e-05,3.2202e-05,3.4374e-05,0.00056844,0.0010161
2,0.00043803,0.00061292,0.00068672,0.00016805,0.00028965,0.0010827,0.00042601,6.4078e-05,0.0001511,0.00012009,7.9894e-05,3.2676e-05,0.00014821,0.00011636,4.1957e-05,4.7858e-05,5.3232e-05,3.2374e-05,9.0588e-05,0.00068331,0.0013243
2,0.00039403,0.00075201,0.0021753,0.00020321,0.00022305,0.00034611,0.00020108,0.00017159,0.00026306,0.0003002,0.00022694,5.6862e-05,3.3429e-05,1.5621e-05,1.7434e-05,8.0321e-06,1.0466e-05,6.9737e-06,2.6497e-05,0.00022611,0.0011892,0.00074995,0.00094253
2,0.0011998,0.00057131,0.0010815,0.00077561,0.00064753,0.00054188,0.00055564,0.00067826,0.00010586,0.00021547,0.00013499,0.00023107,0.00013224,0.00016609,6.6836e-05,7.3215e-05,4.9956e-05,5.2089e-05,4.5862e-05,0.00014913,0.0003896,0.0010906,0.0007661,0.0011316
2,0.00094126,0.0020515,0.00021772,0.00018327,0.00020137,0.00021631,4.1601e-05,7.0613e-05,4.865e-05,0.00020018,3.2267e-05,0.00012396,0.00059281,0.00038215,0.00076638,0.00092984,0.00066721,0.00024068,0.00041397,0.00071263,0.0019505,0.00053305
2,0.00020019,5.879e-05,5.5313e-05,7.2252e-05,0.00023477,0.00015212,8.4153e-05,0.00010172,8.5627e-05,5.6746e-05,0.00014506,0.00032177,0.00013948,8.6698e-05,3.6905e-05,3.363e-06,1.8977e-05,3.1941e-05,7.9881e-05,4.6749e-05,0.00018302,0.00029722,0.00026621,0.00038324,0.00025834,0.00021004,0.00039997,0.00034026,0.00034802,0.00077336,0.0010692,0.0010415,0.00077284
2,0.00010004,0.00011683,0.00012844,5.1957e-05,0.00010539,9.4284e-05,0.00048354,0.00042316,2.4012e-05,1.3797e-05,1.2433e-05,5.6432e-05,2.0298e-05,0.00018477,0.00040209,0.00085543,0.0010046,0.00049344,0.00061039,0.00031686,0.00040092,0.0012406,0.0018017
2,0.00019112,0.00019604,0.00018713,1.9323e-05,2.0626e-05,3.1031e-05,0.00011014,3.4245e-05,2.3984e-05,4.4212e-05,0.00010103,3.2448e-05,4.4343e-05,7.1007e-05,2.7076e-05,9.688e-05,0.0001503,8.3548e-05,0.0001055,5.9326e-05,0.00019564,0.00041099,0.00087926
2,8.4968e-05,0.00040618,7.0372e-05,8.0006e-05,0.00016309,0.00028158,9.2229e-05,1.8048e-05,3.1795e-05,8.5565e-05,6.2589e-05,6.3558e-05,0.00035894,0.00020069,0.00026193,9.3713e-05,9.1634e-05,0.00015027,0.00014934,0.00050124,0.0008997,0.00084528
2,0.00039693,0.00094629,0.00089362,0.00084403,0.00011866,0.00021317,0.00032774,0.00052768,0.00074388,0.002578,0.00237,0.00028712,5.208e-05,6.9623e-05,3.0623e-05,2.8908e-05,0.00017126,0.00037315,0.0010505,0.0008133,0.00075944,0.0013846,0.0021997,0.0014046,0.00052659,0.00053381,0.00047739,0.0011092,0.00098672,0.0016907
2,0.0012832,0.0020159,0.0022238,0.00098513,0.00076554,0.00079588,0.00094013,0.00029447,0.00021089,6.2262e-05,2.877e-05,7.445e-05,6.6732e-05,6.1619e-05,4.4458e-05,0.00019775,0.00049029,0.00012615,4.8697e-05,0.00023471,2.3586e-05,1.9218e-05,6.4148e-05,0.00019142,0.00086293,0.0017122,0.0025385,0.0012978
2,7.5733e-06,4.3311e-05,0.00017149,1.196e-05,1.0803e-05,4.6883e-05,4.895e-05,6.8983e-05,0.00011944,7.4888e-05,3.1215e-05,2.7531e-05,5.5613e-05,3.3953e-05,4.6179e-05,0.00016319,7.8002e-05,5.1928e-05,1.6927e-05,3.1397e-05,0.00011777,0.00023674,0.0014165,0.0013221
2,0.0001764,0.00042141,0.00023923,0.00016089,0.0003731,0.0003427,0.0004488,0.00026918,0.00020021,0.00011237,0.00041687,0.00047717,0.00026822,0.00096121,0.0021268,0.0025687,0.0020098,0.00010766,4.9608e-05,6.0764e-05,3.1884e-05,3.8587e-05,6.2616e-05,4.7021e-05,0.00046254,0.0005191,0.00031022,0.00015122,0.00033678,0.00057893,0.0012771,0.00082213
2,0.0011756,0.00088107,0.00093328,0.00098338,0.00089523,0.0013684,0.0013529,0.0012534,0.00087547,0.00059334,0.00029929,0.00057633,0.0010149,0.00024718,0.00021433,0.00011685,0.00015087,0.00030199,0.00018278,5.3225e-05,5.4221e-05,4.7055e-05,2.218e-05,2.6796e-05,4.2152e-05,8.2038e-05,5.6471e-05,0.00033939,0.0011123
2,0.00027492,0.0026391,0.0010401,0.00051107,0.00020589,0.00027087,4.8152e-05,0.00010616,0.00014875,8.263e-05,0.00043728,0.00025457,0.00023944,0.0001233,0.00013025,0.00030013,0.00018023,0.00013981,4.3883e-05,0.00020859,2.448e-05,4.5593e-05,3.8589e-05,0.00021456,0.00047326,0.00043521,0.0011008,0.0011744
2,0.00064075,0.00065366,0.00035212,0.00021114,0.00053252,0.00085772,0.0011925,0.0013001,0.0011727,0.00070095,0.00087126,0.0016611,0.0011249,0.0007315,0.0016565,0.0026977,0.0015601,8.0487e-05,0.00044122,0.001389,0.0021523,0.0016138,0.00056212,0.00051583,0.00061234,0.0018742,0.0026143,0.0039644
2,0.00077469,0.00093414,0.00045662,0.00031168,0.00020754,0.00010381,0.00013821,0.00031977,0.0076742,0.0079191,0.008116,0.0064839,0.0057701,0.00021572,0.00014819,0.00010051,2.7598e-05,3.2715e-05,4.7461e-05,8.2611e-05,5.4499e-05,0.0013861,0.0001527,0.0003125,0.00010493,8.865e-06,9.8813e-06,2.7513e-05,2.8916e-05,0.00037805,0.00044453,0.00099607,0.0012459,0.0017244,0.0016025,0.0013486
2,0.00060746,0.0002971,0.00020916,0.00015691,0.0002071,0.00023814,0.00031498,0.00037378,0.00016276,0.00010328,0.00015825,0.00015279,0.00026123,0.00033638,0.0018089,0.0028654,0.00060965,0.0013058,0.00094412,0.00088846,0.00040931,0.00063814,0.00080806,0.00085919,0.0015337,0.00097667,0.00095392
2,0.0018449,0.0034908,0.0031986,0.00269,0.0023067,0.0013127,0.0013413,0.0013565,0.00113,0.001497,0.0020769,0.0013656,0.00048827,0.0004541,0.00018186,0.00016892,0.00017782,2.6348e-05,0.00012247,1.2707e-05,1.8968e-05,6.9566e-06,5.3238e-05,0.00013379,0.00021019,0.0014395,0.0023556
2,9.4309e-05,0.00030911,0.0013257,0.00083872,0.00078828,0.0012322,0.00046795,0.00014077,0.00012179,0.0001066,7.4095e-05,5.9784e-05,0.00015969,0.001637,0.00046175,0.00020803,0.00032371,0.00022298,0.00044037,0.00038991,0.00027354,0.00029761,0.00020385,0.000349,0.00031337,0.00077525,0.0001873,0.00021682,0.0002348,0.0015829,0.0010673,0.0012648,0.0012887,0.0010259,0.0010246,0.0011415,0.001324
2,0.0015147,0.00068678,0.00044006,0.00030034,0.00025233,0.00027587,0.00041603,0.00050054,0.00081483,0.0016207,0.0011049,0.00045821,0.00046902,0.00082531,0.0010937,0.00081438,0.00055745,0.0010473,0.0019212,0.0012981,0.00090423,0.00068877,0.00056886,0.0011982,0.0012822,0.00078597,0.00065756,0.00038968,0.00028207,0.00020631,0.00034615,8.1471e-05,4.7801e-05,3.109e-05,6.5254e-05,3.9184e-05,3.3177e-05,0.00020727,0.00016235,6.9925e-05,0.00010503,0.00017127,0.00030596,0.00048833,0.0017885
2,3.3336e-05,0.00021572,0.00098632,0.0013837,0.00023303,0.00022199,0.00017851,0.00017333,0.00021536,0.00020284,0.00025263,0.00025769,0.0001968,0.00024524,0.00040467,0.00066801,0.0013992,0.00028997,0.00060525,0.00043405,0.00075714,0.00056396,0.00092461,0.00039268,0.00045812,0.00041091,0.00021152,8.0974e-05,0.00014522,0.00022218,0.00048662,0.00046292,0.00031813,0.00028079,0.00032017,0.00060391,0.00046239,0.00045412,0.00089581
2,0.00022893,0.00034157,0.00073196,0.001036,0.0008351,0.0004975,0.00020617,9.3688e-05,8.0982e-05,2.1335e-05,1.8329e-05,1.8711e-05,1.2359e-05,7.9244e-05,0.0001655,0.00031415,0.00048073,0.0006444,0.00038566,0.00054268,0.00053007,0.00071243,0.00080676,0.00022664,0.00019085,0.00011032,0.00021883,0.00051725,0.0016204,0.0011477,0.00089109,0.000998,0.00082006,0.00081352,0.00049524,0.00089741
2,0.00038976,0.00047366,0.0011264,0.00086678,0.00091316,0.0007884,0.00064429,0.0010215,0.00064394,0.00029944,0.00024672,0.00017259,0.00016664,0.00017032,0.00022146,0.00066696,0.0021641,0.00054261,0.0008129,0.00044957,0.00047309,0.00053303,0.00090894,0.00038174,0.00017626,8.4191e-05,6.0512e-05,5.0099e-05,2.5507e-05,3.0962e-05,2.5693e-05,0.00018444,0.00072298,0.00060045,0.00064888,0.00099685,0.00089809,0.00066877,0.00063746,0.00031629,0.00062857
2,0.0002225,0.00095472,0.00034198,0.00034871,0.00028544,0.00049409,0.00093183,0.0008517,0.00039263,0.00030963,5.8512e-05,8.7158e-05,0.00013487,0.00013335,0.00038269,0.00062937,0.000751,0.00098875,0.00035637,0.00040284,0.00026246,0.0002246,0.00011651,0.00031409,0.00046567,0.00068919,0.0011105,0.0016881,0.0014971
2,0.00064755,0.00050264,0.00057144,0.00082906,0.00017683,5.9092e-05,4.6258e-05,7.2177e-05,8.2437e-05,7.3199e-05,3.6877e-05,0.0001407,0.00020479,4.6785e-05,2.5122e-05,2.9202e-05,3.0245e-05,3.4533e-05,5.1718e-05,0.00011116,5.2778e-05,0.0002599,0.00010364,9.6976e-05,0.00018659,0.0001956,0.00027512,0.00033352,0.00060613,0.00093729,0.0011628,0.0010261
2,0.00010057,0.0010314,0.0001678,6.0579e-05,2.2447e-05,5.1377e-05,5.9094e-05,6.5322e-05,4.1487e-05,4.1361e-05,4.6096e-05,7.1346e-05,8.0501e-05,6.7751e-05,8.9334e-05,0.00026508,9.7198e-05,0.00033598,0.0005946,0.00077256,0.00029651,9.4936e-05,8.8905e-05,7.3908e-05,0.00083375,0.0012451,0.001143
2,2.6602e-05,4.0833e-05,2.9066e-05,2.0792e-05,2.4415e-05,5.7201e-05,5.9241e-05,4.1815e-05,0.0001255,7.3712e-05,0.0001294,0.00015091,0.00011224,0.00017362,0.00020582,0.00018585,0.00015363,0.0002818,0.00019771,0.00023432,0.00018949,0.00022621,0.00033368,0.00071979
2,0.00078924,0.0014438,0.0012641,0.00091766,0.0017017,0.0012876,0.0014729,0.0013241,0.0012195,0.0012548,0.0013827,0.00069305,0.00014878,0.00016949,0.00013643,0.00012987,0.00013675,0.00018622,7.3317e-05,4.7546e-05,8.0337e-05,2.8893e-05,1.875e-05,1.9787e-05,2.4234e-05,1.5072e-05,5.6762e-05,0.00013413,9.5594e-05,7.3043e-05,0.00018761,0.00044162
2,0.0007339,0.0011022,0.0015193,0.00086862,0.00075375,0.00056391,0.00063948,0.00055023,0.00071903,0.00018849,0.00023687,0.00014422,0.00039192,0.00015767,0.0001279,0.00018155,4.9615e-05,0.00074394,0.00013116,5.5659e-05,0.00013155,0.00013006,8.1649e-05,6.594e-05,6.2898e-05,7.4099e-05,7.402e-05,0.00011912,9.4781e-05,0.00021986,0.00039855,0.00063113,0.0010277
2,0.00016592,0.00045326,6.9029e-05,1.1197e-05,3.1702e-05,1.8897e-05,2.505e-05,6.1002e-05,5.1979e-05,0.000115,0.00010129,7.0279e-05,8.4109e-05,5.2711e-05,4.5223e-05,4.9844e-05,0.00011808,0.00014159,0.00014676,0.00018534,0.00015789,0.00013813,0.00019784,0.00068322,0.0016613
2,0.00070137,0.00067692,0.00068959,0.00058519,0.00029958,0.00080283,0.00015176,0.00010795,0.00013103,0.00011286,2.5173e-05,3.2006e-05,4.2407e-05,0.00010774,0.00029079,0.00010236,0.00010043,3.0288e-05,1.1098e-05,1.1467e-05,1.2228e-05,6.3733e-05,0.00011478,0.00041304,0.00041833,0.00037402,0.00045615,0.00062647,0.0005559,0.00080148,0.00040502,0.00079466
2,0.00014385,0.00015901,0.00011199,7.8989e-05,0.00020095,0.00016053,0.00015682,0.00011461,0.00017949,0.00055039,0.00088823,0.00024875,0.00027849,0.002163,0.0023213,0.00018486,0.00050728,0.00020903,0.00014365,0.00030907,0.00069515,0.0018484
2,0.00093211,0.00068129,0.00067145,0.00042286,0.0008838,0.00046508,0.00049694,0.00061403,0.002086,0.00084811,0.00057602,0.00056043,0.0003412,0.0002,0.00028071,3.5753e-05,3.4266e-05,3.7437e-05,8.4562e-05,8.3128e-05,0.00025634,0.00034641,0.00049002,0.00053084,0.00072419,0.00095418,0.00097559
2,0.00033591,0.00027592,0.00022473,0.00031044,0.00011245,7.3905e-05,5.3824e-05,6.1348e-05,4.3969e-05,0.00047706,0.00013634,1.8429e-05,5.1291e-05,3.5467e-05,5.8736e-05,0.00088037,0.00019566,0.00016897,9.4656e-05,8.6178e-05,0.00037817,0.00088209,0.0011003,0.0011845,0.0012837,0.001421
2,4.2312e-05,0.00014141,0.00022574,0.00013354,0.00015551,7.4998e-05,7.9876e-05,3.4457e-05,4.8684e-05,0.00038338,0.00056288,0.0001741,8.681e-05,6.4719e-05,9.9134e-05,7.7495e-05,8.8335e-05,8.714e-05,0.00022474,0.00037527,0.00037586,0.00063833
2,0.00040781,0.0003248,5.3034e-05,7.2515e-05,2.9378e-05,3.1875e-05,2.6629e-05,9.5424e-05,0.00043973,0.00048242,0.00034501,0.00064729,0.00045765,0.00072812,0.00051732,0.00083748,0.00056225,0.00046526,0.00077648,0.0014831,0.0011144,0.0008194
2,0.00011186,6.967e-05,8.2026e-05,4.9731e-05,9.7842e-05,4.4302e-05,1.6772e-05,1.0572e-05,1.3985e-05,9.5169e-05,0.00048576,0.0012798,0.00019915,0.00018254,0.0001626,0.00020469,0.00035421,0.00023723,0.0013721,0.000432,0.00048683,0.0012117,0.0012176,0.00066408,0.00094298
2,1.1625e-05,3.0849e-05,6.0792e-05,6.3446e-05,7.7238e-05,0.00019526,0.00011739,0.00011259,0.00015097,0.00015292,0.00025084,0.00070592,0.00051736,6.0758e-05,4.1567e-05,6.4041e-05,3.6462e-05,5.4638e-05,0.00073064,0.00053474,0.00049961,0.0002491,0.00024661,0.00027829,0.00037806,0.00029891,0.00061978
3,0.26376,0.74152,0.60287,0.27417,0.2652,0.11866,0.33018,0.20806,0.087099,0.053325,0.047183,0.062308,0.11386,0.15011,0.13823,0.062172,0.0054972,0.001989
3,0.12394,0.22381,0.40365,0.1227,0.086433,0.42603,0.62869,0.72729,0.68747,0.43519,0.33885,0.12496,0.073764,0.060509,0.010768,0.028168,0.088471,0.035005,0.0091409
3,0.090085,0.19418,0.84416,0.58761,0.42983,0.21834,0.051227,0.060926,0.056768,0.018961,0.016658,0.012425,0.012713,0.034207,0.086524,0.28429,0.49119,0.71734,0.72549,0.60418,0.58492,0.74304,0.52416,0.67536,0.72078,0.80305,0.917,0.82405,0.57412,0.12953,0.023199
3,0.5933,0.47621,0.36546,0.041999,0.1089,0.29417,0.39381,0.31432,0.19482,0.24729,0.70344,0.5156,0.37628,0.46882,0.69102,0.47303,0.24297,0.18983,0.025168,0.0018873,0.0022317
3,0.32194,0.63082,0.73653,0.62265,0.6784,0.54859,0.4321,0.037959,0.020552,0.033075,0.01702,0.017984,0.032987,0.063449,0.04168,0.17589,0.17691,0.30751,0.24246,0.23697,0.66734,0.6226,0.7409,0.49411,0.62298,0.38305,0.24888,0.06334,0.0063765
3,0.0613,0.048309,0.15687,0.17396,0.15443,0.21735,0.24307,0.093522,0.074147,0.02825,0.029623,0.022243,0.017621,0.014173,0.0083089,0.014565,0.010577,0.010012,0.0080927,0.0097396,0.01019,0.013001,0.011049,0.062322,0.06068,0.09945,0.24292,0.43027,0.45529,0.64583,0.63055,0.54402,0.81737,0.40918,0.2184,0.11629,0.081604,0.014878,0.0060507
3,0.086918,0.11342,0.051771,0.036229,0.10031,0.25761,0.58832,0.50855,0.58984,0.48006,0.32251,0.19321,0.13546,0.039192,0.042205,0.052181,0.015317,0.019513,0.01825,0.023984,0.028411,0.016016,0.016809,0.024463,0.061394,0.061055,0.21512,0.32047,0.75133,0.78526,0.69463,0.55973,0.30006,0.46573,0.20373,0.16778,0.56251,0.80231,0.78188,0.8181,0.61784,0.4534,0.50689,0.68824,0.81959,0.66755,0.53784,0.57538,0.31217,0.21089,0.090052,0.14831,0.16262,0.12213,0.0044436,0.003104,0.011988
3,0.026506,0.053666,0.51201,0.030264,0.081549,0.059514,0.10208,0.074737,0.027283,0.02927,0.016994,0.0089288,0.015365,0.025065,0.018467,0.052679,0.2038,0.011372,0.014944,0.011903,0.015286,0.0266,0.027551,0.050319,0.052706,0.19472,0.16265,0.064584,0.056436,0.033963,0.027475,0.0066323,0.015709,0.053766,0.12453,0.079825,0.25746,0.21256,0.062523,0.062682,0.060866,0.27733,0.23177,0.30343,0.17862,0.20771,0.080685,0.076638,0.02925,0.019816,0.0064709,0.0026318,0.0029372,0.0029104
3,0.0066398,0.029462,0.066259,0.089638,0.11756,0.36845,0.5,0.44063,0.29126,0.22014,0.18602,0.48486,0.29093,0.5,0.5,0.65522,0.41803,0.42599,0.35217,0.2213,0.15737,0.10678,0.15274,0.42427,0.41136,0.34556,0.30852,0.22494,0.43305,0.18263,0.15781,0.12584,0.069403,0.047913,0.0364,0.022002,0.02106,0.007385,0.0056858
3,0.038163,0.22185,0.63255,0.80111,0.91808,0.7395,0.78056,0.58348,0.3729,0.34778,0.37801,0.12336,0.34165,0.579,0.74764,0.68753,0.65436,0.5055,0.48048,0.34056,0.31241,0.50655,0.68344,0.69902,0.51394,0.042735,0.041948,0.0076333,0.0041433,0.00077945,0.0015097,0.0061482,0.0012342,0.0016649
3,0.13073,0.76662,0.16236,0.52282,0.59301,0.69496,0.74659,0.82458,0.51049,0.58789,0.25223,0.29984,0.4019,0.51989,0.42717,0.64483,0.249,0.14782,0.20133,0.21358,0.25999,0.7528,0.87113,0.89551,0.90387,0.78574,0.43924,0.34228,0.21413,0.024239,0.01725,0.020728,0.0049151,0.0021586,0.0018763
3,0.083244,0.4217,0.42916,0.46902,0.54353,0.49487,0.20469,0.45144,0.34198,0.67926,0.45978,0.44012,0.31117,0.27324,0.14673,0.47838,0.43784,0.41721,0.51672,0.31599,0.14326,0.090111,0.046005,0.040342,0.40492,0.41757,0.52425,0.64245,0.78565,0.34561,0.11446,0.19571,0.34954,0.51228,0.19703,0.40323,0.39859,0.377,0.042811,0.011234,0.014855,0.013431,0.012659,0.018466,0.047664
3,0.42966,0.62912,0.72845,0.43464,0.2711,0.11731,0.11022,0.15889,0.34555,0.57678,0.72032,0.72426,0.25382,0.024168,0.033608,0.029559,0.021025,0.016914,0.013052,0.039666,0.10548,0.23736,0.38542,0.6288,0.30439,0.45607,0.42572,0.81502,0.8711,0.70871,0.81297,0.82961,0.10783,0.04966,0.0088732
3,0.4229,0.34512,0.2646,0.13626,0.11919,0.15482,0.3965,0.54484,0.43145,0.46245,0.35351,0.38327,0.33349,0.33814,0.44839,0.50711,0.49173,0.53425,0.12584,0.034163
3,0.016196,0.038458,0.12202,0.072755,0.045558,0.072474,0.098319,0.1897,0.19056,0.33487,0.47469,0.63455,0.51463,0.64811,0.52047,0.36033,0.16841,0.016057,0.0012927,0.0019267
3,0.77443,0.8006,0.55081,0.047761,0.0096115,0.014401,0.017945,0.015875,0.069346,0.25186,0.4782,0.43102,0.15224,0.032075,0.021836,0.021001,0.016716,0.018718,0.011132,0.010707,0.019501,0.01873,0.019751,0.016289,0.01359,0.072841,0.096486,0.23252,0.30501,0.65029,0.6404,0.67684,0.58395,0.35161,0.23583,0.26789,0.12149,0.15727,0.12303,0.010763,0.0093391
3,0.18277,0.66579,0.77877,0.12186,0.21404,0.1326,0.12176,0.22273,0.5236,0.64633,0.49052,0.41349,0.28402,0.3182,0.3032,0.21878,0.17212,0.14847,0.0382,0.053633,0.047891,0.040633,0.01114,0.0063372
3,0.89483,0.98212,0.95092,0.68169,0.52151,0.83083,0.78825,0.91322,0.57826,0.41553,0.35758,0.27605,0.10526,0.16451,0.18479,0.22508,0.26749,0.39932,0.012161,0.010626,0.042922,0.11605,0.12684,0.16903,0.74439,0.79752,0.58588,0.64987,0.72427,0.56354,0.58808,0.38849,0.091708,0.093995,0.058629,0.10698,0.19365,0.094207,0.0080147,0.0094146
3,0.01566,0.040494,0.20275,0.19583,0.05634,0.021024,0.025809,0.021804,0.022458,0.012495,0.029046,0.029955,0.022062,0.038948,0.012741,0.007168,0.0085818,0.010345,0.0066559,0.0038623,0.0055935,0.012334,0.011262,0.054142,0.059396,0.027995,0.029795,0.031955,0.010357,0.023226,0.041225,0.013559,0.010838,0.0032661
3,0.0082294,0.02268,0.06478,0.059691,0.050078,0.042111,0.067924,0.053812,0.047978,0.08134,0.12253,0.096788,0.040606,0.021092,0.021669,0.061294,0.23936,0.10997,0.061088,0.022192,0.0085694,0.0032482,0.0049256,0.0044338,0.0084399,0.0071157,0.0058766,0.0046698,0.0044233,0.0031835,0.024272,0.013865,0.0098792,0.0094647,0.025285,0.013463,0.010342,0.046622,0.024938,0.054483,0.27981,0.24549,0.15673,0.13459,0.13812,0.074009,0.078192,0.042889,0.0098074,0.0035437,0.0017093,0.0018119
3,0.047888,0.23399,0.38196,0.48546,0.52946,0.19368,0.12071,0.09923,0.40862,0.20895,0.7858,0.86961,0.68691,0.70648,0.66313,0.86484,0.86776,0.88285,0.9461,0.90172,0.82427,0.56256,0.30433,0.2539,0.703,0.56335,0.39156,0.45065,0.38529,0.56455,0.52501,0.44386,0.30187,0.1067,0.04646,0.005402,0.007288
3,0.088101,0.40464,0.49218,0.55934,0.75912,0.70228,0.5934,0.47801,0.015003,0.011441,0.015632,0.021139,0.014192,0.013712,0.013385,0.0065543,0.0066814,0.0070199,0.0060707,0.0086669,0.14286,0.018388,0.019591,0.097601,0.067633,0.20415,0.35133,0.64848,0.24524,0.15345,0.16615,0.089754,0.035812,0.010616,0.0094348,0.0070625,0.0058615,0.0079524,0.0078008,0.0094948,0.0074335,0.011292,0.0083156,0.028088,0.17941,0.15464,0.14724,0.21577,0.24398,0.054078,0.047306,0.015657,0.016556,0.013389,0.016302,0.014631,0.013446,0.0099853,0.0073083,0.011744,0.0072761,0.0085836,0.043996,0.054555,0.23808,0.64456,0.36028,0.176,0.24066,0.22412,0.20037,0.20084,0.04431,0.0073693,0.0045521,0.0039804,0.0035157
3,0.48354,0.811,0.95949,0.8992,0.92096,0.75749,0.57349,0.68257,0.56927,0.78822,0.7247,0.54754,0.68227,0.97452,0.95696,0.82284,0.57328,0.22853,0.24977,0.16654,0.28791,0.65524,0.49405,0.5111,0.33179,0.38691,0.52083,0.84373,0.76142,0.81529,0.83151,0.8635,0.87882,0.70483,0.58118,0.67592,0.41158,0.026057,0.010335,0.0078238,0.0055912
3,0.063877,0.43456,0.20947,0.50741,0.38345,0.31448,0.23174,0.21516,0.075645,0.10791,0.04838,0.056056,0.039253,0.10233,0.20997,0.15193,0.11858,0.12883,0.24529,0.1201,0.074381,0.21397,0.11329,0.20723,0.17869,0.15795,0.15741,0.056044,0.096688,0.15568,0.063804,0.02525,0.01908,0.026689,0.018191,0.021079,0.019064,0.014145,0.015977,0.017069,0.042688,0.076884,0.076094,0.048231,0.048162,0.10537,0.085265,0.026317,0.032515,0.036427,0.053093,0.17057,0.17183,0.059673,0.093187,0.063244,0.04028,0.010708,0.0044063,0.0035024
3,0.19423,0.73113,0.8625,0.81735,0.79803,0.7114,0.54929,0.46403,0.23643,0.19991,0.17027,0.22918,0.51932,0.41643,0.23378,0.3343,0.40888,0.21115,0.25466,0.17628,0.1576,0.11598,0.13604,0.32314,0.58176,0.48532,0.267,0.34061,0.21825,0.16956,0.027985,0.023883,0.021316,0.012597,0.0022298,0.0014184,0.0017135,0.0018735
3,0.0061429,0.010209,0.054031,0.025288,0.0031307,0.044579,0.030081,0.043413,0.038936,0.048539,0.02811,0.025874,0.016724,0.0099447,0.022838,0.011223,0.011404,0.017316,0.018113,0.032382,0.023701,0.036191,0.029232,0.030459,0.035572,0.015103,0.006891,0.005442,0.0053233,0.006882,0.00355,0.0036786,0.0077331,0.0051733,0.0061007,0.0056921,0.023296,0.021382,0.017095,0.032054,0.031717,0.018145,0.025698,0.016995,0.021864,0.020926,0.022728,0.026298,0.014629,0.0064046,0.0021641,0.0015528,0.0018486
3,0.32273,0.41833,0.93027,0.87456,0.73515,0.40973,0.25105,0.10744,0.15719,0.11558,0.066488,0.031901,0.01075,0.017053,0.014841,0.012022,0.013189,0.0080899,0.018831,0.01912,0.059524,0.086844,0.44971,0.57459,0.29795,0.2152,0.022118,0.0054706,0.034097,0.020641,0.038273,0.11539,0.83584,0.89289,0.77578,0.21254,0.1434,0.16801,0.17987,0.15687,0.23636,0.15293,0.21772,0.12801,0.078826,0.086336,0.01254,0.012269,0.012847,0.0092,0.0081332,0.0070471,0.0060707,0.0067768,0.0092684,0.022225,0.090148,0.096481,0.084599,0.096255,0.3628,0.29857,0.19719,0.26392,0.18285,0.050792,0.0094579,0.010803,0.010543,0.01695,0.050817,0.059871,0.070678,0.35452,0.54164,0.43474,0.18002,0.022639,0.014115,0.035352,0.037162,0.053431,0.085657,0.2205,0.16859,0.11164,0.022763,0.0044864,0.0025568,0.0049044
3,0.28954,0.67049,0.95227,0.97506,0.97005,0.98479,0.98882,0.9654,0.94882,0.89221,0.90097,0.11064,0.030302,0.04331,0.37796,0.52969,0.59141,0.88713,0.8694,0.96906,0.90601,0.79368,0.96393,0.94842,0.79054,0.50575,0.37107,0.73311,0.84774,0.74042,0.90133,0.84148,0.55015,0.21994,0.1317,0.10408,0.23229,0.24303,0.27127,0.46199,0.44731,0.3692,0.66402,0.82365,0.42892,0.36833,0.28508,0.054519,0.031766,0.0098937
3,0.0074242,0.0060981,0.004619,0.005131,0.017368,0.0054944,0.01608,0.01092,0.013422,0.008204,0.017755,0.025411,0.033088,0.018678,0.011082,0.0082916,0.0099566,0.010383,0.040935,0.031456,0.053858,0.027414,0.06136,0.021184,0.006891,0.0076852,0.0077013,0.013562,0.011772,0.0064537,0.0060687,0.0053899,0.0063114,0.055516,0.081073,0.11667,0.17325,0.13586,0.13974,0.074191,0.045124,0.02235,0.0086948,0.0032587,0.0060557,0.0070345,0.0080571,0.0049932,0.0041731,0.011964,0.020346,0.023995,0.0337,0.24975,0.070606,0.050517,0.046537,0.050428,0.043493,0.04148,0.021241,0.012581,0.027623,0.026521,0.031901,0.0089556,0.00451,0.0030063
3,0.072417,0.70755,0.25397,0.081689,0.042806,0.059679,0.017322,0.026589,0.093019,0.10856,0.028534,0.0095913,0.012963,0.020198,0.06443,0.050845,0.028148,0.0041908,0.011347,0.011424,0.017307,0.032413,0.038823,0.055505,0.042453,0.034326,0.069751,0.087186,0.10609,0.096162,0.042357,0.050033,0.026492,0.020044,0.033151,0.065708,0.035055,0.011691,0.0022056,0.0024702
3,0.090484,0.52235,0.59982,0.23527,0.55276,0.72088,0.82466,0.58163,0.58071,0.36987,0.18378,0.060903,0.055507,0.13651,0.075396,0.01887,0.0083157,0.066268,0.052171,0.062693,0.13375,0.040284,0.014364,0.014782,0.021799,0.19543,0.44766,0.45684,0.11522,0.15461,0.096221,0.034643,0.046747,0.21948,0.30366,0.16206,0.055967,0.0095529,0.0073471,0.0078142,0.399,0.1093,0.21893,0.39069,0.246,0.16848,0.5,0.25657,0.18213,0.16425,0.065318,0.034547,0.029323,0.0049312
3,0.084816,0.15439,0.16475,0.24148,0.46622,0.36773,0.25708,0.39616,0.16488,0.084286,0.038246,0.062827,0.055769,0.028051,0.013946,0.018648,0.0069066,0.0075111,0.006726,0.016143,0.01656,0.013605,0.0098278,0.0091948,0.012172,0.013443,0.020138,0.011285,0.019854,0.049015,0.03776,0.065222,0.077227,0.23157,0.032363,0.026356,0.036146,0.76828,0.70531,0.20328,0.27369,0.149,0.061951,0.030181,0.014795,0.0035001,0.002588
4,1.8263e-05,1.8607e-05,3.9861e-05,0.00049518,0.00078354,0.0012549,0.0025233,0.0027054,0.0074403,0.0043221,0.0049967,0.004632,0.0053317,0.0053685,0.002309,0.0011941,0.00079118,0.0014119
4,0.00055318,0.00082683,0.00073334,0.00059865,0.00096261,0.0013517,0.00077672,0.0018385,0.0020439,0.0026596,0.0079044,0.013861,0.023296,0.014952,0.012719,0.005175,0.0042142
4,0.039929,0.045302,0.043864,0.040163,0.067442,0.046076,0.042541,0.061871,0.03034,0.04325,0.0072077,0.008415,0.0027314,0.011316,0.0080166,0.0024579,0.0016811,0.0015848
4,0.00021489,0.00010011,9.1902e-05,0.00093941,0.0017072,0.0011473,0.0010023,0.0018514,0.0027843,0.0022533,0.0015622,0.0020076,0.0030897,0.002003,0.0035744,0.0018688,0.0022841,0.0030473
4,0.0004973,0.0001645,0.0002222,0.00035992,0.00055069,0.00014563,0.00030127,0.00025151,0.00047361,0.00036511,0.0035061,0.012423,0.0057522,0.0031573,0.0014759,0.0017527
4,0.00060999,0.0010793,0.0015207,0.012138,0.011685,0.0019567,0.0017787,0.0010298,0.0007231,0.00024103,0.0046421,0.013372,0.011937,0.0061682,0.0020084,0.0017365
4,0.00016497,0.0026656,0.0012771,0.0007198,0.00012923,6.1257e-05,0.00014764,0.00018789,0.00091726,0.00052997,0.001393,0.0041412,0.0054904,0.0072299,0.011003,0.011838,0.0041282,0.00081835
4,0.0011028,0.0026639,0.0015802,0.0013484,0.00097457,0.0024943,0.0016108,0.0010951,0.0016202,0.0027451,0.0021607,0.005318,0.011795,0.013382,0.011029,0.026584,0.026284
4,0.00025481,0.05902,0.0076581,0.0015307,0.0013818,0.00079125,0.0020373,0.00061411,0.0006396,0.00099841,0.0011556,0.0037852,0.0026018,0.003723,0.0044464,0.0037852,0.0014648,0.002602
4,0.0019713,0.016829,0.0072897,0.0024083,0.00089149,0.001355,0.00058429,0.00055415,0.0014714,0.0054679,0.0087462,0.014358,0.024742,0.0019739,0.0020108
4,0.00017199,7.9632e-05,0.00014873,3.0533e-05,7.1237e-05,0.00014153,0.0010198,0.0025355,0.0032622,0.0090312,0.01219,0.0037035,0.0098719,0.012622,0.0055386,0.0013858
4,0.0019131,0.0040005,0.0038601,0.0038018,0.00315,0.0026517,0.0013973,0.0050357,0.01286,0.0067639,0.0017655,0.00092787,0.0013916,0.0070473,0.017831,0.017279,0.01255,0.0036785
4,0.0055838,0.0054367,0.015522,0.017938,0.018896,0.021323,0.012582,0.010128,0.008754,0.008084,0.011057,0.01397,0.011413,0.0088056,0.0070036,0.011602,0.011096,0.011137,0.0051425,0.001596,0.001565
4,5.8257e-05,0.00021781,0.00080625,0.0014624,0.0038915,0.0046241,0.0037207,0.0049451,0.0026463,0.0022935,0.0022363,0.0039431,0.0050988,0.0086104,0.0018935,0.0021473
4,2.6917e-05,3.5229e-05,0.00031654,0.00016078,0.0019105,0.0040091,0.0046337,0.0020824,0.0014547,0.0040276,0.0081685,0.0051076,0.0037932,0.0024394,0.0025426,0.0050561,0.005668,0.0047187,0.0056614,0.001418,0.0025936
4,0.00046983,0.00038536,0.000242,0.00010835,0.00090256,0.00093687,0.0010464,0.0027913,0.0018287,0.00062223,0.0003408,0.00019448,0.00051322,0.00090784,0.00073875,0.0019848,0.0036376,0.0017878,0.001683,0.0021522,0.004664,0.0054622,0.0060428,0.003459,0.0040627,0.0036381,0.0044328,0.0073896,0.0058082,0.002944,0.0017408,0.0019066,0.0013755
4,0.00081724,0.00083172,0.00033813,0.0020811,0.0069635,0.0073737,0.011276,0.0059802,0.0049727,0.0035882,0.0014469,0.0028358,0.0056435,0.0034903,0.0054977,0.0057156,0.0045077,0.0038504,0.0037916,0.0089233,0.010724,0.0075763,0.016581,0.015852,0.0083078,0.011073,0.011349,0.007817,0.0084516,0.0033322,0.0023485
4,0.0029138,0.0058288,0.0062137,0.00081813,0.0011929,0.0019401,0.0050511,0.0044935,0.0054169,0.0026457,0.0011488,0.00076202,0.0010353,0.0013659,0.0014987,0.002812,0.0023743,0.0018499,0.0026249,0.0037216,0.0029928,0.0034026,0.0024304,0.001755,0.0021623,0.0028846,0.0040981,0.0035004,0.0041739,0.0029366,0.0015027,0.00075742
4,0.00098824,0.0015102,0.00050159,0.00061454,0.0031553,0.0042195,0.00073315,0.003081,0.0020492,0.0033455,0.0035553,0.0071932,0.014241,0.0058656,0.0029594,0.00079869,0.00040725,0.00058246,0.0049589,0.02083,0.038037,0.026983,0.0030167,0.0098665,0.018291,0.0052736,0.0058028,0.0050354,0.0042949,0.0036498,0.0014977,0.0019236
4,0.00062178,0.00049062,0.00025773,0.00014529,0.00036968,0.00050192,0.00038228,0.0007817,0.0016596,0.0062561,0.0048909,0.0045851,0.0013546,0.0015553,0.0013857,0.00050402,0.0004045,0.003629,0.006315,0.0082648,0.014154,0.009234,0.0037339,0.0026723,0.0040437,0.0027597,0.0068592,0.0042842,0.0029918,0.0020586,0.0018175,0.0016153
4,0.0017043,0.006276,0.00095677,0.0004721,0.00032933,0.00042497,0.00095916,0.00040869,0.0020743,0.0010294,0.00048964,0.00039121,0.00037472,0.00017786,0.00011589,0.00054767,0.0022753,0.0032102,0.0054719,0.0034487,0.0026184
4,0.29734,0.27727,0.035072,0.0016966,0.002913,0.0052047,0.0071143,0.0091659,0.0068789,0.0064717,0.0020435,0.00058409,0.00065879,0.0020398,0.0014943,0.009989,0.027268,0.013163,0.0044511
4,0.0025613,0.0021555,0.0014969,0.00079781,0.0014973,0.0044436,0.0053386,0.012947,0.013459,0.023978,0.016073,0.020868,0.0096647,0.0075452,0.017223,0.01155,0.020187,0.012093,0.012582
4,0.074367,0.19536,0.096469,0.062581,0.04358,0.032513,0.021764,0.043653,0.0093881,0.0026939,0.0024791,0.0012189,0.0005076,0.0039471,0.0037123,0.0037764,0.011597,0.0032929
4,0.00028366,0.0027911,0.0026828,0.00074167,0.0014533,0.0025792,0.0025411,0.00098532,0.00029053,0.00019056,0.00071003,0.00060071,0.0010705,0.0047754,0.0018466,0.0025079,0.0011291,0.0014657,0.0018871,0.0054812,0.006037,0.00732,0.0031178,0.0031748
4,0.009517,0.012357,0.002439,0.00022735,0.00016431,0.00020788,0.0060341,0.0030681,0.0031612,0.00075541,0.00076662,0.0015949,0.001794,0.0032646,0.0054022,0.0065096,0.0015619,0.0033474,0.0039003,0.0071111,0.0071065,0.0098795,0.0059534,0.0095413,0.0012069
4,0.0038237,0.017082,0.0014298,0.00081582,0.0019295,0.010525,0.0087129,0.0040107,0.0018165,0.0022817,0.0039404,0.001587,0.00098445,0.0065734,0.011359,0.0073143,0.0035286,0.0041064,0.0032856,0.006596,0.0072646,0.013376,0.003971,0.0015337
4,0.0039304,0.017717,0.014037,0.00216,0.0014652,0.0041766,0.0065625,0.0072629,0.0041553,0.0062615,0.020055,0.02664,0.043126,0.049605,0.10688,0.074484,0.056273,0.028623,0.018352,0.01462,0.0097189,0.010397,0.013672,0.001994,0.0032564
4,0.0036998,0.011487,0.0044504,0.0015833,0.0014667,0.00054015,0.00043568,0.0028296,0.0027604,0.0022778,0.0037473,0.0055471,0.0022942,0.002369,0.001061,0.0020427,0.0022482,0.0066403,0.012416,0.014592,0.027849,0.018149,0.016281,0.02126,0.017712,0.012263,0.0055338,0.0039246,0.0023474,0.0026603
4,0.0023325,0.042175,0.048028,0.021208,0.036728,0.010869,0.0075702,0.024946,0.027487,0.0067092,0.0080233,0.010037,0.002969,0.0047687,0.0057869,0.009587,0.0099252,0.0026868,0.0073049,0.010356,0.0099669,0.0077178,0.021873,0.029242,0.010988,0.019454,0.011273
4,0.0040737,0.0065047,0.0061686,0.013828,0.0070273,0.0014762,0.0021186,0.0070808,0.0033038,0.0047302,0.0078931,0.0063653,0.0030097,0.0085198,0.0133,0.007955,0.014135,0.014632,0.034978,0.046719,0.017403,0.0084611,0.040063,0.037256,0.014807,0.0048713,0.0085301,0.0048026
4,0.0001257,0.00019333,0.00025445,0.00028975,0.00033452,0.00071032,0.00035059,0.00052725,0.0009845,0.0011856,0.001169,0.0019547,0.0022406,0.001043,0.00065622,0.0010802,0.0014494,0.00075172,0.0007594,0.001037,0.0011513,0.0035549,0.0011999,0.0010087,0.00033426,0.0007898,0.00062006,0.00081648,0.0024849,0.0022294
4,0.00016201,0.00018033,0.00015811,0.00024677,0.00078116,0.0015344,0.00051235,0.0006789,0.00025263,0.00022725,0.00053815,0.00065553,0.00093045,0.0013649,0.0013127,0.0018818,0.0014936,0.0010551,0.0018989,0.0016677,0.00072035,0.0010355,0.001278,0.0036589,0.0054009,0.0086716,0.0089319,0.0046599,0.0033797,0.0028237,0.0013829
4,0.00081644,0.0020418,0.0014016,0.0012312,0.0032239,0.0013226,0.0041072,0.027095,0.020903,0.10655,0.2333,0.46226,0.079217,0.065082,0.043546,0.013633,0.0047436,0.0048597,0.0019303,0.0018512,0.0023242,0.0016592,0.0023383,0.012358,0.014491,0.0098903,0.0061634,0.0018959
4,0.0011858,0.0039631,0.0062096,0.0035196,0.0016691,0.0025915,0.0025289,0.0012867,0.0014859,0.0033469,0.0020539,0.0010431,0.0028631,0.0057393,0.0035514,0.0064101,0.003534,0.0030501,0.0057475,0.0055768,0.010275,0.0043921,0.0063286,0.0075904,0.010266,0.013033,0.034758,0.063336,0.099954,0.080532,0.052202,0.037519,0.011385,0.0046886,0.00090734,0.0017672
4,0.00010766,0.0019321,0.0039985,0.0015473,0.0077056,0.010893,0.0011176,0.0015422,0.0020491,0.0027746,0.0039707,0.0017109,0.0010989,0.0011973,0.0038528,0.0030875,0.0027016,0.0032008,0.0051911,0.0046584,0.0084374,0.0075221,0.010537,0.0027749,0.0024035,0.0018115,0.00091342,0.0009508,0.0030552,0.0088907,0.0073086,0.0071966,0.0054891,0.0038247,0.0011732,0.00063591,0.0018106
4,7.1355e-05,0.00040675,0.00038389,9.0987e-05,6.1507e-05,0.00020485,0.00015338,0.00017119,0.00030647,0.001045,0.0012861,0.0013153,0.0044079,0.0023757,0.0023067,0.0026729,0.002053,0.00034416,0.00050057,0.0016107,0.0017599,0.0027467,0.00052081,0.00033314,0.00030818,0.00049495,0.00073419,0.0015493,0.0023561,0.0039851,0.0056424,0.0053264,0.0047021,0.0066745,0.0040612,0.0022619,0.0012412,0.0025296
4,0.0026988,0.0075623,0.010317,0.005645,0.0042396,0.015393,0.047782,0.037499,0.013894,0.0056992,0.0021929,0.0022491,0.0070632,0.0079712,0.024648,0.0099764,0.021841,0.010458,0.0040388,0.0031273,0.011585,0.0051234,0.0063224,0.0048953,0.0047907,0.0041183,0.0057516,0.0039732,0.018197,0.018471,0.026088,0.023174,0.017335,0.01415,0.011662,0.0078005,0.0040494,0.0011336,0.0020519
4,0.00025296,0.00045575,0.0006484,0.00065174,0.00066405,0.00070856,0.0014867,0.00081559,0.0013064,0.0021158,0.00049963,0.0015532,0.0019495,0.0018051,0.0021403,0.010886,0.012263,0.012306,0.013527,0.010323,0.0087513,0.008933,0.0045874,0.0035478,0.0035359,0.0040705,0.0025028
4,0.00010767,0.0012928,0.00017635,0.00017345,0.00013442,0.00019178,0.00035275,0.00015923,0.00088079,0.00038885,0.0014175,0.0024536,0.0015541,0.0015098,0.00070616,0.00073421,0.00087558,0.00039051,0.0011483,0.0019325,0.0026683,0.0020194,0.0035264,0.0043961,0.0032844,0.0022073,0.0030118,0.0019911,0.0010848
4,0.000359,0.00040315,0.00021896,0.00027374,0.0002383,0.0016067,0.0012496,0.00067019,0.00075148,0.0016595,0.0028059,0.0073236,0.0072826,0.013955,0.011743,0.006742,0.001125,0.0050975,0.0085952,0.0034247,0.013929,0.0093253,0.0079127,0.005722,0.0044313,0.00094432
4,0.0043557,0.0040168,0.0049878,0.0038509,0.010615,0.010527,0.0067603,0.0029714,0.010124,0.0075188,0.010683,0.014225,0.031295,0.015928,0.012576,0.01523,0.020656,0.042726,0.08196,0.057022,0.060719,0.075083,0.019309,0.014859,0.0087238,0.0050008,0.0017054
4,0.00055968,0.00045586,0.00025213,0.0014573,0.0010189,0.00021582,0.00014621,0.00018161,0.00012768,0.00064384,0.0084169,0.0026351,0.0027067,0.003035,0.0090706,0.0055737,0.041142,0.0062688,0.0068063,0.0099365,0.012594,0.0041182,0.0015998
4,0.0018162,0.0015394,0.00063001,0.0034997,0.002533,0.0020342,0.0010579,0.0010192,0.00040364,0.0016993,0.00054681,0.00031557,0.00025005,0.00048447,0.006898,0.004658,0.02032,0.0044955,0.0023664,0.0030448,0.0030338,0.0019753,0.0013417
4,0.00013868,0.00019333,0.00011272,4.0448e-05,0.00050973,0.00090249,0.00077477,0.00085043,0.002812,0.0017976,0.0010452,0.00061036,0.00066032,0.00082482,0.0011243,0.024555,0.025739,0.011811,0.0032139,0.0056219,0.0024546,0.0028709,0.002458,0.001162
4,0.00017015,0.00030645,0.00024548,0.00021416,0.00033243,0.00016568,0.00025335,0.00020476,0.00035068,0.00041978,0.0022474,0.0050478,0.0034498,0.0059653,0.0034815,0.0081095,0.013084,0.027908,0.0050926,0.0075115,0.0064519,0.00763,0.0020569,0.0014951
4,0.0036083,0.0029379,0.0042602,0.0059275,0.0052009,0.0041786,0.0017773,0.0012928,0.0016287,0.0043888,0.0058279,0.0078556,0.008235,0.007076,0.019515,0.012224,0.019058,0.0091365,0.01567,0.016518,0.017194,0.0039595,0.002733
5,0.00042123,0.00021698,0.00015402,0.0002651,0.00025782,0.00060807,0.001107,0.00011265,0.00022047,0.00028116,0.00020017,0.00013458,0.00015699,0.00010843,9.5392e-05,0.00010286,0.0003979,2.6899e-05,0.00021525,0.00040781,0.00024249,0.00069701,0.0033897,0.0025137,0.0015868,0.0015795,0.0014957
5,0.00079173,0.0010002,0.0016145,0.0034414,0.0034701,0.0063013,0.0010774,0.00035744,0.00053933,0.00063951,0.00072749,0.0011639,0.0061153,0.0062356,0.0020891,0.0008962,0.00069943,0.00057133,0.0018897
5,2.0004e-05,1.118e-05,4.2442e-05,3.7015e-05,0.00027356,0.0013147,0.00025035,0.00038056,0.00077159,0.00077908,0.00050772,0.001356,0.0011677,0.00035969,0.0035467,0.0014846,0.0064062,0.0079677,0.008046,0.0028008,0.0031046,0.0022257,0.0018566,0.0025886
5,0.001041,0.10581,0.026731,0.034859,0.013,0.001234,0.0014039,0.00077848,0.00058988,0.0010464,0.001002,0.00043647,0.00018386,0.00025306,0.00021516,0.00040346,0.00025547,0.00053961,0.0021689,0.0020387,0.0011432,0.00095621,0.0015677,0.0014786,0.0016532
5,0.00017564,0.00042612,5.1156e-05,2.7787e-05,2.8146e-05,3.9441e-05,0.00023718,0.00038286,0.00033881,0.00028317,0.00057416,0.00050868,0.00030506,0.00097653,0.0012503,0.0010218
5,0.00028072,0.00026665,0.0010397,0.016919,0.017492,0.0052626,0.00082336,0.00049205,0.0015666,0.016796,0.0018051,0.0035405,0.0044839,0.0027661,0.0012464,0.002482,0.0052853,0.0028005,0.0016361,0.0011301,0.0017687,0.0029153,0.0083083,0.0041586,0.0045618,0.0026106,0.0021458,0.010524,0.012963,0.011398,0.011177,0.0029513,0.0028485
5,0.00021008,0.041719,0.057961,0.093263,0.047656,0.0048394,0.0015179,0.0019436,0.0019703,0.0024964,0.0020028,0.0058003,0.0078035,0.0040744,0.0031993,0.003017,0.0018778,0.0017759,0.0025371,0.0047559,0.0016847,0.0021962
5,0.00066863,0.087741,0.0038565,0.01195,0.0018346,0.0015916,0.00151,0.006328,0.013287,0.0086332,0.015456,0.010238,0.0044025,0.0023203,0.00092258,0.0014629,0.0014625,0.00066599,0.00072687,0.0021107,0.0021073,0.0022467,0.0052114,0.0065387,0.0021572,0.0030866,0.00099715,0.00078673,0.00083994,0.0017244,0.00095992,0.0096339,0.00071088,0.002304,0.0024296,0.0018503,0.00068065,0.00030116,0.00020458,0.00011945,0.00044832,0.0015826
5,0.0029127,0.00099273,0.034978,0.00094005,0.00131,0.0010778,0.00055917,0.00055826,0.00057909,0.00032334,0.00025692,0.0009222,0.0013531,0.0010587,0.00095437,0.00135,0.001399,0.0017501,0.014609,0.0027846,0.0020548,0.00056184,0.00026803,0.00043365,0.0004916,0.00072713,0.00041111,0.00011238,0.00025856,0.00028273,0.00012884,0.00014622,0.00068091,0.00026303,0.0011925,0.0012286,0.0021094,0.0017404,0.0018787,0.0017022,0.00072079,0.00060835,0.00056518,0.00010453,0.00018135,0.0009389,0.0039479,0.0025227,0.002105,0.0024705,0.0029284,0.0025028
5,0.001549,0.0021832,0.0084765,0.0020673,0.0031516,0.0020514,0.0014892,0.00097107,0.001411,0.00040762,0.00013909,9.2569e-05,8.1205e-05,0.0001486,0.00033471,8.8468e-05,3.0882e-05,1.4352e-05,5.9174e-05,0.00064554,0.00040871,0.0001319,0.0002536,0.0010341,0.00055662,0.00077382,0.00043528,0.011639,0.00011011,0.0004813,0.00027622,0.0004533,0.00072736,0.002447
5,0.00070886,0.00036149,0.00064692,0.00087963,0.00082032,0.00064209,0.00075368,0.001236,0.0013352,0.00049529,0.00095853,0.00067299,0.00052972,0.0012854,0.0012881,0.00066256,0.00071665,9.1237e-05,4.8982e-05,7.4516e-05,0.00012787,0.00010646,0.00032887,0.0002699,0.00092342,0.00039492,0.00031219,0.0003701,0.00012562,7.2581e-05,0.00031749,0.0025063,0.00083561,0.00041795,0.00034007,0.00031526,0.00023899,0.001954
5,0.0043212,0.0055345,0.0021451,0.00083565,0.00041067,0.00079762,0.00094871,0.00091515,0.00035864,0.00020442,0.00047603,0.00034144,9.2341e-05,0.00020298,0.00083437,0.00093246,0.0019175,0.0051208,0.0015247,0.0027672,0.0012406,0.00083241,0.0016293,0.0009338
5,0.001253,0.0035778,0.60065,0.63729,0.50765,0.54873,0.17462,0.0045774,0.0012558,0.00034969,0.00020026,0.00017724,0.00023721,0.00048687,0.0016434,0.0062518,0.01273,0.0037685,0.0023511,0.0020737,0.0016042,0.0089173,0.0036681,0.0022159,0.0034555,0.0034558,0.0053125,0.0027189,0.0036483,0.0034257,0.0019979
5,0.0052836,0.0051999,0.006633,0.0056679,0.0015325,0.0013394,0.0015157,0.0017947,0.001581,0.0066217,0.0061,0.0061086,0.028676,0.013088,0.016408,0.0027282,0.0020094,0.0028677,0.0060912,0.0036497,0.0081598,0.0092878,0.0013257,0.001389,0.00056238,0.00038908,0.00049046,0.00028423,0.00029449,0.0023579,0.0070029,0.0056811,0.0063683,0.0055593,0.0037167,0.0023614,0.00087964,0.00025041,0.00018018,0.00054847,0.00037444,0.0053424,0.013397,0.0038862,0.002683,0.00094365,0.00024166,6.6119e-05,5.3094e-05,7.8292e-05,3.7413e-05,0.00076618,0.00036085,0.00050519,0.0020364,0.0012942
5,0.0010775,0.0090174,0.0029098,0.001503,0.000736,0.00058673,0.00029442,0.00033624,0.00070432,0.0004532,0.0003783,0.00039393,0.00019019,3.4683e-05,4.7476e-05,0.00016771,0.0025812,0.00076442,0.00051042,0.00052364,0.00026953,0.00014371,0.00028833,0.00050816,0.00042755,0.00043973,0.00074987,0.0014003,0.00059693,0.000393,0.00022442,0.00048597,0.00016977,0.00012225,8.3137e-05,0.00012835,0.00031799,0.00020284,0.00051653,0.0012535,0.0015246,0.0031321,0.0024878,0.0020124,0.0025019,0.0042714,0.0041521,0.0022408,0.0019504,0.0016007,0.0015761
5,0.00073743,0.0095337,0.059154,0.059798,0.033089,0.030011,0.03226,0.048314,0.010749,0.010427,0.0023451,0.0012447,0.00091007,0.0064753,0.0054161,0.014753,0.018924,0.013599,0.0079799,0.0048397,0.0072361,0.006427,0.0016268,0.0022758,0.0035988,0.0041609,0.005696,0.0043349,0.0044275,0.0031273,0.0020459,0.0018972,0.00090062,0.00075154,0.00074761,0.00097896,0.0009797,0.0039115,0.0027022,0.004968,0.0025992,0.0025028,0.0026391,0.0020588,0.00082081,0.001475
5,0.0012096,0.00075916,0.024775,0.00012275,8.3785e-05,0.00058307,0.0013447,0.00077173,0.00070943,0.0023619,0.001355,0.0021327,0.0020234,0.0013797,0.00097351,0.00245,0.0033157,0.010979,0.0059993,0.0059884,0.0027858,0.0018994,0.00043731,0.00044795,0.00020598,0.00034508,0.00044315,0.00030777,0.00024362,0.0012653,0.00065214,0.00089022,0.0014354,0.0017484,0.0015412,0.0015497,0.0023148,0.0023954
5,0.00036019,0.0062078,0.0028666,0.0027381,0.00061683,0.0030825,0.014456,0.015882,0.0097301,0.0054785,0.0029299,0.00066526,0.00074449,0.00045754,0.00021634,0.00047169,0.055087,0.0047545,0.0096462,0.014073,0.0052453,0.00055018,0.00094388,0.00061207,0.00039899,0.00064881,0.0018236
5,0.00081616,0.00058167,0.00020215,0.00013398,0.00033569,0.00039885,0.0010764,0.0011567,0.0030937,0.0014761,0.00030575,0.00062413,0.0013109,0.00092846,0.0036724,0.016075,0.00225,0.0026845,0.0057315,0.0055351,0.0023229,0.0030082,0.20172,0.12507,0.13059,0.047229,0.025317,0.009056,0.0072846,0.0092259,0.010829,0.011678
5,0.00085829,0.0092858,0.00061606,0.00030244,0.00050156,0.00051459,0.00025057,0.00025325,0.00083959,0.00051874,0.0005856,0.0012698,0.0025513,0.0017043,0.0014971,0.0023016,0.00034352,0.00018621,0.00012537,0.00032488,0.00053261,0.00080853,0.002021,0.0002827,0.00048346,0.00070562,0.00081805,0.00096574,0.0014863
6,4.2458e-05,3.0005e-05,2.2519e-05,0.00019902,0.00024947,0.00017951,0.0001062,7.7279e-05,0.0001161,0.00015071,0.00033734,0.00091732,0.0011662,0.0016029,0.00094125,0.00071145,0.00057475,0.00099555,0.001801
6,0.002791,0.003453,0.0038742,0.0049027,0.0035931,0.0062319,0.0038991,0.0089493,0.00056607,0.00050126,0.0017108,0.0015932,0.0015128,0.008452,0.0074656,0.0036739,0.0046752
6,0.00051082,0.00040978,0.00030802,0.00033444,0.0002224,0.00025955,0.00023553,0.00019123,0.00024948,0.00023642,0.00023811,0.0005414,0.00064938,0.00077476,0.00040916,0.00074279
6,0.0002251,0.00021424,9.2851e-05,7.2958e-05,0.00022912,7.0986e-05,0.00025226,9.2965e-05,0.00011219,0.00010895,8.8833e-05,0.00055218,0.00039923,0.00039895,0.0013567,0.0010023
6,0.0033386,0.01853,0.027046,0.0079562,0.0045306,0.00087334,0.00071136,0.00090224,0.0011186,0.00064729,0.006713,0.0051517,0.0060624,0.001404,0.0010133,0.00099929
6,0.0007425,0.0005638,0.00083795,0.00073845,0.0059624,0.0015465,9.2876e-05,8.2109e-05,0.00026002,0.00018208,9.4725e-05,0.0011707,0.0012834,0.0011513,0.0013076,0.00084531,0.00069881
6,0.0010703,0.036045,0.016733,0.019298,0.0015366,0.0025398,0.0020776,0.002255,0.0032815,0.017514,0.073465,0.094975,0.5
6,0.0010336,0.00069407,0.00071116,0.00052813,0.0041235,0.017282,0.019132,0.029321,0.027598,0.019879,0.014626,0.002944,0.003089,0.001032,0.0012783
6,0.0014374,0.0035454,0.0063487,0.0053039,0.0038059,0.0088821,0.0059933,0.0021079,0.0019053,0.0007235,0.00059456,0.00050828,0.0032068,0.0041983,0.0029393,0.0035248
6,5.2321e-05,8.9414e-05,0.00027337,0.00056879,0.00063254,0.00041065,0.00038113,0.0028997,0.0056949,0.0039623,0.00066533,0.0005173,0.00071351,0.00099534,0.00075313
6,0.00026163,0.00029714,9.6524e-05,0.00012055,0.00014637,0.00027948,9.0442e-05,0.00023593,0.00038528,0.004657,0.00015926,0.00022666,0.0001151,0.00016673,0.00023839,0.00017387,0.00030521,0.0012124,0.00033273,0.00057377,0.0010937,0.00087904,0.00058892,0.0031062,0.0049438,0.0021274,0.0027882,0.0026316,0.0012837,0.00098243,0.00061233
6,0.0010621,0.0014028,0.0013137,0.00090695,0.00087958,0.00028287,0.00089837,0.00099595,0.00025948,0.0035529,0.0073362,0.0028024,0.00023594,0.00025511,7.6466e-05,0.00010908,0.00023822,0.00024536,0.00043766,0.00011708,0.00027502,0.00014742,0.00056641,0.00034239,0.0005883,0.00085494
6,0.002393,0.011418,0.0066362,0.0050768,0.046873,0.060803,0.064085,0.061911,0.025235,0.0041374,0.0013002,0.00088326,0.0035124,0.0025104,0.0072191,0.0053502,0.0042672,0.016067,0.009796,0.0064495,0.0058899,0.0039513,0.0019089,0.0018771,0.0022191,0.0013303,0.0014332,0.00074708
6,0.00075636,0.0024488,0.0011144,0.00063275,0.0026118,0.017625,0.0065585,0.0027092,0.0018284,0.0012002,0.0016139,0.0039394,0.014111,0.0074201,0.0078174,0.0076233,0.0086342,0.0063197,0.0021114,0.001008,0.00047904,0.0011718,0.0030641,0.0013231,0.0016824,0.0021823,0.0050186,0.002792,0.0090408,0.0041018,0.0019763,0.0022183,0.0029122
6,0.00088715,0.0026146,0.027943,0.026916,0.038354,0.060623,0.22974,0.18757,0.58647,0.78782,0.32251,0.0023283,0.0035764,0.0018295,0.0013503,0.00056529
6,0.0057257,0.0079286,0.0048559,0.0070678,0.0066866,0.0068176,0.00083262,0.00045614,0.00018184,0.00011146,0.00010017,0.00018428,0.00033891,0.010736,0.050591
6,0.0024672,0.0019218,0.0047623,0.0068562,0.019067,0.040225,0.068938,0.034557,0.064212,0.033946,0.0035451,0.0057269,0.0079986,0.0020901,0.0010773,0.0013593
6,0.0015473,0.0011874,0.00098257,0.0010762,0.00042337,0.00023007,0.00042748,0.00024138,0.00016497,0.00011726,0.00022965,0.00036112,0.00081902,0.00055574,0.00048699,0.00033945,0.00060504,0.00021404,0.00019252,0.00011846,0.00017874,7.0163e-05,0.0016421,0.0011243,0.00044837,0.00041412,0.0011489
6,0.0012084,0.027436,0.018163,0.00074717,0.00045033,0.00030089,0.00025961,0.00021872,0.0013372,0.0020065,0.002529,0.0040846,0.0022211,0.0050768,0.00377,0.00048285,0.00026354,0.00020897,0.00010556,0.00020953,0.00061091
6,0.001029,0.0077314,0.031191,0.0064084,0.003495,0.00077917,0.00040948,0.00022586,0.00010142,9.4267e-05,0.00016321,0.00036733,0.00029136,0.00052299,9.5517e-05,0.00085929,0.0012145,0.00062209,0.00048978,0.00016526,0.00067261,0.0015156,0.0028176
6,0.0021426,0.011276,0.009712,0.0034228,0.020437,0.032464,0.0068922,0.0051354,0.0074858,0.0016362,0.0016066,0.0020766,0.0083288,0.0040186,0.0063286,0.0041967,0.0022661,0.0025424,0.0062602,0.0075292,0.019821,0.01487,0.24307,0.14707,0.15113,0.0029643,0.00085219,0.0020409,0.0038696,0.0024051,0.0021127
6,0.0045056,0.0053122,0.0062082,0.0045473,0.01022,0.031641,0.0039522,0.0036544,0.0016512,0.0036968,0.0029565,0.011373,0.0097337,0.010673,0.01998,0.026866,0.016695,0.017703,0.012533,0.0027216,0.0026297,0.004627,0.0038513,0.0012903,0.00070494
6,0.013373,0.42965,0.8984,0.91758,0.36851,0.25216,0.041305,0.0088313,0.0073805,0.0030506,0.0064947,0.027586,0.02788,0.016304,0.0028714,0.0076312,0.0019272,0.0040604,0.0015995,0.017129,0.018423,0.01647,0.014845
6,0.0063734,0.014379,0.014139,0.0093809,0.010287,0.016995,0.022246,0.015085,0.0056344,0.011798,0.0071613,0.0037433,0.0041471,0.0025798,0.0023264,0.001288,0.0020361,0.003075,0.0020792,0.00034315,0.00021874,0.00093605,0.0010742,0.0011375,0.0011025,0.0011062,0.00087488,0.00047936,0.00053291,0.0041059,0.0046061,0.0030701,0.0033025
6,0.00077048,0.00057598,0.0018827,0.00020758,0.00015741,5.8811e-05,5.4821e-05,5.0054e-05,6.428e-05,0.00017402,0.00025169,0.00026347,0.00085746,0.0037712,0.0023313,0.0020764,0.0031229,0.0010763,0.00011972,6.8701e-05,7.3986e-05,8.4036e-05,9.0264e-05,0.00011089,0.00036378,0.00056611,0.00038044,0.00049573,0.00029434,0.00028531,0.00034413,0.000955
6,0.0014903,0.0018245,0.003287,0.096877,0.098493,0.038524,0.084807,0.085024,0.16065,0.24871,0.38353,0.027373,0.035127,0.021898,0.013826,0.025866,0.042518,0.037745,0.03395,0.015941,0.0037067,0.0080924,0.0041641,0.0049858,0.0048114,0.0020475,0.0021341
6,0.0016704,0.018548,0.007193,0.0048167,0.0097834,0.016221,0.0061133,0.0098242,0.0065073,0.0029615,0.0013041,0.002534,0.0027932,0.0010474,0.0012074,0.00081392,0.00075085,0.00087628,0.001244,0.0011584,0.0027881,0.00205,0.0020745,0.0046565,0.0019231
6,0.028205,0.022582,0.037702,0.025152,0.024455,0.054986,0.052952,0.019992,0.012793,0.015556,0.016299,0.053234,0.056108,0.043544,0.0094598,0.01849,0.010718,0.0056977,0.0025786,0.001409
6,0.0022397,0.0028127,0.0037208,0.0026354,0.0010674,0.0015094,0.00065383,0.00089784,0.00051756,0.0005979,0.00034789,0.0005287,0.00050356,0.00021776,0.00016049,2.5103e-05,7.8239e-06,5.4879e-06,2.9042e-06,9.2314e-05,0.00032613,0.00050412,0.00065338,0.00049875,0.00096614,0.0013499,0.0028104
6,0.00088607,0.00058935,0.00074826,0.00076202,0.001803,0.0015387,0.0014014,0.0020136,0.0038697,0.0036769,0.0020588,0.00024742,0.00020157,0.00023265,0.00038787,0.0024227,0.0024758
6,0.0010726,0.00064635,0.0010076,0.003171,0.0019453,0.0012595,0.00080375,0.000119,5.8472e-05,3.0408e-05,2.721e-05,0.00017871,0.0016818,0.0044355,0.0055957,0.0038313,0.0040541,0.0038059,0.00053982,0.00061892,0.00037634,0.00041164,0.0011431,0.0045147,0.002413,0.0016058,0.0011395,0.00079741,0.0013119
6,0.00023501,0.00029201,0.00020922,0.00021906,0.00023612,0.00026136,0.00025875,0.0059455,0.0012485,0.00069036,7.493e-05,0.00015188,0.0001066,0.00014354,0.00016935,0.00050009,0.00048939,0.00061231,0.0016394,0.0049067,0.0080761
7,0.0014368,0.0011761,0.0032846,0.0033482,0.0078938,0.0076342,0.0034204,0.008788,0.037709,0.090038,0.057203,0.062836,0.01585,0.0016932,0.0048623,0.012128,0.020366,0.0497,0.061626
7,0.0013537,0.00091914,0.0021181,0.014987,0.011359,0.059746,0.068336,0.075762,0.042288,0.14133,0.11855,0.11063,0.10697,0.023286,0.028287,0.021507,0.0088469,0.0036086,0.010532,0.0071277
7,7.2842e-05,7.7114e-05,3.3829e-05,1.4361e-05,0.0001255,0.00018441,0.0003205,0.00051123,0.00087099,0.0065935,0.0028404,0.003498,0.0025666,0.0029704,0.0030089,0.0022053,0.0020597,0.0011903,0.00099722,0.00082488,0.001094
7,2.2761e-05,0.00045925,0.001255,0.00073252,0.00013157,0.00032896,0.00030483,0.0010748,0.00030328,0.00046569,0.00083319,0.0019494,0.0030032,0.001596,0.017161,0.017761,0.052297,0.068572
7,0.00017141,0.00029227,0.00029172,0.0076508,0.0053506,0.0045015,0.0061438,0.002432,0.004669,0.011674,0.012931,0.014995,0.010736,0.014517,0.0027054,0.002099
7,0.001223,0.0016937,0.0013122,0.0014804,0.0022754,0.0033746,0.00091633,0.0012015,0.00078374,0.0015307,0.0062588,0.00686,0.0042937,0.027078,0.009654,0.0025731
7,0.00038097,0.021334,0.011822,0.0030484,0.0028717,0.022567,0.022602,0.0069363,0.0091214,0.0099606,0.019068,0.017077,0.020269,0.029763,0.020147,0.05322,0.012801,0.0013373
7,1.8072e-05,0.00031883,0.0001988,0.00017406,0.00052167,0.0048512,0.004403,0.0059155,0.0065108,0.014069,0.011093,0.010319,0.007364,0.0020716,0.003878,0.004123,0.009011,0.0078231,0.019035,0.0070224,0.17833
7,0.00014443,0.00073031,0.0024689,0.0035625,0.0078813,0.023581,0.051802,0.028674,0.01555,0.07136,0.03565,0.041926,0.042465,0.021239,0.0060542,0.0049986
7,0.00015103,0.00025782,0.00022515,0.00019898,0.0021086,0.002373,0.0025341,0.0016613,0.0027553,0.0041968,0.011922,0.022247,0.026109,0.018672,0.012577,0.014263,0.011436,0.0073877,0.0075016,0.0040848,0.0039032,0.0065235,0.0080701
7,6.8738e-05,3.1619e-05,4.7836e-05,0.00053275,0.001657,0.001972,0.0039958,0.0049202,0.0046816,0.0066037,0.014224,0.0028832,0.01143,0.011794,0.0058635,0.0067426,0.011949,0.0082314,0.0035187,0.0023383
7,0.00037274,0.00025577,0.00059397,0.00010919,0.000733,0.00086531,0.001334,0.0020738,0.0019394,0.0024023,0.0020558,0.00085569,0.00083508,0.0022782,0.0018958,0.00080221,0.001429,0.00090993,0.00063472,0.0033075,0.0088509,0.0018121,0.0021937,0.0020101,0.0027618,0.0019615,0.0012556,0.0006144,0.0012691,0.0026244,0.0022475,0.0012938,0.0072908,0.0067393,0.0049489,0.0057904,0.0028935,0.0034478,0.0037745
7,0.00048581,0.014571,0.0049598,0.00051909,0.00014892,0.00010212,0.00035901,0.00053054,0.00060566,0.0020591,0.0083894,0.0035362,0.0013652,0.00045815,0.00020132,0.00012911,0.00064767,0.0022046,0.00084527,0.0011092,0.0010486,0.00071459,0.00091747,0.0071262,0.012768,0.009133,0.0059851,0.004763,0.0025142,0.0024217,0.0021907,0.0015336,0.0016305,0.0020242,0.0034444,0.0021054,0.0023405,0.002247,0.0015067,0.0016306,0.0011799,0.0016806
7,0.00015464,0.0002652,0.00017957,0.0001434,0.00084848,0.0030789,0.0045921,0.0032751,0.0061068,0.0027488,0.0015718,0.0023055,0.0035099,0.021069,0.0067687,0.0088234,0.019056,0.012396,0.014205,0.010397,0.04023,0.049321,0.063554,0.0612,0.030517,0.047667,0.052921,0.014592,0.015411,0.0076322,0.0050039,0.0034591,0.0023206,0.0037083
7,0.0011163,0.002673,0.0028326,0.00048456,0.0093213,0.0077724,0.008964,0.012651,0.010272,0.0022871,0.0057774,0.0033526,0.014566,0.019536,0.011384,0.011515,0.0069203,0.010112,0.025347,0.030852,0.027358,0.023411,0.033277,0.020282,0.01853,0.013615,0.012505,0.0095044,0.0067943,0.0053114,0.0053235,0.0022334,0.0011839,0.0012203
7,0.0017786,0.00035089,0.00019324,0.00016295,0.0006606,0.00039701,0.00022018,0.00057607,0.00063705,0.00054034,0.0010891,0.00086062,0.0022364,0.0052305,0.0075988,0.0096535,0.0077628,0.0023175,0.00099588,0.0039356,0.0035321,0.0082829,0.0091554,0.011703,0.0059858,0.0027917,0.0021646,0.0019461,0.0018377,0.0015098,0.0015183,0.0012018,0.00096958
7,0.16347,0.44108,0.12923,0.20562,0.15184,0.14673,0.068858,0.40641,0.055138,0.026699,0.059702,0.05493,0.026505,0.057007,0.079046,0.10338,0.091353,0.063674,0.075664,0.068243,0.050135,0.040314,0.019406,0.0067434
7,0.00018777,0.00062052,0.00086424,0.00041033,0.001029,0.0015808,0.001784,0.011924,0.016897,0.0042776,0.0057854,0.0055991,0.0033683,0.00176,0.0028895,0.0042228,0.0047931,0.0061257,0.017373,0.032881,0.010565,0.014939,0.011863,0.0070497,0.0011617,0.0020839
7,0.001179,0.0028519,0.010776,0.012602,0.012297,0.014599,0.0091697,0.0081493,0.021413,0.019136,0.012383,0.011979,0.0052246,0.0025621,0.0044356,0.016199,0.013496,0.0075489,0.0038814,0.0036109
7,0.001705,0.0027146,0.00057726,0.00055367,0.00086762,0.00063998,0.00031212,0.00039424,0.00072766,0.00035766,0.00025153,0.00017308,0.00062631,0.0013635,0.00066322,0.0011683,0.00068866,0.00065176,0.00031174,0.0011888,0.0047444,0.014685,0.0028038,0.0040341
7,0.00036552,0.00077961,8.8159e-05,0.00017002,0.00046437,0.00176,0.0032225,0.02297,0.07131,0.098665,0.047788,0.027,0.033039,0.10475,0.076605,0.035702,0.057846,0.15376,0.03238,0.031387,0.022267,0.0097339,0.0056783
7,0.0041207,0.004497,0.0026848,0.0022579,0.0011546,0.00074879,0.0023255,0.0056705,0.0078457,0.012725,0.025539,0.011132,0.0087456,0.020973,0.036015,0.0069018,0.012878,0.031818,0.034101,0.01985,0.018796,0.0109,0.0027297,0.0020928,0.0043459,0.006142,0.0056707,0.0065063,0.0060378
7,0.00055288,0.0031395,0.0047222,0.0081638,0.0098944,0.011564,0.0014938,0.0014522,0.0048488,0.00077905,0.00078328,0.00041015,0.0003969,0.00061166,0.00094465,0.002466,0.0019275,0.0031059,0.0033506,0.0045681,0.0035969,0.010978,0.017938,0.0064131,0.0060821,0.0031731,0.002665,0.0025698,0.0076686,0.0067369,0.0065938,0.0087832,0.005039,0.0033358,0.0018575
7,0.0042238,0.0031827,0.0031783,0.0020201,0.0059807,0.0071715,0.006691,0.0056054,0.01544,0.015381,0.0038701,0.0089168,0.01252,0.010437,0.0050138,0.0051016,0.0054279,0.0039754,0.0023501,0.0018545,0.00052797
7,0.00014714,0.00051831,0.00088626,0.00040996,7.3748e-05,0.0006751,0.00092728,0.0018632,0.0013344,0.001238,0.00053254,0.00066667,0.003617,0.0041899,0.010723,0.0063553,0.0053903,0.0063825,0.0049596,0.0048305,0.0041858,0.0042178,0.0049263,0.00492,0.0029574,0.0052743,0.0021296
7,0.00091213,0.0078895,0.0055048,0.0073945,0.024432,0.010483,0.0071581,0.0046226,0.010992,0.0075755,0.0073458,0.0060342,0.0085333,0.0045751,0.019952,0.0041834,0.005066,0.0084034,0.013108,0.0078847,0.014667,0.016255,0.015698,0.047747,0.03223,0.017224,0.0046322,0.0076605,0.010746,0.021737,0.01006,0.0084097,0.005124,0.0014904,0.0017572
7,8.2538e-05,0.00012577,9.6507e-05,0.0022513,0.0033013,0.0026834,0.002354,0.0015714,0.0016039,0.001875,0.0013078,0.0014394,0.0025502,0.0031988,0.0038368,0.0012589,0.00085679,0.0021951,0.0019106,0.0019143,0.0029018,0.0019537,0.0023997,0.0028617,0.004048,0.0054433,0.0024399,0.0028723,0.0063849,0.0043225,0.0018741,0.0012173,0.0095359,0.023516,0.026546
7,0.0027757,0.0038447,0.005209,0.0077912,0.004786,0.0046048,0.0086593,0.014116,0.020753,0.0082935,0.005975,0.0095369,0.0085428,0.025539,0.030042,0.02024,0.040279,0.01966,0.034409,0.015274,0.005867,0.0057683,0.012402,0.0070468,0.0038707,0.0024634,0.0015891
7,0.00010832,0.00024135,0.00014295,0.001486,0.0036261,0.0039214,0.0057032,0.0011273,0.0024244,0.0050942,0.0028439,0.0065749,0.0062644,0.0032124,0.0087493,0.0091675,0.0091972,0.037938,0.019975,0.0062463,0.01155,0.011905,0.0042946,0.0038651,0.010663,0.0070814,0.016495,0.01656,0.04782,0.02368,0.05005,0.051366,0.069327,0.03585,0.017423,0.007717,0.0053014,0.0014499
7,0.0015833,0.0012158,0.0023898,0.0016729,0.0004374,0.0025325,0.004716,0.0044445,0.0018153,0.002595,0.0036243,0.0038783,0.0026863,0.0058759,0.0057085,0.0031948,0.0027148,0.001548,0.0020051,0.004064,0.0040959,0.0041837,0.011826,0.010671,0.0053998,0.0025413,0.0042247,0.0085592,0.010159,0.0050091,0.0056763,0.0039655,0.0051977,0.0055629,0.0059192,0.0028412,0.0020368,0.0013197,0.0027346
7,0.00013998,0.0043812,0.0028572,0.00021067,0.0012296,0.0004206,0.00026828,0.00036385,0.00028293,0.00029349,0.00053908,0.00098177,0.0016482,0.0067249,0.0025434,0.00065005,0.00042395,0.0010999,0.0016661,0.0019693,0.0027156,0.00051072,0.0064117,0.0026627,0.002813,0.0033328,0.0062402,0.0011596,0.0016075,0.0015829,0.0021254,0.0019571,0.0031815,0.0041069,0.0057834,0.0043551,0.0040277,0.0025621,0.0018368,0.006316
7,0.016132,0.17764,0.11301,0.06119,0.035366,0.069057,0.038953,0.083889,0.12758,0.083765,0.032281,0.032367,0.022773,0.040554,0.019371,0.0086571,0.0051189,0.0026283,0.0019181,0.001703,0.010362,0.0039329,0.011376,0.018223,0.013201,0.0078432,0.037323,0.070333,0.032831,0.0358,0.050873,0.042504,0.033917,0.017894,0.017314,0.0071223,0.0044663,0.0028495,0.0019366,0.0035129
7,0.0010593,0.0056836,0.0045659,0.0062771,0.0093281,0.013472,0.014381,0.060921,0.04639,0.092193,0.039279,0.019402,0.014018,0.033633,0.045104,0.059727,0.065325,0.13304,0.087606,0.069536,0.027508,0.037627,0.067709,0.050246,0.035531,0.047676,0.055274,0.052111,0.069061,0.055656,0.065487,0.02415,0.012457,0.010795,0.011264,0.0071785,0.0033113,0.00434,0.0030838
7,0.00033239,0.0015774,0.0013066,0.00070852,0.00012236,0.00063858,0.00088772,0.0015851,0.0032071,0.0021816,0.011183,0.0067293,0.0081562,0.011727,0.011045,0.012179,0.012895,0.059278,0.036614,0.024634,0.0046624,0.0029741,0.01171,0.0097353,0.045625,0.018878,0.045238,0.024998,0.020348,0.015397,0.0098988,0.005291,0.0035789,0.006028,0.010471,0.0077208,0.0096507,0.0058703,0.0044681,0.0050202,0.0055187,0.0035318,0.0016328,0.00074661,0.00097206,0.0019026
7,0.00055705,0.010001,0.0012757,0.00029306,0.00025053,0.00090329,0.0010117,0.00058738,0.000371,0.00061925,0.0025781,0.0036278,0.00402,0.0084227,0.010171,0.0084599,0.010033,0.0064131,0.0059536,0.0028824,0.0044282,0.0066008,0.0054612,0.0070876,0.0043384,0.0058201,0.0048324,0.0077798,0.0075879,0.0057607,0.0022159
7,0.00038681,0.0010655,0.00089161,0.0012485,0.0016071,0.0029742,0.0019946,0.0052334,0.0069031,0.026985,0.033582,0.055185,0.054609,0.013858,0.086457,0.13124,0.066152,0.078404,0.049719,0.021065,0.023114,0.010233,0.0066537,0.0056204,0.0050481,0.0030643
7,0.0010257,0.00034854,0.0040984,0.0015894,0.00094604,7.3654e-05,0.00027562,0.00045948,0.00019349,0.00075673,0.0026135,0.0080409,0.003229,0.0050716,0.0035365,0.0049214,0.0096792,0.010697,0.0037834,0.0028034,0.0054152,0.0079855,0.015616,0.014129,0.0088295,0.0038832,0.006148,0.0025453,0.0012351,0.00099791
7,0.00058895,0.0037469,0.010667,0.0038025,0.0018553,0.0036043,0.00061938,0.0012121,0.0014511,0.00061802,0.0027242,0.0023975,0.023288,0.010926,0.011106,0.0087147,0.009209,0.0020493,0.0012173,0.0025908,0.0017404,0.0016951,0.049327,0.069405,0.022373,0.014835,0.02524,0.023359,0.012948,0.019836,0.021725,0.0085151,0.007054,0.011348,0.0076132,0.008021,0.010247,0.0032947,0.0014701
7,0.0001398,0.010929,0.00022182,0.00069507,0.0040683,0.0031073,0.0034388,0.0019815,0.00033906,0.00091647,0.0025009,0.0029353,0.0023791,0.0045771,0.0013017,0.0016123,0.0021344,0.0013728,0.0013478,0.042501,0.028553,0.039444,0.039177,0.036317,0.019406,0.013622,0.011924,0.037953
7,0.0025779,0.011462,0.0060182,0.0060257,0.0019886,0.0019222,0.0016104,0.00055091,0.00083336,0.0013717,0.0042112,0.0093833,0.0097401,0.0064491,0.0056415,0.0084751,0.0054256,0.0091545,0.0039822,0.0059006,0.0061846,0.010677,0.0061969,0.0049048
7,0.00082934,0.00099639,0.0015001,0.0012859,0.024623,0.028437,0.007737,0.01081,0.0080517,0.013599,0.013233,0.0088133,0.015013,0.010935,0.051383,0.059472,0.023391,0.0082253,0.0064544,0.0034803,0.0029203,0.0022729,0.0010303
7,0.00042577,0.00055125,0.00065855,0.00036606,0.00022351,0.00065523,0.00034526,0.00015439,0.00030925,0.0008953,0.00043757,0.0017702,0.0061885,0.0036533,0.0012005,0.00054071,0.00042921,0.0024125,0.0026638,0.0020461,0.0061927,0.0067314,0.00567,0.0059219,0.019876,0.0030573,0.003314,0.0033782,0.0043336,0.0031168,0.0048978
