1,0.066402,0.11664,0.082398,0.082959,0.51951,0.47316,0.52905,0.62522,0.77789,0.89648,0.58708,0.43927,0.24643,0.16806,0.01608,0.025725,0.015065,0.028773,2.5252e-06
1,0.065595,0.058962,0.040687,0.030496,0.14115,0.63768,0.33295,0.22637,0.13479,0.10169,0.023662,0.027576,0.71033,0.57483,0.10835,0.1332,0.014651,2.2292e-07,7.4348e-06
1,0.1189,0.059623,0.59458,0.89232,0.94438,0.92251,0.81805,0.87354,0.40722,0.48465,0.097203,0.040503,0.11284,0.094919,0.061202,0.086758,0.027394,8.3954e-06,7.5292e-07
1,0.02014,0.043055,0.028708,0.017569,0.2031,0.059409,0.049523,0.040632,0.038085,0.046889,0.095703,0.074922,0.37351,0.78745,0.53219,0.47008,0.3191,0.064806,5.305e-06
1,0.60409,0.44037,0.54131,0.81286,0.84562,0.62016,0.52931,0.58275,0.69282,0.92758,0.90104,0.2419,0.059865,0.008484,0.0051984,8.0894e-08
1,0.1866,0.075138,0.19299,0.37469,0.50786,0.5,0.92711,0.72513,0.86323,0.43177,0.25344,0.17002,0.054595,0.017034,0.09806,0.25056,0.24908,0.066203,0.037755,0.014427,9.3031e-07
1,0.55641,0.022499,0.24889,0.71272,0.73595,0.78414,0.82428,0.39293,0.5463,0.45072,0.52561,0.46194,0.063936,0.034005,0.12562,0.0078896,0.0028885,6.9103e-06
1,0.79261,0.013172,0.028684,0.13038,0.40287,0.69358,0.87449,0.74353,0.55115,0.2045,0.14263,0.22829,0.30986,0.57337,0.21683,0.10641,0.030875,0.013034,0.0025303,7.5968e-07
1,0.084333,0.041101,0.053866,0.023379,0.65233,0.78104,0.60591,0.65639,0.72535,0.89191,0.81514,0.87887,0.54804,0.18012,0.10761,0.076983,1.1427e-05,1.1083e-05
1,0.21421,0.15327,0.24302,0.097415,0.096286,0.8361,0.69903,0.34946,0.74164,0.2554,0.53543,0.22861,0.059902,0.013256,0.018189,1.5397e-05,1.451e-06
1,0.31527,0.23646,0.25059,0.37032,0.71905,0.46666,0.28681,0.22615,0.32595,0.2651,0.070861,0.044456,0.0055949,0.0045058,1.0181e-06
1,0.40141,0.4077,0.7054,0.83291,0.88199,0.85949,0.83522,0.88646,0.84783,0.85942,0.74484,0.53042,0.19817,0.0050609,0.0029867,3.5152e-07
1,0.04615,0.014258,0.0093077,0.10355,0.28496,0.64554,0.41875,0.6526,0.46909,0.53487,0.42803,0.58992,0.5,0.06645,0.014764,0.012651,0.013858,0.0044602,2.8684e-07
1,0.071429,0.14041,0.058263,0.10564,0.38537,0.46774,0.79141,0.9526,0.96405,0.95983,0.94322,0.97015,0.96847,0.95637,0.9286,0.89052,0.80106,0.73416,0.71854,0.5,0.19788,0.22699,0.17653,0.12166,0.031835,0.069102,0.061936,0.30661,0.14398,0.28059,0.026609,0.063517,0.031476,0.0074084,4.8154e-06,9.988e-07
1,0.481,0.2106,0.6452,0.72868,0.54189,0.4571,0.32206,0.37482,0.58054,0.8126,0.54752,0.66888,0.7904,0.5337,0.68757,0.53795,0.35639,0.12551,0.10961,0.17937,0.15937,0.14271,0.097992,0.097611,0.061761,0.0041029,2.5568e-06,0.0027562,0.0036224,0.0030029,1.8391e-05,1.1068e-06
1,0.61325,0.58295,0.27796,0.29846,0.52803,0.82842,0.75887,0.68751,0.94231,0.93248,0.76374,0.34627,0.38831,0.32551,0.37608,0.72461,0.85414,0.46599,0.88528,0.92636,0.89761,0.26802,0.57246,0.051595,0.24779,0.4419,0.71699,0.65492,0.70949,0.065168,0.32714,0.71386,0.61169,0.78253,0.29472,0.17391,0.084533,0.050705,8.2296e-06,3.0078e-06
1,0.17942,0.35458,0.032591,0.10173,0.11994,0.092866,0.03807,0.46045,0.50874,0.19714,0.25069,0.1614,0.073754,0.089275,0.17395,0.13366,0.12029,0.056349,0.0067803,1.4162e-06,1.4843e-07,5.2759e-06
1,0.54549,0.15282,0.15072,0.10376,0.018043,0.038674,0.048502,0.4624,0.29632,0.28915,0.67255,0.66337,0.48584,0.5774,0.47008,0.64222,0.60899,0.56551,0.53624,0.23656,0.074487,0.02213,0.003877,2.9103e-06,1.2762e-05
1,0.95287,0.92842,0.90684,0.52894,0.70239,0.40757,0.44336,0.61287,0.70708,0.56251,0.29876,0.48674,0.38022,0.47058,0.80139,0.63643,0.28092,0.14625,0.012671,4.6513e-06
1,0.17775,0.01334,0.0066907,0.034582,0.061511,0.14375,0.4841,0.42095,0.62787,0.5332,0.32629,0.24779,0.18889,0.090811,0.038678,0.078851,0.087842,0.22062,0.076578,0.078597,0.058647,0.11666,0.018346,6.043e-07
1,0.16253,0.68782,0.48122,0.29235,0.2989,0.3479,0.20873,0.3552,0.96425,0.91706,0.91361,0.89937,0.7535,0.27647,0.049146,0.042514,0.047777,0.054475,0.048296,0.016209,0.012146,0.020137,0.0074262,0.0045763,3.3108e-06
1,0.90611,0.90631,0.79553,0.81332,0.62709,0.56237,0.71704,0.81215,0.84167,0.61728,0.724,0.29141,0.13427,0.038979,0.16677,0.14682,0.15113,0.22207,0.07714,0.062431,0.025329,0.005214,0.015756,0.0047069,0.0064916,5.2013e-07
1,0.47879,0.24323,0.16021,0.32827,0.64696,0.42369,0.66716,0.6265,0.29664,0.1956,0.28136,0.13998,0.024122,0.040991,0.27149,0.20647,0.07182,0.049098,0.029193,0.023875,0.005778,0.0056302,0.0072009,0.006949,0.0071933,0.0040943,4.349e-06
1,0.66215,0.84508,0.66877,0.80653,0.42468,0.15933,0.31121,0.5,0.78124,0.71084,0.69082,0.43052,0.039855,0.07327,0.15744,0.026645,0.14715,0.37206,0.5,0.25737,0.32912,0.51708,0.25183,0.1448,0.18347,0.048382,0.044723,0.038417,0.014323,0.0064374,0.013686,6.7664e-07,3.7392e-07
1,0.274,0.10869,0.15138,0.33941,0.5,0.82019,0.81957,0.90901,0.88301,0.74275,0.74564,0.35452,0.13775,0.0552,0.79426,0.28993,0.66517,0.71907,0.86033,0.9026,0.57658,0.67669,0.59484,0.53358,0.069367,0.11641,0.03157,0.026226,0.0074282,0.02365,0.0095793,4.4214e-06,5.0158e-07,2.3036e-06,1.1272e-06
1,0.11703,0.11953,0.45087,0.47264,0.6724,0.44172,0.039778,0.29508,0.82754,0.80385,0.6925,0.081507,0.021303,0.016546,0.014624,0.013101,0.014649,0.022336,0.11585,0.098997,0.10831,0.58027,0.065138,0.08338,0.17904,0.087351,0.26359,0.16081,0.11378,0.0033709,0.0068727
1,0.99042,0.77843,0.61404,0.65932,0.28089,0.3402,0.56717,0.68756,0.44555,0.47912,0.72657,0.68924,0.32652,0.63889,0.51051,0.36203,0.66856,0.60318,0.48105,0.068774,0.10554,0.11621,0.029077,0.022294,0.92079,0.59208,0.32491,0.28816,0.078187,0.0058229,5.3526e-06,3.4262e-06
1,0.45782,0.14535,0.13246,0.40785,0.1408,0.11879,0.17374,0.35275,0.70492,0.31617,0.88196,0.74255,0.87857,0.79267,0.051497,0.41874,0.84052,0.91843,0.8542,0.65126,0.40988,0.016868,0.018416,0.011284,0.076071,0.1513,0.31056,0.24971,0.2049,0.28178,0.5,0.23539,0.13335,0.095621,0.03578,0.041914,0.016016,5.0465e-07,3.4179e-06
1,0.41171,0.33703,0.10412,0.12832,0.15667,0.097664,0.13832,0.82534,0.93115,0.87086,0.93833,0.94479,0.075551,0.13541,0.20202,0.082148,0.11421,0.050785,0.070653,0.020503,0.024903,0.027463,0.023743,0.016142,0.0098747,0.012904,0.3548,0.21927,0.18343,0.09067,0.084566,0.0071358,4.7008e-06
1,0.88778,0.85435,0.92407,0.92454,0.86875,0.90543,0.42626,0.30664,0.14625,0.014666,0.039032,0.045309,0.042167,0.097307,0.0099859,0.021556,0.048991,0.023621,0.028898,0.035615,0.049497,0.1151,0.039728,0.061456,0.05092,0.055509,0.16667,0.56145,0.7891,0.82657,0.81161,0.12838,0.038985,0.060303,0.020885,0.022852,0.0075732,1.1037e-05,1.2082e-06,4.0068e-06
1,0.60469,0.89436,0.70536,0.57664,0.67998,0.43366,0.29472,0.92121,0.70594,0.88294,0.7725,0.92059,0.88101,0.98615,0.96567,0.89741,0.062296,0.22914,0.87532,0.95935,0.98698,0.94009,0.9515,0.73311,0.31532,0.022084,0.015282,0.0042381,6.8698e-07
1,0.46979,0.64618,0.88982,0.94308,0.88468,0.59131,0.42966,0.54862,0.32211,0.34746,0.48877,0.56288,0.45663,0.73592,0.14103,0.10575,0.21628,0.035622,0.41652,0.88664,0.90839,0.69967,0.53779,0.072851,0.015294,0.0065162,1.6354e-05,0.0028826,0.0063597,1.1212e-06
1,0.28494,0.013067,0.21109,0.10873,0.11289,0.34119,0.32394,0.5,0.18692,0.63319,0.36848,0.14822,0.072703,0.0675,0.20339,0.26447,0.28776,0.22489,0.50757,0.43208,0.64724,0.83766,0.95018,0.69514,0.1758,0.036041,0.022176,0.0026516,3.8967e-06,1.2233e-06,9.4634e-06
1,0.07282,0.20983,0.21905,0.20825,0.76939,0.81399,0.63343,0.1084,0.23504,0.29851,0.55983,0.31436,0.45349,0.14371,0.060539,0.062741,0.0032641,1.2545e-05,1.3797e-05,0.0028652,2.1353e-06,1.8794e-06
1,0.43914,0.64717,0.70964,0.80809,0.68365,0.68197,0.74864,0.70039,0.57566,0.55979,0.46464,0.64109,0.74952,0.84742,0.91253,0.68469,0.71247,0.72779,0.40597,0.11949,0.063499,0.02884
2,0.014951,0.020997,0.021804,0.043681,0.8766,0.77509,0.61667,0.30628,0.085886,0.08635,0.10184,0.044392,0.023431,0.019724,0.0090358,0.010876,0.21603,8.4275e-06,1.514e-06
2,0.014569,0.10893,0.066937,0.23121,0.30249,0.14965,0.025699,0.19743,0.11156,0.064715,0.043035,0.022005,0.0039165,8.1277e-06,1.1938e-05,5.9108e-06,4.2777e-06,0.0058022,0.0045969,7.546e-07,2.1891e-07,2.2969e-07
2,0.11896,0.026736,0.065787,0.20989,0.22247,0.072667,0.053435,0.018198,0.0086311,0.0085234,0.027441,0.13116,0.07889,0.026605,0.026052,0.0042622,7.935e-06
2,8.2519e-06,0.10385,0.68403,0.85442,0.72681,0.72424,0.45046,0.69318,0.41239,0.42832,0.063604,0.13273,0.068326,0.10941,0.034644,0.016794,0.028204,0.030422,0.030912,0.047002,0.063127,0.034867,7.9883e-06,9.1764e-07
2,0.046974,0.1391,0.11014,0.14763,0.47468,0.35274,0.59339,0.44767,0.012745,0.015711,0.014047,0.0084718,0.0052177,0.30479,0.092849,0.015576,0.017522,0.014431,2.3351e-06,1.023e-07
2,0.073205,0.51523,0.65273,0.67755,0.71378,0.55482,0.37264,0.09564,0.12234,0.11956,0.30535,0.17304,0.023346,0.031648,0.0057846,0.002923,0.0071379,0.095239,0.16477,0.10386,0.1949,0.17826,0.0056739,6.9047e-06
2,3.724e-06,5.2676e-07,1.1501e-05,0.010908,0.21824,0.37815,0.4017,0.46408,0.31381,0.10808,0.0395,0.15054,0.057105,0.29417,0.38516,0.51671,0.37887,0.07602,5.5547e-06,3.3272e-06,3.1554e-07
2,0.086963,0.13378,0.32117,0.75783,0.40952,0.086724,0.041071,0.083877,0.049797,0.0084014,0.025774,1.2967e-05,7.2955e-08,1.3183e-06,3.1002e-06
2,0.019442,0.013368,0.30254,0.34764,0.43035,0.48519,0.22238,0.17715,0.10062,0.082925,0.3269,0.19007,0.094103,0.048646,0.013631,0.0056305,1.0704e-06
2,0.13571,0.016309,0.0077995,0.024469,0.024255,0.094886,0.22356,0.58544,0.58835,0.36915,0.13114,0.25832,0.19587,0.47963,0.67076,0.17068,0.025541,0.037922,0.0080308,0.0038747,0.0035223,4.1265e-07
2,0.10346,0.12033,0.38347,0.57611,0.423,0.14674,0.28839,0.16881,0.17301,0.052078,0.046991,0.43392,0.073642,0.029016,0.045354,0.019473,2.8218e-06
2,0.33598,0.44529,0.32518,0.060867,0.0057896,0.0068374,0.0061061,0.0085433,0.0060801,0.56032,0.62882,0.17567,0.011302,0.0032702,1.0557e-06
2,0.076965,0.03038,0.071762,0.010391,0.038271,0.03551,0.077782,0.15937,0.45602,0.86207,0.32665,0.03312,0.13115,0.049576,0.020401,0.057389,0.28258,0.14591,0.065313,0.048511,0.074477,0.0052215,6.8185e-06,4.3454e-06,0.0038315
2,0.16726,0.034939,0.10265,0.044261,0.020716,0.062243,0.14858,0.16857,0.091241,0.20985,0.010609,0.013913,0.003328,0.0029291,6.4589e-07
2,0.018955,0.052599,0.059894,0.010624,0.0058049,0.076613,0.021481,0.019513,0.030951,0.23412,0.38756,0.78115,0.81165,0.53173,0.31261,0.12573,1.0312e-05,1.3755e-05,7.0393e-06
2,0.005474,0.02647,0.10365,0.054731,0.086522,0.021009,0.042374,0.018286,0.16228,0.10944,0.098617,0.11565,0.34181,0.19046,0.12016,0.31932,0.18632,0.057984,0.17268,0.46177,0.20455,0.26495,0.064703,0.026516,1.1888e-05,1.6935e-06,5.1773e-07,2.4358e-06,8.0711e-07
2,0.018136,0.01362,0.014236,0.057642,0.07788,0.10601,0.085738,0.086968,0.16201,0.28268,0.19585,0.077291,0.10246,0.027082,0.0067531,0.013022,0.0033811,1.7875e-06
2,0.071848,0.0707,0.010169,0.0033868,0.014992,0.053171,0.18634,0.1956,0.12001,0.26347,0.021857,0.050009,0.11207,0.40688,0.1153,0.0653,0.011635,5.468e-06,5.8679e-07,2.5485e-06,1.66e-06
2,0.17047,0.40434,0.25244,0.53495,0.046732,0.018654,0.011102,0.022598,0.007404,0.0080071,0.35794,0.25243,0.15698,0.14312,0.19315,0.08062,0.48839,0.38876,0.4867,0.59255,0.27069,0.017248,0.05703,0.15344,0.0088802,0.0030597,1.2811e-05
2,0.1736,0.14066,0.1176,0.12105,0.10983,0.12396,0.11364,0.041485,0.03611,0.0594,0.20295,0.033108,0.0033258,0.0029065,3.4589e-07,4.1551e-07
2,0.13362,0.11689,0.10798,0.31776,0.14625,0.20429,0.38276,0.53359,0.20952,0.21711,0.28756,0.34474,0.40274,0.38022,0.097248,0.032302,0.016654,0.030186,3.3396e-06,4.7931e-06
2,0.10021,0.027163,0.23711,0.4895,0.29951,0.14783,0.17331,0.068084,0.029025,0.29352,0.29173,0.29962,0.45666,0.11382,0.22945,0.16034,0.5648,0.34631,0.81778,0.77382,0.058193,0.037185,0.029673,0.030346,0.02596,0.099447,0.022901,0.04937,0.041372,0.0055857,0.003507,0.0040933,7.2579e-06,6.8657e-06,4.5115e-06
2,0.12453,0.18902,0.068831,0.097682,0.12929,0.31799,0.40012,0.49452,0.3704,0.36477,0.25619,0.21954,0.30821,0.205,0.10022,0.06951,1.3964e-05,5.3495e-06,6.9718e-06,0.0045195,0.10252,0.14021,0.51711,0.44556,0.053525,0.0088314,0.0056917,3.9811e-06,4.6666e-06
2,0.018317,0.019801,0.086759,0.029357,0.1015,0.18671,0.2003,0.33286,0.84668,0.8857,0.7022,0.5,0.13093,0.082444,0.2032,0.083104,0.063715,0.021723,0.17509,0.085937,0.15586,0.23347,0.11214,0.059347,0.018118,0.012853,0.017879,0.026544,1.4979e-05,8.8173e-06
2,0.082299,0.1549,0.65767,0.53782,0.35182,0.55289,0.75505,0.5,0.80853,0.74937,0.49197,0.26279,0.18166,0.28056,0.179,0.025077,0.015808,0.081882,0.035735,0.039273,0.026176,0.019929,0.0088675,0.0095016,0.0076877,0.014503,0.010979,0.013854,0.0072012,0.0096132,0.0084748,0.018397,0.01421,0.0039654
2,0.011768,0.017062,0.027747,0.039804,0.034018,0.03732,0.16974,0.15365,0.10721,0.19424,0.2,0.26856,0.23861,0.19681,0.11342,0.10683,0.081925,0.22901,0.12391,0.14025,0.27231,0.014229,0.024592,0.13664,0.093683,0.21505,0.22482,0.12405,0.17376,0.30076,0.026879,0.024113,0.011062,3.0665e-06,0.0047136,3.9017e-06,4.4681e-06,8.1528e-07
2,0.1854,0.092703,0.084326,0.10452,0.07285,0.15985,0.11732,0.12068,0.081584,0.14515,0.23815,0.041718,0.063821,0.099217,0.02336,0.0217,0.065894,0.040853,0.039485,0.023239,0.036255,0.047634,0.070164,0.14672,0.10085,0.072573,0.093175,0.11472,0.23735,0.15327,0.16499,0.19582,0.022391,5.5355e-06,1.1816e-06
2,0.31851,0.73189,0.4569,0.16261,0.64474,0.72563,0.25961,0.62193,0.68244,0.52423,0.143,0.517,0.42777,0.26406,0.14448,0.31958,0.17833,0.069721,0.0059895,0.0029694,0.0026499,0.007893,0.04123,0.045886,0.039634,0.02955,0.077786,0.016498,0.010131,0.040849,0.0075525,3.9482e-06
2,0.34581,0.33635,0.37095,0.71052,0.77916,0.95274,0.95937,0.9269,0.77654,0.83317,0.83974,0.80167,0.88932,0.84909,0.8289,0.22072,0.18973,0.013606,0.020879,0.0056429,0.0071249,0.010124,0.03963,0.024132,0.19035,0.19792,0.18624,0.20413,0.80962,0.35133,0.16229,0.013689,8.6677e-07,2.2829e-07
2,0.018122,0.024654,0.044506,0.035669,0.056382,0.11838,0.089161,0.046898,0.10046,0.057193,0.10823,0.11234,0.079618,0.053105,0.18304,0.19407,0.2171,0.044614,0.42641,0.47346,0.47016,0.14822,0.10546,0.19905,0.17383,0.0088375,0.015612,0.0089209,0.0093456,0.22451,0.11598,0.054926,0.088852,0.051991,0.028219,0.027593,0.027325,0.0088827,0.005335,5.2632e-06,2.8367e-06
2,0.35143,0.12088,0.197,0.26391,0.065958,0.10164,0.035847,0.010722,0.0042985,0.012294,0.032744,0.013539,0.012262,0.0527,0.018428,0.063838,0.036014,0.027228,0.010042,0.0027069,5.965e-06,5.054e-07,3.0654e-07,0.0030719
2,0.74875,0.65125,0.55549,0.030674,0.098428,0.23724,0.3131,0.5,0.79621,0.63934,0.34165,0.1026,0.025921,0.028341,0.0087691,0.0052587,0.0040276,0.0029488,0.0048218,1.8413e-05
2,0.050865,0.14159,0.15278,0.085065,0.059364,0.035522,0.024228,0.11518,0.053334,0.010542,0.0099756,0.013855,0.0091596,0.01306,0.0091132,0.0037516,0.0026652,0.0038399,0.0057072,1.1303e-05
2,0.69278,0.59083,0.68045,0.74767,0.61603,0.43149,0.15867,0.13132,0.37241,0.55549,0.58935,0.56449,0.47977,0.57143,0.63116,0.19869,0.12568,0.037409,0.0121,0.0028822,0.0055378,5.7526e-06,3.9451e-07
2,0.59986,0.46644,0.4789,0.66106,0.36664,0.10233,0.038602,0.14192,0.17273,0.28597,0.44616,0.35017,0.38752,0.19766,0.065601,0.079175,0.026303,0.0048153,0.0055233,1.2537e-06,8.2614e-07
2,0.60097,0.31691,0.35768,0.30551,0.15073,0.48244,0.61478,0.39427,0.24743,0.65056,0.34616,0.094266,0.5,0.44057,0.23962,0.12337,0.42944,0.32231,0.10758,0.057265,1.8354e-05,5.0023e-06,1.1663e-06
2,0.13229,0.39192,0.38197,0.34622,0.18026,0.11367,0.056136,0.0068106,0.015799,0.041042,0.067595,0.040116,0.074562,0.091172,0.047234,0.041191,0.060076,0.056232,0.014468,0.0061213,0.010819,0.0067263,1.05e-05,1.6016e-07
2,0.27744,0.090742,0.2777,0.813,0.91017,0.66396,0.83949,0.85033,0.54587,0.10503,0.32772,0.25439,0.2119,0.38037,0.54538,0.25884,0.1201,0.035928,0.0025223,8.5382e-06,8.7375e-06,0.0090894
2,0.69246,0.50922,0.24705,0.35971,0.30769,0.48915,0.35629,0.33471,0.18288,0.25277,0.097718,0.033033,0.040667,0.04858,0.054549,0.070609,0.011317,0.0085078,0.0060435,0.0043829,9.1922e-06,0.0030012,6.4195e-06
2,0.88719,0.21062,0.19886,0.50754,0.40618,0.57416,0.92084,0.42037,0.22476,0.27857,0.03405,0.013968,0.046912,0.049824,0.15995,0.29098,0.27758,0.12548,0.020105,1.4459e-05,9.0764e-06,0.0027936,1.0342e-06
2,0.46818,0.44066,0.3529,0.50918,0.55034,0.75408,0.57423,0.22557,0.077762,0.016983,0.012033,0.01385,0.05738,0.121,0.22263,0.13872,0.19579,0.023824,0.0076205,0.0091967,0.0043654,7.5467e-07
2,0.86991,0.77052,0.68573,0.71651,0.87384,0.82333,0.71771,0.6685,0.62497,0.5,0.65533,0.15072,0.18759,0.090038,0.1795,0.1156,0.34976,0.26364,0.3555,0.36467,0.58325,0.23278,0.12467,0.0075181,0.004476,2.9505e-06,8.8033e-07,3.9219e-07,4.2255e-06,6.686e-06
2,0.64633,0.38786,0.25774,0.5514,0.86907,0.97109,0.98932,0.91898,0.89686,0.93046,0.94023,0.65973,0.025898,0.026429,0.018551,0.014394,0.0066692,0.12947,0.15857,0.2626,0.23418,0.30164,0.25222,0.0051986,0.0034639,0.0056454,0.0081256,0.0030642
2,0.029256,0.012564,0.028177,0.098503,0.076896,0.087181,0.17775,0.18132,0.099189,0.15057,0.12111,0.097193,0.07187,0.031955,0.31273,0.18859,0.26046,0.57719,0.13669,0.013251,0.044184,0.0096912,0.0038569,0.070037,0.17404,0.0076753,0.0092166,4.5057e-06
2,0.010035,0.0075136,0.014646,0.01703,0.011936,0.11126,0.30816,0.070177,0.11067,0.021622,0.1311,0.3626,0.23276,0.22731,0.1826,0.020562,0.023325,0.0073187,0.0079993,0.033565,0.10808,0.01358,1.8352e-05,5.6613e-06
2,0.31748,0.24894,0.24281,0.21952,0.34563,0.26196,0.067381,0.35442,0.57584,0.54845,0.92308,0.79124,0.22475,0.045403,0.026755,0.010548,0.051723,0.074709,0.1598,0.22904,0.082104,0.027509,0.29554,0.36765,0.023129,0.0098745,0.0028454,0.028805,0.047016,0.12982,0.0047136,0.012031
2,0.020764,0.033427,0.039346,0.060211,0.086731,0.060661,0.09562,0.14799,0.13825,0.12787,0.10373,0.19582,0.29362,0.67794,0.55899,0.70484,0.58508,0.27454,0.29018,0.025573,0.030378,0.081553,0.043768,0.026517,0.02984,0.0090017,0.0062322,0.037272,3.2765e-06
2,0.16882,0.18906,0.078643,0.071337,0.53994,0.90044,0.5459,0.033948,0.041053,0.10743,0.25967,0.32114,0.63262,0.6518,0.48391,0.058447,0.018298,0.12604,0.16596,0.10028,0.043602,0.33099,0.13621,0.61566,0.35104,0.31781,0.11669,0.4112,0.072249,0.0096496,0.020341,0.011743,2.4695e-06
2,0.10127,0.06421,0.078168,0.19503,0.21528,0.080076,0.070984,0.29759,0.55733,0.78821,0.69005,0.86461,0.17793,0.38874,0.62047,0.45669,0.074737,0.19595,0.066949,0.032386,0.27723,0.21134,0.29431,0.63047,0.52497,0.0040916,0.0050256,1.2905e-06
2,0.12909,0.11852,0.10558,0.16944,0.094371,0.20599,0.082098,0.21485,0.30168,0.38811,0.15787,0.070731,0.015177,0.043133,0.023841,0.030236,0.023283,0.04477,0.011173,0.014134,0.0089276,0.0075176,0.020445,0.0095223,3.3122e-06,1.7882e-07,1.1312e-06,1.0037e-07
2,0.36631,0.13836,0.24897,0.13103,0.12076,0.016602,0.0050425,0.086695,0.54474,0.53111,0.5,0.16518,0.149,0.057244,0.024228,0.013953,0.067915,0.020983,0.04659,0.027,0.048498,0.093258,0.055451,0.0045055,0.0029105,6.4687e-06,2.5222e-07
2,0.021481,0.032789,0.035938,0.041807,0.20656,0.18597,0.22557,0.18998,0.18686,0.095268,0.090631,0.034073,0.2203,0.25506,0.41419,0.56561,0.31532,0.028972,0.012869,0.072043,0.037054,0.024882,0.29463,0.59103,0.042336,0.0031147,5.8369e-06
2,0.32755,0.23736,0.21887,0.4302,0.66355,0.4919,0.28738,0.21827,0.26299,0.15761,0.4828,0.13073,0.24909,0.25383,0.16924,0.10071,0.025429,0.074571,0.16709,0.2039,0.095453,0.08122,0.069168,0.036639,0.046132,0.091803,0.1921,0.23303,0.44067,0.32852,0.37347,0.12134,0.76453,0.204,0.024372,0.0085986,0.0043019,0.0088304,9.1792e-07,3.0191e-08,3.792e-06
2,0.42937,0.52961,0.2233,0.13641,0.26725,0.17821,0.049209,0.29507,0.67011,0.40923,0.28311,0.21839,0.24043,0.010972,0.022585,0.024387,0.027553,0.035225,0.086749,0.035422,0.032271,0.014842,0.028519,0.043826,0.056239,0.0070791,0.016028,0.012358,0.013871,0.055836,0.079688,0.076377,0.064168,0.026613,0.031632,1.4329e-06,1.6824e-07
2,0.21091,0.26908,0.16289,0.15747,0.33829,0.44379,0.39021,0.29557,0.11641,0.026379,0.054263,0.23951,0.22271,0.28376,0.34774,0.38439,0.23278,0.067699,0.034017,0.020952,0.03722,0.0153,0.020627,0.065299,0.34993,0.2812,0.82007,0.77455,0.28004,0.13974,0.015824,0.013222,0.010054,0.007968,0.0067761,0.0094473,0.074856,0.091876,0.18004,0.14038,0.10906,0.011608,0.0062271,2.6118e-06,5.2635e-08
2,0.4428,0.37576,0.26667,0.13652,0.2362,0.17824,0.06372,0.32654,0.079186,0.016489,0.011646,0.27211,0.48787,0.43839,0.17152,0.1647,0.10958,0.059498,0.25821,0.40337,0.077654,0.11829,0.035405,0.01204,0.0079618,0.0099924,0.23323,0.15183,0.2785,0.73867,0.29388,0.25871,0.65983,0.32013,0.80981,0.58784,0.28166,0.049756,0.0067981,0.058721,0.13097,0.16996,0.29957,0.13271,0.18459,0.69973,0.47478,0.42315,0.47521,0.17896,0.0046051,0.0061816
2,0.25159,0.35419,0.28665,0.082864,0.36347,0.14396,0.25284,0.045958,0.16783,0.36676,0.052812,0.16563,0.56741,0.47052,0.12828,0.0039215,0.0085755,0.0070015,0.049119,0.42432,0.45675,0.38062,0.20087,0.15162,0.053188,0.065241,0.042932,0.15314,0.0196,0.21408,0.27087,0.0059704,0.0041001,0.0053429,0.0051997,0.0030415,2.4495e-06,4.3487e-06,1.2077e-06
2,0.56445,0.43259,0.52108,0.42317,0.28004,0.31536,0.071651,0.23002,0.30065,0.35131,0.14082,0.077524,0.084981,0.015949,0.034501,0.045475,0.1828,0.1287,0.077481,0.031099,0.018399,0.0041451,0.0029907,0.024815,0.015646,0.058179,0.092445,0.37343,0.35009,0.4454,0.35729,0.27459,0.19091,0.020637,8.7463e-06,2.69e-07
2,0.20108,0.054208,0.30331,0.24518,0.63442,0.37539,0.20714,0.61468,0.72916,0.41522,0.56639,0.27607,0.23825,0.19985,0.52656,0.16135,0.1197,0.070752,0.1893,0.1925,0.17631,0.23478,0.1142,0.11923,0.064625,0.0079656,6.5089e-06,2.9843e-06,3.1507e-06
2,0.10108,0.046994,0.066634,0.12946,0.5,0.35479,0.41936,0.3965,0.16423,0.13325,0.064979,0.08922,0.072383,0.17194,0.09361,0.019259,0.047166,0.33533,0.13087,0.025666,0.0077757,0.016057,0.0034295,6.0128e-06,1.5912e-05,5.0568e-06,1.3587e-07
2,0.32161,0.18118,0.023701,0.016976,0.035888,0.046007,0.041577,0.64817,0.89099,0.18202,0.60274,0.61977,0.33003,0.1065,0.05447,0.036823,0.057873,0.082984,0.04962,0.018587,0.035328,0.01346,0.0081835,0.0052685,0.22655,0.41792,0.77996,0.83238,0.89996,0.85035,0.35766,0.067841,0.0219,0.060688,0.006726,0.0050756,0.0062994,0.0039999
2,0.62978,0.64986,0.1047,0.054368,0.090287,0.051578,0.027408,0.0076728,0.012905,0.026132,0.011459,0.0095476,0.05589,0.024614,0.01294,0.099618,0.080547,0.11604,0.063128,0.095463,0.058066,0.0067892,0.0092006,1.3048e-05
2,0.43777,0.36911,0.25559,0.26322,0.37024,0.29101,0.14738,0.13596,0.1044,0.31886,0.5,0.48132,0.60801,0.44052,0.48574,0.59876,0.26136,0.23764,0.077539,0.032812,0.0201,0.010049,0.0088393,0.0057667,0.0078815,0.0079499,0.057,0.065705,0.047486,0.0072322,2.681e-06,2.7658e-06
2,0.3033,0.3315,0.19471,0.14187,0.11522,0.054666,0.024431,0.0058966,0.028976,0.014073,0.12292,0.24999,0.16048,0.29278,0.36007,0.099376,0.48516,0.35173,0.19752,0.091543,0.0040824,3.8867e-06,2.6893e-06,1.2707e-05,0.0025602
2,0.6303,0.5,0.31639,0.11411,0.10387,0.15091,0.065416,0.052423,0.10084,0.29531,0.16544,0.14056,0.24263,0.017656,0.014581,0.020429,0.023969,0.090773,0.027979,0.012662,0.028788,3.3337e-06
2,0.76385,0.66259,0.74826,0.77889,0.38313,0.55579,0.083684,0.087482,0.11716,0.094099,0.042868,0.14571,0.13228,0.24874,0.65507,0.40325,0.45289,0.11356,0.059286,0.041682,0.044525,0.039181,0.014561,0.0063754,5.8181e-06,2.7946e-06,3.5211e-06
2,0.37082,0.74936,0.69371,0.5,0.69166,0.74569,0.049003,0.10773,0.10548,0.068291,0.069376,0.38738,0.13007,0.028362,0.19658,0.1794,0.47325,0.44632,0.071206,0.043623,0.024427,0.032172,0.0054598,1.0113e-05,0.0036455,0.0033928,8.8089e-06,0.0035732,7.3679e-06
2,0.58983,0.63399,0.7833,0.93741,0.78976,0.7733,0.48286,0.097919,0.12836,0.05245,0.1987,0.012441,0.023333,0.01695,0.0063253,0.0081671,0.0047785,9.1555e-06,5.4417e-06,9.4749e-07,2.3027e-06,0.0070801,1.2564e-05,0.0025957,2.0911e-06,1.5753e-06
2,0.87115,0.72528,0.39631,0.54129,0.66752,0.35152,0.22258,0.019579,0.054405,0.20596,0.34895,0.11816,0.18407,0.060126,0.015567,0.009767,0.033697,0.016353,0.0031012,0.010802,0.0039557,2.5751e-06
2,0.65092,0.44986,0.07278,0.071205,0.064726,0.05322,0.060627,0.094584,0.14493,0.10613,0.050134,0.024566,0.010597,0.0059558,0.0059942,3.5581e-06,1.0777e-05,0.005929,0.0044933,1.0536e-06,3.7722e-06,2.857e-06
2,0.7695,0.57186,0.60093,0.17312,0.036178,0.058168,0.026639,0.016705,0.031765,0.011483,0.036416,0.12783,0.055454,0.069253,0.015646,0.0094727,0.0061266,0.040837,0.0071816,0.0076635,0.0090272,0.0059258,1.8266e-06,9.9951e-06,2.4758e-06
2,0.014138,0.0181,0.01274,0.01104,0.011527,0.57695,0.3809,0.33512,0.28714,0.055307,0.30207,0.22215,0.3816,0.31618,0.11651,0.025385,0.014593,0.0032754,0.015076,0.038853,0.020341,0.034712,0.030013,0.012219,0.0053251,1.1347e-06,1.1542e-06
3,9.0405e-06,0.0046881,0.0030167,1.3529e-05,7.5834e-06,6.7811e-06,1.3494e-05,1.211e-05,7.3134e-06,1.5862e-05,1.6027e-05,5.0874e-06,1.1182e-06,2.9613e-07,1.6451e-07,3.0449e-07,5.2483e-06,1.8663e-06
3,0.0041579,1.3745e-05,0.0033472,0.0059736,0.0046049,0.0036959,9.6919e-06,6.1356e-06,4.2363e-06,1.4486e-05,0.0059223,0.010526,0.011714,0.010014,0.0083476,4.6039e-06,1.5349e-06,4.9166e-07,1.1367e-06
3,6.3088e-07,8.7955e-07,2.7018e-06,7.2967e-06,0.0029589,0.0047793,0.006749,0.0065435,0.0053179,0.0030551,0.0054119,0.0036382,1.8337e-05,0.0062384,0.015855,0.0050432,0.0060393,0.0061418,0.0033693,0.0027386,2.0874e-06
3,0.0071834,0.0070053,1.1153e-05,1.2206e-06,5.6528e-06,6.1148e-06,1.2007e-05,7.4025e-06,1.1871e-05,2.5791e-06,1.0451e-06,9.2887e-07,1.4744e-06,1.2381e-06,6.1291e-07,7.3537e-07,3.0967e-06,1.961e-06,1.8769e-06,1.5405e-07,1.5935e-06
3,3.7329e-06,1.7578e-05,0.0043095,0.0026369,0.0033435,0.0035016,0.0055337,0.0384,0.017302,0.0044326,0.077661,0.043291,0.065242,0.043321,0.072242,0.0098478,0.008927,1.1974e-05,0.0034715,0.0053393,0.0046841,0.0055661,0.0074565,1.3297e-05,2.6069e-06,5.4864e-07,1.1101e-06,4.1279e-07,5.9692e-07
3,0.0050197,0.003116,1.0293e-05,1.2935e-05,0.0033396,0.0027294,0.0030012,0.0026783,3.3684e-06,4.271e-06,1.5949e-05,1.1973e-05,9.0259e-06,1.3652e-06,9.6021e-07,8.7316e-07,2.5166e-06,8.7079e-06,1.6038e-06,1.7376e-06,0.011877,0.0027445,1.0928e-05,0.0028715,1.6456e-05,1.4036e-06,1.1544e-06,1.8042e-06,1.1599e-05,0.0060689,0.0064521,0.0099724,6.2025e-06,3.0714e-06,2.3422e-07,2.1562e-07,3.2593e-06,9.17e-06,0.003835,0.006223,0.014698,0.0038015,0.0028,0.0040329,0.0034259,8.2283e-06,3.6126e-06,0.012024,0.004375,0.0053319,0.036044,0.0065584,1.0982e-06,8.3321e-06
3,0.051087,0.012723,0.0075501,0.012069,0.0085975,0.0071714,0.0092551,0.0083702,0.014377,0.030275,0.033542,0.0072273,0.0057504,0.0078795,0.011117,0.0086078,0.0082901,0.0077649,1.2113e-05,1.3983e-06,9.3333e-07,0.002995,5.5407e-06,2.5958e-06,3.8995e-06,1.1195e-05,7.6069e-06,1.1899e-05,3.4835e-06,0.003745,4.919e-06,0.0086651,0.0044061,0.0058094,0.0078181,0.0056601,1.5099e-05,2.0926e-07,2.9092e-07
3,0.009393,0.0043538,0.0053528,0.0042327,0.0031324,0.0028683,0.0035386,0.0042675,0.0034595,0.0056012,0.0044031,0.0045311,1.8234e-05,0.0027872,1.2483e-05,1.8284e-05,1.0827e-05,1.2883e-05,0.0033054,0.0037806,0.0025671,2.6162e-06,2.9664e-06,1.8491e-05,1.0112e-05,0.013956,0.011633,0.012833,0.018049,0.0099853,0.0033748,0.0082277,0.006547,2.835e-06
3,0.0092001,0.0074816,0.0064757,0.0031718,1.0836e-05,1.7663e-05,0.0026666,1.6821e-05,0.0030137,0.0035178,0.0031131,1.1761e-05,9.0064e-06,4.9131e-06,3.3349e-06,1.0624e-05,1.1772e-05,1.4653e-05,1.4011e-05,3.5441e-06,3.2682e-06,4.0848e-06,3.7985e-06,8.1205e-06,8.3003e-06,3.3202e-06,0.0027063,1.3818e-05,5.3327e-06,1.1387e-05,1.203e-05,9.5841e-06,0.01031,0.002532,5.1654e-07
3,0.0086649,0.0030108,0.0043335,0.0046164,5.3675e-06,2.379e-06,1.3575e-06,2.2739e-06,1.9667e-06,4.9914e-06,8.4447e-06,1.1573e-05,7.2061e-06,4.3371e-06,6.8117e-07,0.0027801,0.0083965,0.008816,0.0085016,0.014533,0.025595,0.023589,0.02186,0.01709,0.006487,0.0054924,0.0063279,0.0061619,0.0042285,0.008453,0.0069925,0.0070181,0.0035121,0.0038193,0.0036754,1.7863e-05,0.0031453,5.997e-06,0.018426,0.0059841,0.0065092,0.041353,0.07125,0.018913,1.8998e-06
3,1.7708e-05,0.018756,0.030375,0.5,0.58579,0.46196,0.010773,0.0033597,0.0025215,0.0037347,0.0089212,0.0072353,0.006167,0.0058055,9.6224e-06,1.1966e-06,0.0059368,5.5223e-06,8.9595e-06,1.344e-05,7.4062e-06,0.0041862,7.4861e-06,9.1693e-06,0.0075409,0.0058149,0.0045443,0.010137,0.010149,0.0054687,0.0054803,0.008075,0.0025601,0.0036255,0.0034898,0.0031935,1.6961e-05,1.1087e-05,6.4038e-07,6.7739e-07,8.1499e-07,6.0232e-07,0.0068084,0.0084427,0.013061,0.024795,0.049325,0.0029959,0.0031293,0.0029333,0.0028965,0.0031612,0.0029442,0.0032648,7.0527e-06,8.2657e-07,2.1798e-07
3,0.012394,0.01487,0.031617,0.036022,0.038242,0.032101,0.0097428,0.003237,7.7372e-06,7.9603e-07,6.5526e-07,2.1171e-06,1.5909e-05,1.5937e-05,0.0027818,9.1637e-06,6.0398e-06,5.7415e-06,1.4321e-06,6.7404e-06
3,0.014915,0.0050796,0.0032883,0.0028457,1.0888e-05,6.0729e-06,6.2432e-06,3.2603e-06,2.0231e-06,2.1071e-06,2.417e-06,1.714e-06,6.7161e-06,0.0025409,1.1231e-05,1.6333e-05,0.0032672,0.0028451,6.9212e-07,3.6092e-07
3,0.0048377,0.0048328,0.01196,0.013023,0.013142,0.010084,0.0085009,0.0031761,0.0030749,0.0031595,0.003284,1.1342e-05,4.8998e-06,8.2139e-06,8.2973e-06,0.0033628,0.0033598,0.0049094,0.0034044,0.0039355,0.0038562,1.6639e-06
3,0.011612,0.010886,0.0084522,0.012061,0.011503,0.010878,0.0095357,0.007583,0.0059182,0.0069465,0.0065951,1.0255e-05,3.4462e-07,8.187e-07,5.7541e-07,1.2271e-06,3.9617e-06,7.2306e-06,2.8908e-06,9.1906e-07,5.3891e-07,3.1265e-07,5.8227e-07,6.1833e-07
3,0.0049938,0.0061123,0.0061299,0.0052957,0.0045422,0.0028673,0.0027771,1.3731e-05,0.0085617,0.025368,0.05649,0.069836,0.20065,0.067786,0.021038,0.014541,3.8006e-06,0.0038913,0.062959,0.016589,0.045293,0.029758,0.019411,0.0040347,1.226e-05,1.1774e-05,7.657e-06,9.5948e-06,1.3223e-05,1.5906e-05,0.0030976,0.029488,0.040284,0.022088,0.012613,0.0080653,1.3833e-07,2.1257e-07,4.8739e-07,3.2022e-07
3,0.0098262,0.011664,0.0029437,8.7614e-06,1.1355e-05,0.0040089,0.0041085,0.025491,0.02935,0.021946,0.014617,0.0068024,7.1245e-06,8.2096e-06,0.011253,9.5e-06,0.0030874,0.0095053,0.0091767,0.0036265,4.879e-06,1.9378e-06,2.787e-06,0.003474,0.0094071,0.018502,0.020842,0.013486,8.8917e-06,1.6431e-05,1.0362e-06,1.0259e-06,1.0451e-06,4.683e-06
3,0.0054366,0.0048023,8.8832e-06,0.002783,0.0029721,0.0047077,0.0030625,0.0027145,1.5908e-05,1.2332e-05,0.0026964,0.0031019,0.0055056,0.011822,0.0037956,1.3094e-06,1.0406e-07,2.2126e-07,6.07e-07,9.4447e-07,1.5807e-06,3.8933e-06,1.0668e-06,9.0712e-07,9.6065e-07,1.3712e-06,1.865e-06,3.76e-06,6.5478e-06,0.01043,0.020713,0.013064,0.0041575,3.4268e-06,1.0787e-06,1.4804e-06,7.9465e-06,5.8157e-06,0.0028153,6.847e-06,1.3163e-06,2.017e-06,9.3948e-07,2.4787e-07,9.3502e-07,6.6309e-07,3.8794e-07,5.1295e-07,2.0972e-06,4.7518e-06,6.6937e-07,7.0378e-06
3,0.0091639,0.0061138,0.0057852,0.005359,0.0063878,0.014101,0.009132,0.010444,0.0044887,0.009942,0.010109,0.0084407,0.0092169,0.0086386,0.007075,0.0054855,0.0043573,0.006389,0.0051577,0.0034466,1.2882e-05,1.7149e-05,0.0030338,1.5177e-05,0.0030516,0.003071,3.3264e-06,6.287e-06,9.1174e-06,1.4164e-05,1.5737e-05,0.0030675,0.0029425,5.3975e-06,1.2277e-06,1.8582e-05,5.3263e-07
3,0.032049,0.019755,0.018634,0.019845,0.062273,0.0509,0.0060738,0.0048852,0.0035079,1.223e-05,0.0038017,0.0061288,0.0067257,0.0075441,0.011006,0.0061249,0.005254,0.0056994,0.012544,0.0031765,0.0043358,0.0077687,0.0067649,0.012979,0.013408,0.011872,0.011774,0.010252,0.0044559,1.5186e-05,3.5109e-06,0.0036266,0.0027357,5.7412e-06,1.6003e-06,6.4715e-06
3,0.0071647,0.0063758,0.0073559,0.0071013,0.0065264,0.0049984,8.5113e-06,1.6176e-05,1.6127e-05,1.7127e-05,0.004196,0.005335,0.004504,0.0050748,0.0044797,1.5711e-05,5.6735e-06,4.8709e-06,1.4969e-05,0.0028267,0.0028727,0.0053946,1.748e-05,1.3557e-05,1.3793e-05,1.0511e-05,1.4062e-05,0.0025423,0.0035524,0.0044879,0.0036662,1.8474e-05,5.596e-06,5.7127e-07,4.551e-07,3.4291e-07,1.3979e-06,0.0041497,7.6606e-07,6.1171e-07,4.1096e-07
3,5.794e-07,7.2336e-07,5.7201e-07,8.8942e-07,2.8918e-06,6.2113e-06,8.481e-06,4.4934e-06,6.833e-06,5.8324e-06,6.0396e-06,0.0030262,1.752e-05,3.4622e-06,5.9268e-06,4.1001e-06,2.8655e-06,1.0179e-06,1.0658e-06,1.1585e-07,1.8683e-07,9.1777e-07,2.0453e-06,1.2028e-06,9.5665e-07,4.1904e-07,1.6349e-05,0.0032925,0.0036772,0.0036721,0.0067489,0.021469,8.1559e-06,7.0182e-06,5.6672e-06,0.0039254,0.0064206,0.010071,0.016855,0.055856,0.14877,0.18913,0.15912,0.13359,0.0035334,5.5516e-06,1.3789e-06,1.2194e-06,5.7801e-06,0.01238,0.011344,0.0088197,0.0070388,0.0045842,3.4594e-06,0.0070401,0.011314,0.038016,0.020476,0.0039218
3,0.0034874,1.4988e-05,1.2229e-05,0.0028608,9.3604e-06,0.0040876,0.019607,0.062528,0.19631,0.17895,0.10866,0.014979,4.4945e-06,1.3529e-05,7.6873e-06,4.2411e-06,2.4645e-06,0.0035849,8.4311e-06,1.2318e-05,0.0033106,0.0032881,1.7409e-05,1.4084e-05,7.0315e-06,4.3827e-06,1.1205e-05,7.895e-06,6.4493e-06,8.7532e-06,9.0736e-06,1.7126e-05,1.2073e-05,0.0056216,0.0026343,1.4252e-05,1.983e-06,2.7944e-06
3,0.0086784,8.5342e-06,4.9453e-06,4.3629e-06,1.5693e-06,1.9392e-07,1.8287e-07,1.7706e-07,4.1066e-07,7.852e-07,8.5407e-07,4.5136e-07,4.0264e-06,2.7864e-06,5.7571e-07,1.9942e-06,0.0044016,0.0032346,1.4734e-05,0.0026709,0.002897,1.5269e-06,4.4164e-06,5.9696e-06,6.6922e-06,8.3447e-06,2.2725e-06,1.6748e-06,1.8723e-06,8.8995e-07,6.1242e-07,1.022e-06,1.0815e-06,1.9452e-06,2.2464e-06,9.1539e-06,0.0056292,0.0093566,0.0071443,0.022154,0.019313,0.028639,0.022127,0.023109,1.241e-05,0.0068436,0.007621,0.0050069,0.010216,0.027311,0.0064963,1.4059e-05,4.3436e-07
3,0.0036015,1.7717e-06,4.4925e-06,3.191e-06,4.0917e-06,0.0050162,0.0029707,1.9973e-06,0.0042649,0.0026392,4.887e-06,1.135e-05,0.0059985,5.2909e-06,3.6591e-06,2.7593e-06,1.4906e-06,4.7145e-07,3.0641e-06,1.3923e-05,0.0039231,0.0058857,0.0027008,1.7411e-05,5.985e-06,2.0439e-06,9.3935e-07,4.0457e-07,3.639e-07,3.6142e-07,3.2871e-06,2.1856e-06,1.1837e-05,0.0058838,0.0062847,0.0040657,1.1454e-05,0.0026385,1.1095e-06,8.0892e-07,7.7597e-07,1.4118e-06,0.0033164,1.0437e-05,0.0030254,0.0044916,0.0038984,1.9217e-06,6.5178e-07,8.0156e-06,4.0925e-06,7.124e-06,9.691e-06,0.0034025,0.0051633,0.0040823,0.0044821,2.8611e-06,7.1887e-07
3,0.011945,0.0048854,0.0074169,0.0074279,0.0074477,0.0064748,0.0071704,0.0036365,1.6278e-05,1.7389e-05,1.7424e-05,0.0039583,0.002632,1.3932e-05,0.0079374,0.0081089,0.007455,0.0060315,0.0058522,0.0044119,0.0050238,0.0069046,0.0056479,0.0040904,1.087e-05,2.5187e-06,1.8903e-06,3.2764e-06,2.2002e-06,3.1357e-06,7.2825e-06,5.0296e-06,5.3829e-06,4.1926e-06,1.3908e-06,5.918e-07,7.3662e-07,1.8466e-06,2.4856e-06,3.5819e-06,1.2758e-06,2.6577e-06,2.6337e-06,1.2482e-06,1.6636e-06,2.2197e-06,5.5657e-06,8.9364e-06,1.8154e-05,7.0435e-07
3,0.012261,0.0086504,0.0088344,0.010594,0.0097196,0.0089681,0.013585,0.0066887,0.0031827,0.0045939,0.0047352,0.0071346,0.0025875,3.8411e-06,2.2129e-06,3.8967e-06,0.0035768,5.2363e-06,0.0039733,0.0036197,0.0025654,8.1854e-06,3.4016e-06,4.0274e-06,1.0026e-05,1.3388e-05,1.6665e-06,4.9575e-06,7.1872e-06,3.7737e-06,5.0134e-06,1.5857e-06,1.7929e-07,2.2305e-07,9.3804e-07,5.4731e-07,1.2132e-06,1.0428e-05,2.1318e-06,2.4797e-06
3,3.3132e-06,5.8994e-06,2.584e-06,3.1602e-06,1.7238e-06,0.0050784,1.3868e-05,1.3305e-05,0.0071043,0.0054696,0.0039034,1.2184e-05,8.6702e-06,7.6445e-06,3.9593e-06,8.411e-06,9.4361e-06,2.3137e-06,8.2204e-07,6.1709e-07,7.8933e-07,2.9042e-06,1.1513e-06,9.8226e-07,1.1645e-06,1.3888e-06,4.2011e-07,0.0048743,1.8161e-05,1.788e-05,0.0031531,0.003259,0.0028573,1.3728e-05,7.7279e-06,1.0828e-05,1.6959e-05,6.0061e-06,6.2164e-06,1.8052e-05,1.9066e-05,0.0033438,0.0047452,0.0039805,8.0493e-06,6.8086e-06,2.8303e-06,1.1325e-05,3.3402e-06
3,0.038681,6.6076e-06,8.9441e-06,1.5415e-05,7.9104e-06,5.2311e-06,5.8276e-06,1.9094e-06,3.5298e-06,4.6246e-06,7.8082e-06,4.6434e-06,0.0028056,0.0037766,0.0051657,0.005169,0.0038984,3.2222e-06,6.6649e-06,0.012977,0.011302,0.045716,0.01921,0.0088216,0.0088934,0.027393,0.011535,0.0092337,0.010086,0.0042855,7.2658e-06,5.0478e-06,9.2057e-06,0.0047411,0.0047639,0.0049111,0.018918,0.01415,0.0072248,8.6559e-06,2.1775e-06,5.8027e-07,2.0116e-06,1.0706e-05,0.0026448,0.0041186,0.003034,1.1773e-05,0.046435,0.030355,0.12498,0.020863,0.016031,3.3294e-06
3,1.0211e-05,1.4292e-05,3.8905e-06,4.2908e-06,1.9442e-06,1.3318e-06,1.1672e-06,3.1765e-06,6.6181e-06,0.00369,0.0081131,0.0054509,0.0043399,0.0049365,0.0037253,3.4775e-06,6.3269e-06,1.4208e-05,0.0053772,5.116e-06,2.3667e-06,0.0091602,0.0029301,0.0034582,0.0046277,0.0039222,0.0027124,1.3653e-05,0.0044938,0.0043891,0.0038434,1.3706e-05,5.5687e-06,9.2671e-06,6.5793e-06,8.4476e-06,8.084e-06,0.0042452,5.1427e-06
4,0.060882,0.097883,0.047026,0.083027,0.034542,0.015223,0.016288,0.0050421,0.0039259,6.4375e-06,2.1347e-06,0.0028706,1.0712e-05,1.504e-05,0.0029232,0.0039447,2.0369e-07
4,0.0097985,0.013177,0.0056394,0.012575,0.011951,0.0059364,0.0071182,0.0072899,0.092946,0.058621,0.044866,0.048603,0.010752,0.0049914,0.0046087,2.5049e-06,3.6494e-06,1.2251e-06
4,0.19435,0.050431,0.1029,0.44584,0.069315,0.037116,0.024395,0.0086325,0.0030533,5.5873e-06,0.0043091,1.8823e-05,0.0082008,0.0065792,0.0067224,1.2646e-05,3.9794e-06,1.467e-07
4,0.082885,0.14248,0.1943,0.20466,0.050519,0.072032,0.010844,0.0040958,5.9128e-06,0.003111,1.3234e-05,1.3025e-05,0.0057891,0.0038144,3.8257e-07,8.1395e-08
4,0.10401,0.079459,0.18433,0.18117,0.073925,0.19926,0.14735,0.049016,0.0045874,0.0041163,0.0091069,1.2252e-05,0.0038964,0.012554,1.2183e-05,1.4887e-06
4,0.011047,0.013284,0.01356,0.0036765,8.7234e-06,0.035527,0.030922,0.027002,0.010158,0.02401,0.0058573,0.0074671,0.015841,0.012197,0.004909,1.802e-06,0.0029694
4,0.13684,0.074622,0.18251,0.076277,0.0069438,0.03195,0.025175,0.018396,0.014656,0.0070154,0.012939,0.0084964,0.0035479,0.0039392,0.0047436,0.0035538,0.0035898
4,0.048363,0.0096199,0.013332,0.025256,0.016111,0.0063161,0.0097619,0.049216,0.075811,0.16052,0.081156,0.0098362,0.0026986,8.2363e-06,1.3671e-05,1.4618e-06,2.7859e-06,1.5608e-05
4,0.10559,0.023443,0.047786,0.030555,0.0033822,0.0069136,0.022171,0.034829,0.034033,0.0087769,0.0053643,0.0029419,1.8799e-06,0.0029093,3.7694e-06
4,0.019673,0.018635,0.033239,0.031656,0.077104,0.025738,0.030178,0.024287,0.01546,0.033615,0.0067773,0.010663,0.0087145,0.0041519,5.0443e-06,1.6696e-05
4,0.12827,0.045725,0.041798,0.033909,0.0061569,0.007195,0.0052703,0.0098818,0.008026,0.03755,0.029408,0.02235,8.4861e-06,8.1998e-06,1.9742e-06,7.0352e-07
4,0.0044673,0.0082419,0.0073865,0.0087876,0.047779,0.010148,0.013622,0.0056477,0.0050048,0.011381,0.013545,0.01916,0.029161,6.855e-06,2.2491e-06,9.6371e-07,2.2116e-06,3.0044e-07
4,0.0089967,0.0042483,0.008995,0.0065526,0.0054776,0.0060073,0.0053908,0.0029821,0.0043906,0.0085311,0.0051683,0.0095557,0.0073834,0.0078844,4.3455e-06,1.4698e-05,1.671e-05,9.1627e-06,0.0027335,0.0027555,2.3777e-06
4,0.099758,0.017516,0.067581,0.019403,0.030139,0.018556,0.017176,0.013488,0.033543,0.031398,0.0067569,6.8681e-06,1.0548e-05,8.4862e-07,8.9199e-06,4.3199e-06
4,0.01009,0.0061696,0.0026961,0.0047584,0.0037992,0.0038825,0.0042154,0.0048624,0.0031746,0.0032474,0.0032141,7.1015e-06,1.6235e-05,0.0040779,0.0045369,4.3163e-06,1.6267e-07
4,0.40811,0.011214,0.02966,0.018969,0.29826,0.22197,0.11206,0.22212,0.22488,0.080683,0.070963,0.060675,0.058343,0.032504,0.13132,0.19771,0.13532,0.06843,0.068111,9.7835e-06,6.8993e-06,2.4688e-06,6.1965e-06,1.4578e-06,9.1329e-06,0.0043405,0.22704,0.35599,0.33393,0.35609,0.071397,0.011484,3.6993e-07,1.3003e-07
4,0.080737,0.097591,0.091821,0.09421,0.024425,0.027058,0.074522,0.25679,0.25479,0.23896,0.13559,0.15912,0.012146,0.017459,0.013302,0.0087531,0.032279,0.0086412,4.1713e-06,1.1897e-05,7.8468e-06,0.0033788,0.0054003,0.0030344,0.004895,0.0032141,1.0949e-05,4.5423e-06,7.3773e-06,1.429e-05,2.5787e-06
4,0.0045659,0.0090058,0.0053026,0.058086,0.026939,0.01981,0.024706,0.055955,0.16021,0.19074,0.20102,0.16739,0.22575,0.055983,0.06349,0.17758,0.13529,0.20745,0.01694,1.7763e-05,4.585e-06,8.8707e-06,4.5852e-06,0.0065534,0.0044422,0.0062136,0.0062464,0.0033783,5.2978e-06,4.6949e-06,5.265e-06,5.5688e-07
4,0.032555,0.12844,0.1869,0.083177,0.05444,0.046541,0.058578,0.13074,0.12296,0.060473,0.027049,0.014991,0.012547,0.068182,0.3022,0.4437,0.25778,0.017535,0.019974,0.03317,0.016101,0.012954,0.021207,0.011315,0.0032826,0.0059722,0.0034639,9.9858e-06,7.4019e-06,0.0036254,2.9432e-07,1.5853e-06
4,0.23553,0.1709,0.22381,0.18754,0.031682,0.016175,0.014694,0.034471,0.029571,0.020281,0.037548,0.033312,0.10895,0.14776,0.14125,0.040855,0.079236,0.0025307,1.3681e-05,0.0041056,1.3348e-05,1.7995e-05,0.010266,0.014415,0.015997,0.028175,0.015903,0.0080424,0.0081778,0.0046869,3.3128e-07,2.2617e-06
4,0.012188,0.017379,0.03367,0.044209,0.044144,0.011793,0.0040591,0.0040761,0.0027279,7.0265e-06,0.0047253,0.010111,0.028535,0.025649,0.008007,0.0028576,1.1294e-05,4.103e-06,2.268e-06
4,0.12812,0.095274,0.20378,0.14055,0.095299,0.035996,0.011378,0.0092461,0.0053054,8.4521e-06,9.9066e-06,5.2368e-06,7.3249e-06,6.1242e-06,2.5382e-06,7.2482e-07,1.9174e-07,2.6538e-07,1.75e-07
4,0.021907,0.029908,0.039582,0.028659,0.02591,0.01498,0.0072258,0.0052847,0.014938,0.0076728,0.0051995,0.0037383,0.0031204,8.9314e-06,2.4574e-06,1.513e-06,6.2344e-07,7.1588e-06
4,0.037308,0.019515,0.011467,0.010578,0.002985,0.0035829,0.023421,0.028993,0.041057,0.063801,0.053224,0.017635,0.0072568,0.004126,0.0043383,8.0058e-06,0.0025267,0.0036895,1.8368e-05,1.5526e-05,7.1359e-06,8.9926e-06,2.6402e-06,3.0007e-06,8.6594e-07
4,0.091793,0.0096926,0.013373,0.0047288,0.013857,0.06125,0.046,0.054361,0.12288,0.042055,0.0052832,0.0055712,0.0087201,0.028866,0.046389,0.02344,0.069063,0.008786,0.0028063,0.0051537,0.0030879,8.3405e-06,1.3916e-05,3.6158e-07
4,0.021885,0.012789,0.017172,0.032379,0.038389,0.024908,0.022022,0.051212,0.035322,0.015415,0.010736,0.010092,0.0032096,0.0099012,0.01681,0.035475,0.023346,0.019016,0.0051596,1.6835e-05,1.1069e-07,3.1125e-07,7.8601e-08
4,0.020984,0.013456,0.011503,0.011214,0.0063085,0.0081738,0.108,0.090817,0.053487,0.03222,0.01127,0.0034665,5.4194e-06,3.9521e-06,1.595e-06,6.062e-07,1.7756e-06,4.1745e-07,4.8932e-07,8.789e-07,3.8906e-06,8.4673e-07,1.2204e-06,5.8625e-06,6.421e-06
4,1.5495e-05,2.8318e-06,0.0035282,0.0090888,0.0089822,0.017491,0.0089677,0.013311,0.12791,0.42751,0.2113,0.21434,0.146,0.16483,0.0047322,0.0057135,0.0038986,0.0052268,0.0043711,0.0042893,0.0048756,0.0040338,1.3555e-06,2.8971e-06,1.802e-06,1.639e-06,5.8143e-06,1.9931e-06,4.4137e-06,9.2948e-07
4,0.012133,0.0062963,0.0036636,0.003578,0.0029598,0.0028736,0.0036554,0.0030011,0.020664,0.10676,0.03536,0.10221,0.021673,0.041526,0.040483,0.036611,0.011441,0.061529,0.0052907,0.0064965,0.0031611,1.1429e-05,1.4354e-05,1.6881e-05,2.2802e-06,1.6789e-07,1.4262e-06
4,3.3624e-06,6.5471e-06,1.7545e-05,1.2981e-05,0.017175,0.055595,0.13786,0.14655,0.32658,0.38252,0.037587,0.0058642,0.003981,5.4892e-06,0.003,1.2612e-05,9.8004e-06,0.0033306,1.031e-05,8.6871e-06,1.1122e-06,9.6382e-07,1.8527e-06,2.9806e-06,9.0052e-06,1.695e-06,1.0405e-06,1.3656e-07
4,0.13594,0.025618,0.026834,0.034014,0.057916,0.016144,0.0085388,0.014714,0.017359,0.0054279,0.0035679,1.4488e-05,0.0049935,0.0096302,0.083899,0.095162,0.080033,0.043962,0.019083,0.019745,0.0060168,0.0083507,0.0076813,0.0042463,2.8391e-07,8.649e-07,1.2673e-06
4,0.16811,0.067731,0.074135,0.16265,0.1273,0.068964,0.042279,0.092842,0.20101,0.79149,0.73235,0.78896,0.32428,0.31222,0.26857,0.12191,0.29267,0.33931,0.08605,0.14793,0.22121,0.13002,0.10403,0.024134,0.0068924,0.0032694,0.0027366,1.8533e-07,8.6953e-07,6.8548e-07
4,0.073097,0.061288,0.043282,0.035908,0.012716,0.0046453,0.0092493,0.0085689,0.0090604,0.012137,0.0087334,0.0051697,0.013222,0.021493,0.069378,0.094434,0.031639,0.05661,0.016518,0.012053,1.7585e-05,2.0407e-06,1.1029e-06,4.7806e-06,8.4652e-06,1.2544e-06,4.7937e-06,1.8306e-06
4,0.031505,0.010597,0.010871,0.018522,0.039138,0.011927,0.020171,0.02789,0.036869,0.024667,0.03132,0.015875,0.0089163,0.0040584,0.0025871,0.0031907,7.173e-06,7.8193e-06,0.0029534,4.29e-06,6.1857e-06,1.2104e-05,9.7067e-06,2.6122e-06,0.0038616,1.6913e-05,0.0037949,0.0029228,0.0029056,8.0879e-06,0.0025716,1.8114e-05,0.0096755,0.003688,9.7935e-07,1.6487e-06
4,0.016074,0.0055131,0.0045554,0.013147,0.015929,4.5782e-06,0.0031351,3.8176e-06,0.022607,0.043289,0.13048,0.12113,0.095704,0.037733,0.0056105,0.002696,0.0041619,0.019927,0.052819,0.039635,0.0079721,0.0031325,0.018652,0.10219,0.2266,0.10239,0.25206,0.32686,0.062057,0.01021,0.010138,0.017931,0.018288,0.0075235,1.5979e-05,1.438e-05,0.0031144
4,0.031822,0.013111,0.005806,0.0086061,0.0076983,0.0060141,0.0035812,0.0041985,0.0037511,0.004746,0.010404,0.020209,0.016856,0.029719,1.3534e-05,0.0059526,0.0080128,0.0092056,0.014782,0.049869,0.0081259,0.020608,0.013027,0.012734,0.010597,0.01114,8.4431e-06,0.011367,0.010454,0.0064628,0.0036343,1.5993e-05,0.0027727,0.0037953,0.0036651,0.0036204,1.6717e-06,1.5872e-06,1.1958e-07
4,0.015142,0.0032322,0.0037385,0.062271,0.055008,0.058384,0.06647,0.068757,0.12396,0.056532,0.03544,0.0042652,0.0028659,1.1171e-05,1.7459e-06,6.385e-06,0.0093583,0.015308,0.01233,0.0077018,0.0056777,0.00256,3.0467e-06,6.4127e-06,0.0028845,0.011551,0.0063788,0.022573,0.014037,0.0057881,0.0063963,0.0052393,1.8317e-05,1.981e-06,3.0968e-07,1.5498e-07,1.2612e-07
4,0.0040891,0.0059577,0.018891,0.029046,0.10709,0.066968,0.038352,0.013004,0.0048179,1.5965e-05,0.0045788,0.0069534,0.0074643,0.0088307,0.0043245,5.4505e-06,1.2471e-05,0.0036,3.3433e-06,5.2532e-06,6.4952e-06,7.0021e-07,4.7019e-07,1.9493e-06,5.8771e-08
4,0.014963,0.017374,0.028076,0.011095,0.111,0.030974,0.030303,0.10488,0.14623,0.013303,0.034064,0.043138,0.028816,0.01526,0.01357,2.9311e-06,0.0026691,0.0060339,0.024309,0.076306,0.030507,0.052928,0.020939,0.0072993,0.0031729,3.4558e-06,3.0548e-07
4,0.17294,0.10848,0.069796,0.011205,0.033312,0.010409,0.082746,0.048306,0.061642,0.0085742,0.0057394,0.005348,0.0074724,0.0074023,0.0081174,0.0031667,1.1225e-05,1.3895e-06,2.8404e-06,1.1677e-05,5.0462e-06,0.0029356,1.9136e-05,1.4151e-05,2.5954e-06,2.7928e-06
4,8.4974e-06,8.5436e-06,4.5407e-06,1.5715e-05,0.0058437,0.0048681,0.0084388,0.0058384,0.0045674,1.3294e-05,7.1973e-06,6.5409e-06,1.7672e-05,1.3424e-05,6.6859e-06,0.0071345,1.8208e-05,1.4999e-05,0.0031921,0.024848,0.0054039,1.0597e-05,0.0036866,0.0028079,6.0329e-07,8.7715e-07,1.0001e-06
4,0.022634,0.0066509,0.022013,0.021846,0.013923,0.068141,0.024288,0.012147,0.0087289,0.0095441,0.030104,0.032841,0.020917,0.010782,1.2756e-05,8.6592e-06,5.2844e-06,7.0445e-06,3.9234e-06,5.5363e-06,1.9203e-06,1.1342e-06,1.6941e-05
4,0.011163,0.0039665,0.0063358,0.010045,0.024613,0.1036,0.16762,0.21638,0.5,0.74311,0.54654,0.60525,0.41327,0.057901,0.0040679,0.0027437,5.5661e-07,8.7654e-06,1.527e-05,2.0894e-06,1.1628e-06,1.2611e-05,1.9216e-07
4,0.0051144,0.014675,0.012806,0.031404,0.034984,0.022807,0.0056449,0.0050411,0.0036551,0.015962,0.011709,0.009441,0.0094696,2.6616e-06,3.8968e-06,1.9681e-06,3.2653e-06,3.9374e-06,4.2064e-06,2.7052e-06,3.1676e-06,0.0028868
4,0.040681,0.061224,0.029372,0.062296,0.091409,0.087068,0.059896,0.028735,0.0056177,0.005349,0.0036817,0.0042599,0.0037531,1.509e-05,1.0234e-05,1.3349e-06,7.0509e-07,1.1297e-06,1.8826e-05,8.9363e-06,1.8592e-05,1.1004e-05,0.0029405,9.9977e-07
4,1.3639e-05,8.056e-06,0.0053073,0.014226,0.032553,0.038876,0.019874,0.037501,0.015877,0.021167,0.010656,0.075003,0.054377,0.019331,0.0029247,0.004785,1.1273e-05,0.0028067,0.0034717,0.0051067,3.8885e-06,3.2179e-06,1.4203e-06
5,0.2105,0.03918,0.07481,0.22082,0.49205,0.7588,0.43856,0.36753,0.20654,0.38414,0.57414,0.44035,0.46196,0.14446,0.073893,0.020287,0.004494,0.0051084,0.0098797,0.0030131,0.0026585,0.012068,2.4376e-06,2.2919e-06,3.303e-07,2.1043e-07,1.5227e-07
5,0.0097045,0.021329,0.16761,0.17036,0.1164,0.023803,0.020532,0.011,0.0037204,3.2908e-06,5.2905e-07,1.0436e-06,4.0832e-06,1.5924e-05,0.02164,0.043328,0.012022,0.0036786,1.3773e-05
5,0.01471,0.0082421,0.0076491,0.0072037,0.15456,0.088682,0.051115,0.0031347,0.0041308,0.0068187,0.0091366,0.027042,0.022064,0.022184,4.3287e-06,3.2168e-07,4.7612e-07,1.4593e-06,0.0026174,0.0073929,0.0035979,6.646e-06,4.8377e-06,8.9905e-06
5,1.1629e-07,0.0054351,0.0091876,0.0055497,0.0078248,0.024495,0.090457,0.20249,0.13985,0.17652,0.26741,0.33929,0.11817,0.059403,0.14398,0.076103,0.03102,0.33839,0.23223,0.029418,0.026493,0.026163,0.0072696,7.5661e-07,1.3379e-05
5,0.41546,0.11323,0.39992,0.33961,0.24112,0.017986,0.3171,0.051645,0.038648,0.22475,0.24762,0.11445,0.038141,0.14018,0.014766,2.0619e-07
5,0.012853,0.008695,0.010998,0.025174,0.02539,0.042952,0.047909,0.075037,0.043945,0.042401,0.091282,0.20715,0.42997,0.15845,0.14229,0.024525,0.061912,0.01262,0.0061229
5,8.8947e-06,1.5613e-05,7.2513e-07,9.8284e-07,0.0031063,0.013018,0.069752,0.085942,0.038747,0.0065717,0.025036,0.031883,0.4472,0.56464,0.52501,0.21649,0.047595,0.013903,0.0046913,0.0025377,0.0030928,0.0042117,0.0076588,0.0088999,0.0075047,0.0099591,0.0037713,0.0096223,0.015761,0.023863,0.0035283,0.0038458,3.8933e-06
5,0.0036389,0.0083955,0.0077268,0.007293,0.0079395,0.031972,0.15079,0.077019,0.022866,0.030473,0.01256,0.023696,0.11003,0.23411,0.40144,0.15007,0.056087,9.0375e-06,1.6512e-06,4.5191e-06,5.6076e-06,7.7785e-07
5,2.0266e-07,0.0039386,1.1375e-07,1.2224e-06,0.02591,0.059474,0.14233,0.053219,0.011303,0.0025694,0.035672,0.031176,0.032365,0.014734,0.030613,0.029109,0.054017,0.13298,0.061603,0.028778,0.030354,0.089917,0.045465,0.12844,0.23144,0.16674,0.049159,0.04118,0.024811,0.0051214,1.45e-05,7.7797e-06,7.8499e-07,3.6217e-06,1.3617e-06,0.0030846,0.0088863,0.016209,0.013986,0.0050925,4.3798e-07,2.625e-07
5,9.0456e-07,1.0917e-06,0.0052426,2.2019e-07,2.4992e-06,0.011955,0.049166,0.20596,0.16353,0.29635,0.38882,0.34958,0.16074,0.41504,0.55879,0.32792,0.23977,0.21524,0.26075,0.039353,0.041112,0.049752,0.030021,0.0031057,0.017586,0.014348,0.038197,0.075649,0.01249,0.013795,0.0089381,0.012226,0.017396,0.018762,0.0046723,0.010975,0.01622,0.0087923,0.012979,0.016844,0.016005,0.015409,0.0139,0.027609,0.020665,0.0061171,0.0031201,0.02856,0.0055501,9.2482e-06,2.1258e-07,2.6815e-07
5,0.15178,0.064426,0.021856,0.026037,0.0089568,0.019982,0.013421,0.0099789,0.0062814,0.020173,0.0078891,0.019214,0.01589,0.011844,0.014567,0.013888,0.0097573,0.005751,0.024162,0.2836,0.087218,0.21782,0.081104,0.011791,0.008774,0.0060992,0.0031784,0.0037029,1.0693e-05,4.8657e-07,4.7596e-07,1.2215e-07,2.1193e-07,2.9078e-06
5,6.441e-06,1.0928e-06,0.0094875,0.024671,0.04761,0.12049,0.082551,0.026176,0.017502,0.0096114,0.010279,0.0072759,0.0086599,0.43484,0.16553,0.44689,0.53657,0.73249,0.32114,0.071658,0.21189,0.14805,0.099013,0.19309,0.26695,0.11155,0.20106,0.35178,0.037423,0.024864,0.0078105,3.9343e-06,0.010304,0.013855,0.0035953,1.343e-05,0.0063898,7.6195e-06
5,0.0076378,0.0062199,0.0252,0.025584,0.086132,0.052561,0.28891,0.4598,0.32918,0.46457,0.19543,0.14811,0.056263,0.028784,0.01978,0.023855,0.015642,0.0059598,0.017302,0.0068885,0.013054,0.0063053,0.0068015,0.0027267
5,0.012462,0.0031648,3.9307e-06,1.6862e-06,3.2143e-07,9.8136e-06,0.010027,0.033482,0.22441,0.16088,0.1036,0.026329,0.020504,0.17896,0.2324,0.08697,0.23554,0.052217,0.0063163,0.0051591,0.012265,0.020228,0.054979,0.037452,0.005484,4.5298e-07,9.5634e-06,2.704e-06,1.4888e-06,8.4831e-07,3.4536e-06
5,1.1755e-06,2.6432e-07,0.0069918,0.0087243,0.0089054,0.0084511,0.014253,0.012983,0.027685,0.11887,0.18692,0.26464,0.14105,0.12981,0.11821,0.017811,0.013067,0.016806,0.009073,0.0098022,0.0067764,0.011867,0.016523,8.5921e-06,1.224e-05,0.0031242,8.3894e-06,8.9432e-06,0.0025667,0.002906,2.0545e-07
5,4.5603e-07,0.0048273,0.0077902,0.012707,0.060016,0.16655,0.010599,0.0043089,4.0196e-07,3.2725e-07,7.5199e-06,9.4772e-06,0.0060238,0.031531,0.015561,0.044286,0.057027,0.024608,0.0049312,0.0079361,0.066517,0.033006,0.075481,0.084279,0.15213,0.079121,0.015565,3.8504e-06,1.2168e-06,0.0026123,6.4076e-06,1.2152e-05,1.2501e-05,1.8173e-05,0.0066796,0.0041978,0.011281,0.025521,0.012447,0.0027993,0.0029756,0.0075212,0.0035519,0.0069854,0.017641,0.044341,0.0083197,0.01772,0.048006,0.10612,0.078082,0.25324,0.038457,0.031254,0.013745,2.0346e-06
5,0.035298,0.010105,0.010464,0.27352,0.26746,0.81426,0.64465,0.47388,0.1209,0.07747,0.022694,0.2006,0.12186,0.18133,0.20317,0.059388,0.0031422,0.021655,0.13197,0.18574,0.15617,0.10781,0.18683,0.044297,0.033162,0.018072,0.41206,0.18818,0.057695,0.13941,0.33475,0.067474,0.058484,0.058161,0.063862,0.066825,0.10401,0.124,0.14977,0.19147,0.032059,0.053472,0.030961,0.011824,0.032103,0.052109,0.016751,4.1594e-06,1.1607e-05,2.3643e-06,1.1267e-06
5,0.016254,0.0067062,0.004003,0.0057239,0.0036816,0.0057919,0.0025933,1.0906e-05,0.0049859,0.018703,0.0073597,0.016512,0.021226,4.6493e-06,1.1744e-05,0.0052023,0.0047042,0.0068506,0.013801,0.011401,0.0032602,4.9022e-06,0.0086351,1.1706e-05,4.9357e-07,3.031e-06,0.0037538,5.6618e-07,8.0985e-07,0.011152,0.0064481,0.12088,0.27745,0.3652,0.12601,0.177,0.092977,0.02733,0.043848,0.012163,0.013246,0.010786,8.2866e-06,8.9772e-07,7.6394e-07,9.8746e-08
5,0.01176,0.020796,0.011237,0.050031,0.043168,0.099503,0.071411,0.043343,0.017772,0.020396,0.024754,0.019908,0.035448,0.086424,0.060636,0.12619,0.028551,0.0027,9.1339e-06,0.0047756,0.040098,0.061374,0.11621,0.12246,0.10499,0.043694,0.0048289,0.01491,0.030371,0.31228,0.17297,0.23283,0.11562,0.072869,0.0078139,1.2999e-05,1.7208e-06,7.8706e-07
5,0.15195,0.02378,0.038797,0.043682,0.14519,0.044215,0.029442,0.039822,0.023422,0.017531,0.0061759,0.035349,0.056578,0.048263,0.028042,0.0044426,7.16e-06,0.0061437,0.019193,0.038173,0.027859,0.073119,0.050949,0.019667,0.0054479,0.0064856,8.3968e-07
5,0.19631,0.28959,0.21124,0.19945,0.21674,0.14515,0.23349,0.09903,0.19291,0.095682,0.17449,0.21017,0.020873,0.021389,0.017369,0.014724,0.053869,0.06575,0.063965,0.17378,0.15137,0.19536,0.0070403,0.0063121,0.0070044,0.007265,0.0040922,9.5581e-06,6.5365e-06,1.6976e-06,3.4739e-07,9.1634e-07
5,0.083804,0.017448,0.27355,0.59718,0.32411,0.065604,0.032586,0.042076,0.14456,0.047003,0.39145,0.32266,0.060218,0.037122,0.073565,0.061836,0.25328,0.21846,0.43891,0.036305,0.021715,0.018706,0.0037008,0.010825,1.4387e-05,0.0032343,0.0079588,0.0025388,3.6106e-06
6,0.016191,0.026594,0.042547,0.032839,0.020744,0.017071,0.0060595,0.0054354,5.9167e-07,2.8663e-07,6.9215e-08,6.631e-07,1.8339e-05,1.2547e-05,6.2292e-07,5.5218e-07
6,0.024897,0.015805,0.01786,0.013165,0.0034804,7.4791e-06,9.2416e-07,3.2324e-07,3.7855e-07,6.5602e-07,4.6539e-07,1.2251e-05,0.0052911,0.0066382,1.1191e-07
6,0.0051103,0.0061282,0.0056715,0.013524,0.017148,0.024914,0.025848,0.009526,0.0092047,0.0028152,0.0081629,0.021602,0.03283,0.56261,0.61365,0.043103,0.004488
6,0.20683,0.20951,0.26741,0.42355,0.49436,0.30875,0.13659,0.056888,0.0058016,8.9195e-07,8.2232e-07,2.3836e-06,0.0032889,0.003332,0.0027037,1.1244e-06
6,4.3771e-06,6.6296e-06,0.0036345,0.0054885,0.008426,0.02049,0.012054,0.014765,0.009589,0.035707,0.0054302,4.8952e-06,3.1078e-06,1.2339e-05,2.2609e-06,1.2013e-07
6,0.03305,0.017666,0.019282,0.01372,0.078092,0.097224,0.0459,0.02958,0.030621,1.2485e-05,2.0301e-07,1.6087e-06,0.0062485
6,0.020391,0.026993,0.018265,0.012471,0.007775,0.0091432,0.020754,0.0031515,0.0075441,0.008557,0.005047,1.1539e-05,5.2663e-06,0.0035157,6.967e-07
6,0.33711,0.028921,0.02377,0.1957,0.1366,0.10199,0.14069,0.19535,0.13029,0.13467,0.090325,0.018711,0.0039054,1.6268e-05,1.8555e-06,1.0055e-06
6,0.09743,0.048333,0.013534,0.044619,0.09962,0.023565,0.014788,0.0089427,0.0050162,0.026893,0.047995,0.019572,0.013166,0.0038213,0.0041494,6.128e-06
6,0.27767,0.43631,0.059132,0.11917,0.097454,0.046857,0.013146,0.0071485,0.004736,0.034535,0.058193,0.024801,0.10624,0.045925,0.003167
6,0.47346,0.74312,0.64781,0.59879,0.54566,0.67788,0.48621,0.24565,0.26821,0.060552,0.35536,0.72921,0.86124,0.93727,0.76416,0.38383,0.1244,0.012315,0.023119,0.081501,0.24217,0.12168,0.1172,0.019305,0.0088991,0.0028349,0.0031038,6.2614e-06,4.4822e-06,0.0026449,4.4873e-06
6,0.012928,0.066339,0.13808,0.60088,0.66727,0.78834,0.58847,0.31512,0.23505,0.053149,0.055357,0.1149,0.25811,0.5,0.32646,0.019711,0.024141,0.14057,0.07649,0.15072,0.15485,0.10612,0.0083893,0.01425,4.0259e-06,1.1015e-07
6,0.014169,5.7882e-06,0.039976,0.0696,0.051987,0.044526,0.027163,0.03187,0.041682,0.059026,0.058914,0.056981,0.06062,0.055267,0.093066,0.033506,0.011188,0.005231,4.6383e-06,1.0463e-05,1.6352e-05,1.1369e-05,0.0071778,0.0056296,1.8744e-05,8.2817e-06,0.0066214,1.0909e-06
6,0.17745,0.036351,0.032726,0.028195,0.024129,0.0078514,0.056398,0.10257,0.054643,0.01878,0.0087583,4.832e-06,0.0064061,0.033225,0.05696,0.023361,0.037772,0.12655,0.065925,0.057813,0.099468,0.018486,0.0080177,0.066516,0.055035,0.1076,0.052576,0.033633,5.8581e-06,0.0026869,4.962e-06,6.375e-06,1.0194e-05
6,0.26369,0.15985,0.058711,0.10065,0.097892,0.042339,0.068387,0.08682,0.072221,0.015062,0.099242,0.19034,0.10346,0.058312,0.11459,0.30843,0.11123,0.26164,0.14572,0.11398,0.12931,0.099859,0.072944,0.35063,0.093772,0.0028399,1.1068e-05,8.4288e-06,2.94e-06,1.2202e-07
6,0.0051511,0.0036097,0.0054892,0.0066914,0.018278,0.01448,0.0056925,0.0055724,0.0075084,0.006583,0.003185,1.3799e-05,1.4493e-05,1.6822e-05,5.4165e-06,0.0037834
6,0.27619,0.10801,0.079698,0.263,0.22259,0.21118,0.18071,0.31466,0.1803,0.030142,0.11068,0.082105,0.05873,0.071123,0.31915,0.38538,0.03428,0.0037,9.2683e-06
6,0.0048107,0.0045609,0.17657,0.32524,0.29368,0.28851,0.75016,0.29417,0.17795,0.12859,0.049556,0.0043191,5.6957e-06,2.4089e-07,5.8751e-07
6,0.046119,0.034608,0.10647,0.1813,0.061915,0.023938,0.01007,0.0050123,2.7357e-06,1.527e-06,4.881e-06,7.8862e-07,1.5686e-07,1.8239e-06,7.3676e-06,9.3381e-07
6,3.5275e-06,2.9684e-06,5.2677e-06,1.2283e-05,0.081944,0.19227,0.33825,0.44421,0.077083,0.066899,0.026254,0.015525,0.01925,0.024666,0.018733,0.16614,0.081617,0.04824,0.056781,0.046299,0.01027
6,0.032704,0.027855,0.14876,0.029984,0.24388,0.48811,0.29691,0.61411,0.26916,0.028875,0.015072,0.013635,0.0098011,0.013831,0.0078868,0.0044011,2.7987e-06,2.0696e-06,4.5202e-07,1.1271e-06,1.0776e-07
6,0.01716,0.0067801,0.0065831,0.020395,0.030912,0.53207,0.49026,0.12763,0.19003,0.22914,0.0080008,0.0054549,0.0048517,0.0036872,0.0042576,0.030241,0.057342,0.024705,0.014795,0.0093957,1.7041e-06,0.0048747,1.1175e-07
6,0.19585,0.091517,0.14303,0.38082,0.29595,0.19606,0.25533,0.31988,0.18067,0.47328,0.54618,0.52826,0.15439,0.033408,0.089024,0.07299,0.012169,0.049843,0.1075,0.051272,0.045763,0.020214,0.012143,0.0087114,0.0085161,0.014703,0.072799,0.012477,1.9121e-05,0.0034206,2.3075e-06
6,0.0065776,0.0072726,0.0035746,0.0066069,0.19106,0.029771,0.20097,0.16534,0.21368,0.11235,0.070203,0.032008,0.082893,0.081936,0.03937,0.040949,0.037827,0.03845,0.032471,0.10243,0.11077,0.039686,0.0043186,0.02571,5.165e-07
6,0.15501,0.1903,0.21455,0.3315,0.29061,0.31004,0.28,0.2048,0.22356,0.070555,0.21342,0.084639,0.2682,0.15888,0.078501,0.18248,0.016525,0.035265,0.039033,0.031437,0.065504,0.040724,1.0273e-05,4.3969e-06,4.9056e-06
6,0.0031618,2.411e-06,1.1504e-06,0.00321,0.0097623,0.037279,0.14304,0.2769,0.042019,0.058894,0.010437,0.0090213,0.0084418,0.007784,0.013248,0.025628,0.048897,0.024189,0.013862,0.0029758,0.0045743,1.1346e-07,1.7165e-05
6,0.062131,0.011639,0.019107,0.03611,0.033009,0.015533,0.040632,0.039373,0.025998,0.02437,0.03,0.014385,0.08864,0.24196,0.096294,0.13422,0.12262,0.0053359,1.7403e-05,0.022691,0.041801,0.077187,0.10326,0.086072,0.078365,0.080971,0.075565,0.053525,0.02777,0.057536,0.057995,0.0027382,4.9306e-07
6,1.9977e-06,2.3149e-06,7.0293e-07,0.01401,0.014123,0.049268,0.019469,0.020814,0.011229,0.0073844,0.0056055,0.016307,0.014547,0.010907,0.016218,0.0067077,0.0029271,0.0026707,0.053958,0.063719,0.052299,0.014763,0.012295,7.0266e-07,0.0065213,8.2675e-07,3.2971e-07
6,0.012442,0.10486,0.15641,0.29631,0.20015,0.12435,0.0087457,0.032132,0.026396,0.05202,0.055535,0.5,0.38955,0.73054,0.57744,0.76627,0.62814,0.58189,0.30984,0.31108,0.13332,0.031431,2.1783e-06,0.0042057,4.7894e-06
6,3.2946e-06,9.9038e-07,1.1748e-06,1.1634e-06,2.0153e-06,1.4939e-06,4.3622e-07,7.9943e-06,1.1913e-05,7.6766e-06,5.5864e-06,0.0054109,0.0031118,0.0032212,0.0043167,0.0043383,6.5882e-06,6.9168e-06,1.7637e-06,1.1428e-06
6,0.17464,0.075187,0.10322,0.40632,0.4935,0.58609,0.19791,0.024177,0.0032831,9.3619e-06,0.016747,0.025805,0.062626,0.10135,0.050612,0.04167,0.033809,0.069276,0.058714,0.048356,0.050051,0.024385,0.016408,0.0027745,4.5655e-06,2.6421e-07,3.4024e-06,2.5581e-06
6,0.15795,0.19801,0.13208,0.077437,0.026068,0.016597,0.011315,0.021439,0.015614,0.03906,0.057394,0.035049,0.023487,0.022477,0.0086818,0.0042533,1.0399e-05
6,0.068953,0.23509,0.16208,0.25576,0.21009,0.14517,0.17109,0.2161,0.23273,0.059696,0.050646,0.015923,0.080673,0.10104,0.12066,0.082038,0.018191,0.012758,0.14005,0.12488,0.33855,0.37296,0.34474,0.041862,1.2691e-05,3.4838e-06,1.1857e-06,1.3785e-06,1.6525e-05
6,0.79996,0.54971,0.58653,0.33945,0.1422,0.11803,0.087703,0.057803,0.13005,0.311,0.10372,0.074963,0.085586,0.038192,0.024583,0.13001,0.061726,0.007712,0.0088473,0.0095206,4.8874e-06
6,0.0027388,8.8838e-06,1.3071e-05,0.0036544,0.0028653,7.5912e-06,2.5398e-06,1.1967e-07,3.8064e-08,1.5975e-06,0.0028124,0.0034327,1.0229e-05,0.0089811,0.066369,0.023918,0.031787,0.024481,0.011371,0.0037638,7.8736e-06,1.3031e-05,1.1712e-05,6.267e-07,2.9402e-06
6,0.0051929,0.0030293,1.776e-05,1.6656e-05,0.025826,0.041106,0.022926,0.016588,0.0045112,1.1615e-07,2.8522e-08,2.8404e-06,9.3038e-06,1.1897e-06,1.2515e-06,0.024151,0.027052,0.0096724,0.024572,0.024576,0.0088229,0.010447,0.0045984,0.0060092,1.6621e-05,0.0033342,0.0032774,4.5862e-06,0.0027606,1.5657e-06
7,0.040958,0.020239,0.014559,0.020133,0.01983,0.0099436,0.0083438,0.0094211,0.012013,0.0028098,9.1602e-06,6.0513e-06,5.1123e-06,0.0049615,0.0030455,0.0042643,0.004554,0.0051649,0.0046302
7,0.02805,0.020386,0.013535,0.010602,0.005915,2.1648e-06,1.9106e-06,1.4396e-06,5.2268e-07,5.4087e-07,5.5977e-07,2.3363e-07,1.9453e-07,1.1266e-07,6.2286e-08,2.9474e-06,4.7294e-06,8.9424e-06,2.8021e-06,2.0244e-06
7,0.029899,0.018822,0.014628,0.026982,0.022231,0.027408,0.024332,0.0075734,3.2917e-06,0.010576,0.015778,0.0073126,0.0079063,0.0062517,0.0037398,0.0042651,0.0035839,3.863e-07,4.2063e-07,1.252e-07,4.947e-07
7,0.0085843,0.0053572,0.0040383,1.3471e-05,6.7975e-06,0.0083539,0.0041164,0.002521,0.0050978,0.015649,0.0064537,0.0036239,0.0031529,1.6901e-06,4.0996e-06,1.1948e-07
7,0.14412,0.039622,0.082288,0.015728,0.0056107,0.0079393,0.018629,0.0094834,0.030737,0.018679,0.012004,0.0025482,6.7047e-06,2.6467e-06,2.7743e-06,5.3962e-07
7,0.011096,0.0089057,0.004673,0.0046419,0.0042696,0.0072055,0.0062841,0.0050616,2.5308e-06,4.106e-06,0.0032682,0.0042041,0.0029017,4.1377e-06,1.0753e-06,7.4906e-07,3.5876e-07,1.0525e-07
7,0.051434,0.030677,0.0070229,0.0056056,0.0031017,1.0838e-05,3.9365e-06,3.0456e-06,2.5107e-06,1.1762e-05,0.011255,0.0077087,0.0059112,1.2072e-05,2.7257e-06,5.867e-07
7,0.55428,0.074326,0.01414,0.0089816,0.0028458,0.0030223,7.4202e-06,6.5098e-06,5.788e-06,3.1666e-06,3.1747e-07,3.1076e-07,3.8011e-07,2.1394e-07,7.6068e-07,1.5069e-05
7,0.48759,0.12383,0.060535,0.038225,0.033603,0.090815,0.092442,0.038207,0.011274,1.8193e-05,1.6752e-05,2.4486e-06,7.6411e-06,1.1252e-05,0.0027833,0.0043686,2.2233e-06,9.8301e-08,6.8567e-08,1.5305e-07,2.5491e-07,2.4028e-07,8.5369e-07
7,0.045268,0.018066,0.01714,0.018071,0.0060234,0.0052216,0.0043429,1.4958e-05,1.0853e-05,1.4321e-05,0.0044642,0.0038588,0.0083427,1.7829e-05,1.569e-05,8.8606e-06,1.6922e-05,9.5018e-07,4.271e-06,9.4321e-06
7,0.26052,0.12914,0.27058,0.53936,0.24894,0.13258,0.11478,0.14432,0.20544,0.23372,0.12291,0.028703,0.058695,0.077114,0.063348,0.28201,0.1581,0.075343,0.016688,1.1177e-05,2.1034e-06,0.0036687,0.0026121,1.5998e-05,0.0056652,0.035645,0.050836,0.050511,0.011454,0.016107,0.0076251,0.0035416,0.0085138,0.0062407,0.0047468,0.0047779,3.7354e-06,9.3871e-07,8.7973e-06
7,0.043842,0.034443,0.014294,0.029145,0.0099051,0.0093242,0.011384,0.0094976,0.0064519,0.0029368,0.0026214,8.9254e-07,0.0025804,8.4375e-06,8.2472e-06,8.1918e-06,4.7532e-06,7.8983e-06,0.0028897,0.0031813,2.0259e-06,3.6228e-06,5.8417e-06,4.4501e-06,9.0919e-06,1.9146e-05,5.31e-06,5.967e-06,3.2309e-06,2.1339e-06,2.1892e-06,3.9721e-06,2.696e-06,1.3514e-07
7,8.7081e-06,1.0539e-05,1.7016e-05,0.003411,0.0035925,1.8283e-05,1.2473e-05,1.1725e-05,0.011768,0.039485,0.054496,0.079367,0.016452,0.0033598,2.0586e-06,1.041e-05,1.728e-05,3.3633e-06,1.067e-05,4.3859e-06,1.682e-06,2.7072e-06,6.8392e-06,0.0033088,0.0047805,0.0058773,3.0147e-06,0.0030114,0.0028939,1.2258e-05,0.0029612,3.1102e-06,1.3584e-05,1.4781e-05,0.002975,0.0031313,0.0038106,1.8477e-05,0.0037143,2.4449e-07,7.5007e-07
7,0.0025297,1.3481e-05,1.0316e-05,0.0045563,0.0033124,1.4536e-05,4.8155e-06,0.0045099,8.3545e-06,6.0561e-06,5.3475e-06,1.5227e-05,0.0047871,0.0047734,0.0061378,0.0083663,1.353e-05,1.4682e-05,2.5304e-06,5.5788e-07,1.2324e-06,5.6113e-06,8.7868e-06,0.0042382,1.3184e-05,1.3464e-05,1.2529e-06,1.599e-06,9.5115e-07,1.4359e-06,7.8111e-07,3.2633e-06,4.2564e-07,8.8099e-07
7,0.069159,0.077763,0.09086,0.034484,0.0055699,0.005099,0.0029337,0.0065419,0.0059079,0.0083713,0.0093301,0.0031672,0.0080932,0.0064358,0.0067686,0.022596,0.014865,0.02451,0.022821,1.0713e-05,0.0030296,1.5576e-05,9.3904e-06,0.0037173,0.016592,0.017116,0.041848,0.058708,0.014491,0.0095147,0.011379,8.4503e-06,4.344e-06
7,0.010297,0.0086377,0.015554,0.014844,0.011174,0.010969,0.0030616,1.1547e-05,7.6593e-06,7.5771e-06,7.4338e-06,3.2123e-06,2.9307e-06,2.6312e-06,9.3545e-07,3.5444e-07,3.4847e-07,6.1892e-07,1.1641e-07,1.6587e-07,3.712e-07,5.2771e-07,5.0318e-07,4.1621e-06
7,0.27495,0.14186,0.048638,0.024529,0.009304,1.7217e-05,6.6336e-06,9.3859e-06,1.3472e-06,1.0883e-06,2.3944e-06,1.7519e-06,1.2722e-06,1.6886e-06,1.743e-06,8.881e-07,3.4739e-07,1.176e-06,9.7738e-06,1.9519e-07
7,0.18026,0.38308,0.53618,0.2237,0.19259,0.068775,0.02388,0.011794,0.043763,0.072243,0.059422,0.070055,0.053481,0.0055179,0.0047504,0.01185,0.015767,3.2853e-06,1.6614e-06,8.0156e-07,7.9822e-07,1.7202e-06,5.5733e-06,1.084e-05
7,0.050967,0.056181,0.14599,0.082116,0.1327,0.042617,0.021619,7.5763e-06,4.8894e-06,9.8096e-07,7.9284e-08,1.647e-07,1.2263e-07,1.7661e-07,4.2961e-07,4.7736e-07,5.2961e-07,2.2037e-07,6.1192e-07,9.1608e-07,1.0229e-06,7.8067e-07,3.1648e-06
7,0.046477,0.012134,0.0061574,0.0047665,0.0042372,1.346e-05,1.4358e-06,6.8938e-07,3.6925e-07,2.0989e-06,1.0404e-06,4.1302e-06,0.01428,0.022199,0.019543,0.012447,0.015041,0.0039279
7,0.13146,0.029971,0.017673,0.0051808,0.0053792,0.0029749,0.0032474,0.034198,0.068756,0.010372,0.0044849,0.015081,0.0070841,1.383e-06,1.0051e-06,6.3371e-07,0.0029852,0.0035351,0.0042704,0.0041047,0.0049923,0.004227,5.8415e-06,3.2059e-06,1.2246e-06,1.301e-06,7.5121e-07,1.4739e-06,4.7533e-06
7,0.042497,0.057351,0.016452,0.014605,0.014696,0.02216,0.0082835,0.0066153,4.7356e-06,3.2101e-06,8.4768e-07,3.1815e-06,0.0026521,1.8537e-05,0.0078576,0.0058783,0.0070008,0.0062432,1.8393e-05,1.8097e-05,2.0817e-07
7,0.01258,0.015199,0.011484,0.0096423,0.0089141,0.0080101,0.0058334,0.0073474,0.0090245,0.016986,0.024448,0.020807,0.037217,0.017552,0.004195,0.0030302,1.6177e-05,0.0063497,0.0043355,0.0033704,1.5292e-05,4.0959e-06,4.8349e-07,3.8423e-07,4.1286e-07,1.8041e-07,1.0484e-07,9.4257e-08
7,0.089052,0.02124,0.009362,0.0060358,0.019085,0.017207,0.013984,0.037153,0.059852,0.044358,0.032576,0.018917,0.0032809,8.4373e-06,0.0025226,0.0059139,2.247e-06,1.0875e-05,1.1998e-05,2.6136e-06,1.4068e-06,1.0109e-05,1.6885e-05,1.7601e-06,8.0384e-06,7.6913e-07,1.7761e-07
7,0.02413,0.0038824,1.2922e-05,0.0027693,0.0036796,0.0029875,0.021369,0.013701,0.0090372,0.005774,0.010036,0.014221,0.0037556,0.007665,5.7461e-07,3.0342e-07,1.4959e-06,3.6673e-07,2.3583e-07,1.602e-06,7.2399e-07,1.3529e-06,2.3834e-06,9.0109e-07,1.6544e-06,8.4916e-07,2.1512e-06,3.3957e-06,5.5986e-06,1.4484e-06,9.8594e-07,2.4679e-07,5.9497e-07,4.9409e-06,1.1994e-06
7,0.025087,0.014878,0.0055141,0.031482,0.027256,0.00308,0.0082859,0.049246,0.047157,0.087198,0.055532,0.0036315,4.3389e-06,7.0807e-06,1.4684e-05,1.4701e-05,9.4743e-06,0.0025207,0.0032752,1.7548e-05,3.0049e-06,0.0043745,0.0032708,0.0027664,5.9806e-06,0.0043654,2.2909e-06
7,0.11156,0.10512,0.024434,0.0069696,0.0037223,1.7297e-05,0.0030405,5.599e-06,0.0033002,0.0079475,0.0050133,0.0051784,0.0026554,1.0399e-05,1.3267e-06,2.395e-06,3.2422e-06,1.0395e-05,0.006425,0.0099427,0.010864,0.0086247,0.011272,0.030689,0.017846,0.022343,0.010174,0.0048178,3.3241e-06,5.4785e-06,2.9118e-06,4.8103e-06,8.301e-06,3.7607e-06,1.5804e-07,7.6676e-07,1.3784e-06,1.7866e-05
7,0.061009,0.018553,0.0050987,0.0025631,8.8962e-06,1.0816e-05,4.287e-06,5.9861e-06,0.0040718,0.0027825,9.5954e-06,0.0031807,1.1194e-05,0.0030713,0.0029574,0.0030984,0.008424,0.0054788,0.0084566,0.004098,0.0032378,3.0706e-06,4.2233e-07,1.0054e-06,4.887e-07,7.01e-06,0.0051547,0.0052312,0.0088144,0.002933,9.6281e-06,2.3131e-06,9.994e-06,0.0058389,1.5852e-06,2.7164e-07,7.9728e-07,1.5412e-07,5.2413e-06
7,0.087604,0.0055457,0.0042122,0.0043476,0.01524,0.072173,0.10677,0.24869,0.04474,0.040898,0.026704,0.017483,1.7659e-05,0.0039761,0.0033865,0.01955,0.015602,0.06075,0.25965,0.073343,1.4531e-05,1.2084e-05,2.6169e-06,0.063146,0.040105,0.025038,0.013291,0.066681,0.0064435,0.010833,0.010299,0.0066494,0.0034618,0.0037155,0.0028067,6.6151e-06,0.0029651,6.8517e-07,3.2486e-07,1.7455e-06
7,0.025928,0.013321,0.0098143,0.010797,0.01443,0.0029905,2.6221e-06,2.1372e-06,7.8029e-06,0.0035492,0.0081688,0.0034805,0.00275,8.6602e-06,1.1452e-05,1.8859e-05,6.0036e-06,9.7618e-06,0.0036073,5.8968e-06,1.0754e-06,2.0797e-06,1.2607e-06,9.8404e-07,1.1553e-06,4.2276e-07,3.4504e-07,6.8508e-07,0.0057467,0.0070397,0.011517,0.017747,0.004384,1.8353e-05,1.334e-05,6.3377e-06,4.3279e-06,0.0026052,1.5928e-07,6.3672e-08
7,0.025371,0.010526,0.0047706,8.9212e-06,7.7924e-06,1.9275e-06,2.4449e-06,1.1751e-06,1.275e-05,3.619e-06,9.7846e-06,1.0921e-05,1.2685e-05,4.6024e-06,9.0304e-06,1.2141e-05,6.3323e-06,3.676e-06,5.6088e-06,4.575e-06,0.0027247,4.0346e-06,3.4747e-06,7.0173e-06,1.771e-06,3.3274e-06,6.2109e-06,1.7357e-05,0.0028484,1.4413e-05,1.7078e-05,0.0038104,0.0026522,0.0036586,0.0028529,4.3521e-06,1.0094e-06,2.5352e-06,1.3878e-06
7,0.0033075,0.0025589,0.0074033,0.0046867,0.0029282,0.0066223,0.0040298,1.0666e-05,5.2044e-06,1.5999e-05,1.6348e-05,4.0056e-06,1.8073e-06,1.562e-06,9.1936e-06,8.5251e-06,0.0026479,0.019154,0.035513,0.015681,0.0060963,0.0099508,1.768e-05,3.1807e-06,1.556e-06,1.4912e-07,2.5176e-07,1.8258e-07,9.9395e-07,1.0426e-05,0.0067257,0.029408,0.018978,0.01305,0.0043896,0.0037777,0.0028942,0.0030399,0.0030638,0.0030758,0.0055212,1.3272e-05,9.6888e-07,2.3315e-07,1.0338e-05
7,0.071657,0.0083637,0.0068931,0.0038209,0.0028614,0.019692,0.025569,0.025743,0.024142,0.040753,0.040572,5.3809e-06,2.4197e-06,0.0065051,0.0047269,0.0074817,0.018825,0.016142,0.011672,0.0094857,0.010155,0.0037663,8.9107e-06,1.4937e-05,2.2303e-06,0.0025465,0.004743,0.0035679,0.0040294,0.0070456,0.0048604
7,0.014134,0.0075851,0.0034173,0.035598,0.032102,0.004706,0.0052775,0.014889,0.0076746,0.0037919,0.010444,0.0078567,0.0049691,0.013918,1.548e-06,4.1678e-06,0.012157,0.031047,0.051387,0.054344,0.0067506,0.0032612,1.9792e-06,1.9699e-07,5.6588e-07,2.7162e-06
7,0.023499,0.039919,0.0094997,0.0094564,0.0045911,0.006912,1.6125e-05,0.0037137,1.4022e-05,0.0027061,0.0042584,1.3302e-06,3.0927e-07,4.4752e-07,5.8903e-07,1.2596e-06,3.4773e-06,9.7961e-07,3.4915e-07,5.2805e-07,3.0654e-06,0.0042569,3.7031e-06,9.4748e-06,0.0055361,0.0049911,0.0040003,1.7359e-05,1.5673e-06,1.6989e-07
7,0.0096546,0.008079,0.0055599,0.0037138,7.3523e-06,0.0034172,0.0040398,0.0027228,4.7904e-06,1.4017e-05,0.0037879,5.4213e-06,1.3327e-06,5.3706e-07,1.3581e-07,1.7327e-07,1.5486e-07,7.3626e-07,1.4058e-06,2.0448e-06,1.2994e-06,1.4462e-06,2.3435e-06,2.1283e-06,3.2231e-06,5.6571e-06,7.0077e-06,5.91e-06,1.326e-06,2.9655e-06,2.395e-07,1.9727e-07,1.9149e-07,1.0464e-06
7,0.0061785,0.0059773,0.0049155,0.007528,0.014911,0.017691,0.020678,0.0083874,0.0035647,0.0032982,0.0033901,1.5748e-05,1.0205e-05,1.6842e-05,2.8177e-06,3.255e-06,4.5846e-06,1.2789e-06,6.4461e-06,3.6307e-06,2.9696e-06,7.6384e-07,1.1067e-05,1.2164e-06
7,0.07942,0.027451,0.023366,0.020771,1.2483e-05,0.0054281,0.0058641,0.0062381,0.0036119,0.0041063,1.435e-05,1.1656e-05,0.0030722,0.0041202,1.615e-06,1.6413e-06,7.266e-06,4.2592e-06,9.9145e-06,6.1428e-06,3.775e-06,9.2429e-07,1.6919e-06
7,0.0038765,1.6905e-05,9.2357e-06,6.0754e-06,1.3832e-05,0.0039773,1.5196e-05,4.6862e-06,3.007e-06,1.4994e-06,3.1859e-07,7.9104e-07,1.1295e-06,6.1002e-07,2.3987e-06,5.5715e-07,9.1423e-06,0.002536,0.0040555,0.0094045,0.0049079,0.0028634,0.0027088,0.0028198,2.0407e-06,3.4775e-06,1.309e-06,2.1935e-06,7.9187e-07,4.3124e-07,1.6881e-07,2.8911e-07,8.1045e-08,4.8818e-08
7,0.27442,0.17014,0.091393,0.28883,0.30606,0.076936,0.034868,0.016651,0.0094419,8.2695e-07,2.8242e-06,4.1378e-06,0.0065977,0.015923,0.13181,0.16175,0.12574,0.067555,0.047049,0.028886,1.7365e-05,1.5953e-05,4.0304e-06,1.527e-06,6.5495e-07,1.9485e-06,1.1918e-06,2.0613e-06,3.7125e-06,8.7325e-06,1.2606e-07
