1,0.1588,0.039992,0.19883,0.22884,0.017067,0.0072309,0.0062813,0.0062603,0.014257,0.010122,0.0051698,0.0083825,0.0040631,0.006629,0.018693,0.0084799,0.011857,0.013279,0.037136
1,0.87026,0.61213,0.83342,0.94595,0.91625,0.6003,0.82529,0.81133,0.83316,0.71897,0.28711,0.12018,0.22257,0.24919,0.35667,0.040823,0.0049091,0.01834,0.0020882
1,0.38593,0.16357,0.020088,0.023318,0.11514,0.12321,0.27148,0.2759,0.29462,0.14484,0.069034,0.050946,0.064916,0.043268,0.074723,0.11674,0.1677,0.21964,0.11907
1,0.01885,0.021347,0.01233,0.034402,0.033433,0.0051664,0.0010738,0.00050903,0.002564,0.0021102,0.0025095,0.025949,0.0068522,0.0023887,0.00054906,0.0014306,0.0062712,0.038085,0.063742,0.015404,0.0094115,0.017806,0.0099576
1,0.86669,0.53526,0.66962,0.88476,0.76185,0.72785,0.7645,0.81837,0.89861,0.91755,0.48014,0.19796,0.31122,0.033699,0.030172,0.027797,0.024859,0.030423,0.023314
1,0.88718,0.63683,0.11909,0.029862,0.010863,0.01477,0.084862,0.11337,0.10818,0.29485,0.34024,0.14007,0.47373,0.71679,0.41,0.19881,0.070114,0.027989,0.016569,0.0034828,0.01289
1,0.15382,0.0033695,0.0057676,0.024274,0.012814,0.014658,0.00628,0.043282,0.021259,0.044928,0.043099,0.031566,0.0085782,0.0029653,0.0039446,0.0093294,0.028952,0.02031
1,0.048284,0.00042993,0.00097926,0.0028114,0.00084042,0.0078465,0.022182,0.013065,0.059994,0.23734,0.13349,0.21109,0.20452,0.031964,0.0089455,0.0024829,0.0023847,0.0077312,0.0259,0.030146
1,0.1917,0.00076985,0.00086754,0.0068768,0.011287,0.017991,0.016339,0.043806,0.043943,0.060691,0.048892,0.022755,0.011783,0.022782,0.0051722,0.0020644,0.01933
1,0.76641,0.79423,0.55066,0.3467,0.24128,0.13304,0.1561,0.13017,0.024839,0.044537,0.061757,0.033823,0.072556,0.043999,0.052881,0.037205,0.11725,0.0063859
1,0.47416,0.30087,0.46977,0.24627,0.25502,0.10024,0.14995,0.1761,0.0785,0.029529,0.033505,0.035961,0.028651,0.056604,0.02974,0.035762,0.077859
1,0.70538,0.63306,0.69784,0.2499,0.026643,0.020927,0.33922,0.43285,0.35499,0.56111,0.44033,0.16514,0.057181,0.029157,0.016436
1,0.73568,0.59393,0.5,0.10196,0.05661,0.051947,0.1188,0.085065,0.038647,0.04838,0.057684,0.047858,0.024528,0.049049,0.050273,0.033959,0.033796,0.037081,0.084336
1,0.46923,0.21242,0.098051,0.086155,0.034035,0.02559,0.026974,0.010174,0.004429,0.0035344,0.0047068,0.011388,0.027659,0.037929,0.079675,0.045866,0.012457,0.0063624
1,0.040647,0.018712,0.043057,0.057805,0.063252,0.061599,0.038167,0.045332,0.051191,0.066105,0.0931,0.13838,0.090606,0.065053,0.05789,0.019536,0.12305,0.1366,0.073064,0.058461,0.0036467,0.00025214,0.00056474,0.0012456,0.00084835,0.0011327,0.0023251,0.012166,0.027536,0.073808,0.10378,0.081883,0.14158,0.20743,0.18793,0.071518
1,0.01099,0.001178,0.004128,0.0096263,0.0044549,0.0049092,0.0086171,0.0043478,0.0029549,0.0067639,0.0036042,0.0043392,0.007677,0.033996,0.021018,0.020602,0.020123,0.0079444,0.00052544,0.0021776,0.0036079,0.0018316,0.0040026,0.0025861,0.001397,0.019114,0.040151,0.095307,0.084615,0.060303,0.099326,0.017865
1,0.047748,0.008629,0.020641,0.038656,0.084546,0.12045,0.15452,0.39284,0.30307,0.14777,0.084626,0.048289,0.020186,0.084325,0.084826,0.046662,0.064884,0.057818,0.052049,0.043901,0.038242,0.049924,0.018407,0.0097264,0.067645,0.13151,0.18056,0.36587,0.29504,0.0091186,0.012929,0.047245,0.046566,0.11074,0.16414,0.14613,0.14078,0.049305,0.11041,0.036415
1,0.52595,0.11225,0.26935,0.35866,0.0601,0.019769,0.046515,0.059395,0.021696,0.020208,0.0085607,0.013922,0.014111,0.10295,0.072475,0.084721,0.056208,0.02396,0.0044378,0.0044549,0.0030223,0.0054258,0.0034088,0.0097945,0.012437,0.030181,0.027995,0.045712,0.036973,0.073001,0.01874
1,0.0031594,0.00077742,0.023323,0.056628,0.040218,0.070574,0.091216,0.00022667,0.00036887,0.00070097,0.00061029,0.0035442,0.0020846,0.0095745,0.013074,0.020706,0.017772,0.0090305,0.0062531,0.013951,0.023402,0.0059945
1,0.024956,0.0024366,0.0062274,0.0073018,0.0077229,0.019822,0.032066,0.12547,0.14509,0.018085,0.010486,0.022869,0.020327,0.034156,0.077926,0.059645,0.012738,0.01752,0.034506,0.035449,0.017328,0.039334,0.05814,0.011388,0.0029871
1,0.022046,0.001787,0.030924,0.034931,0.063006,0.054953,0.033037,0.010153,0.011554,0.080504,0.12662,0.13273,0.19537,0.17832,0.066493,0.025332,0.088832,0.044271,0.017082,0.069406
1,0.055549,0.0087012,0.03413,0.022033,0.013699,0.013195,0.023399,0.020992,0.018213,0.040928,0.35216,0.11196,0.36452,0.41808,0.40776,0.28018,0.13307,0.051626,0.024608,0.011585
1,0.0023804,0.00025569,0.00044034,0.00084179,0.00023017,0.00012224,6.5633e-05,0.00019344,0.0031903,0.0036589,0.014386,0.0018532,0.00081642,0.00029514,9.381e-05,0.00042093,0.0015986,0.0041357,0.033079,0.013364,0.0012317,0.0030893,0.006525,0.02117
1,0.076009,0.010572,0.016672,0.022942,0.070132,0.063261,0.071538,0.064849,0.078506,0.25652,0.20822,0.053556,0.041988,0.089626,0.051714,0.074036,0.04476,0.043277,0.054287,0.023047,0.019815,0.012687,0.0058636,0.019649,0.01207,0.063544
1,0.046066,0.0070522,0.0045239,0.0026196,0.037964,0.031844,0.08379,0.02058,0.014749,0.0016965,0.0030058,0.0055873,0.00072343,0.0040852,0.0085557,0.020563,0.009406,0.020868,0.04024,0.061247,0.07382,0.036582,0.011449,0.018283,0.011217,0.0029863,0.021732
1,0.01276,0.00121,0.00067843,0.010789,0.010425,0.021264,0.014752,0.020721,0.079919,0.073906,0.037582,0.0055971,0.010238,0.0047124,0.0026669,0.0048428,0.0054027,0.019299,0.076117,0.064095,0.020733,0.035841,0.016472,0.0047319,0.0062039
1,0.012594,0.0079449,0.0096041,0.006137,0.033967,0.01856,0.0094899,0.015671,0.029802,0.048178,0.15794,0.26568,0.037144,0.10383,0.037935,0.04525,0.025548,0.048705,0.015367,0.024081,0.09972,0.061116,0.021625,0.010896,0.0085887,0.0059464
1,0.036438,0.0017506,0.011907,0.0079696,0.0085656,0.036745,0.037569,0.053983,0.093969,0.11532,0.042989,0.01393,0.015751,0.025127,0.035497,0.094192,0.035467,0.055278,0.028897,0.049642,0.046362,0.038447,0.0036538,0.0051133,0.00833,0.019515,0.01332,0.017336,0.013823,0.024871,0.0072921,0.072833,0.059718
1,0.037376,0.017532,0.011025,0.010042,0.017157,0.031455,0.034337,0.032699,0.18455,0.26483,0.27149,0.16444,0.17102,0.08081,0.019978,0.027784,0.037433,0.090361,0.032353,0.02075,0.083318,0.045858,0.020529,0.015416,0.0047695,0.0040227,0.0032033,0.0034965,0.0026061,0.0049492,0.0046071,0.012672,0.01141,0.010492,0.028634
1,0.050124,0.0075636,0.010593,0.020159,0.02393,0.023214,0.0097184,0.032569,0.0074196,0.018933,0.060994,0.094014,0.089836,0.18385,0.3935,0.39717,0.85452,0.86213,0.13784,0.41815,0.32962,0.073796,0.0146,0.0078625,0.022016,0.024449,0.02678,0.0055448,0.0061844,0.0074227,0.001679
1,0.080294,0.027255,0.034537,0.0019489,0.0051502,0.0092928,0.011588,0.021011,0.31755,0.54072,0.37353,0.36149,0.45258,0.09668,0.13653,0.12622,0.0916,0.087015,0.042318,0.0028756,0.0029765,0.0050593,0.0070639,0.0067715,0.0098714,0.016564,0.010407,0.0092488
1,0.024508,0.0017072,0.0037127,0.002992,0.0029788,0.0089463,0.013011,0.013452,0.10273,0.13083,0.15666,0.096006,0.075874,0.14404,0.11651,0.17422,0.16391,0.2031,0.34299,0.61104,0.5982,0.49238,0.61172,0.64965,0.021291,0.051012,0.036234,0.032916,0.037618,0.030717,0.017136,0.0055832
1,0.11653,0.0048238,0.00080643,0.00086013,0.0011914,0.00062383,0.0042563,0.018561,0.034382,0.05037,0.023873,0.062526,0.036916,0.019044,0.0026569,0.021496,0.052959,0.014381,0.015317,0.010492,0.0066903,0.0061309,0.002877,0.016443,0.0099112,0.068503,0.1303,0.14938,0.21336,0.44675,0.032204,0.017839,0.036397,0.033629,0.07452,0.08044,0.033958,0.11882,0.03433
1,0.41584,0.0035904,0.0016092,0.0024326,0.0028333,0.0045897,0.003946,0.0054009,0.0059393,0.063061,0.058882,0.13064,0.016072,0.061831,0.055016,0.057993,0.035856,0.0097,0.01258,0.0071966,0.14494,0.22044,0.4202,0.64876,0.80185,0.67883,0.02353,0.0085903,0.020484,0.032047,0.02651,0.050578,0.0097277
1,0.14761,0.0072661,0.0017139,0.0024334,0.0033671,0.010914,0.034958,0.010535,0.060517,0.11655,0.45117,0.67143,0.76489,0.60302,0.18846,0.044759,0.035845,0.0053439,0.006098,0.047315,0.084899,0.056666,0.052707,0.48326,0.61602,0.80077,0.74967,0.84535,0.5777,0.15409,0.035394,0.072745,0.10819,0.038912,0.033616,0.054919,0.040241,0.069747,0.0084219,0.020117
1,0.29445,0.038182,0.0078553,0.045428,0.027458,0.055207,0.064712,0.10752,0.073968,0.077072,0.090465,0.07929,0.049874,0.032565,0.0049445,0.012623,0.0081129,0.016824,0.016579,0.039816,0.027363,0.033216,0.059506,0.024593,0.015613,0.046331,0.089329,0.036468,0.061743,0.068508,0.029136,0.017059,0.01015,0.03279,0.027008,0.01833,0.029831
1,0.14231,0.01613,0.098098,0.20656,0.18372,0.10053,0.11676,0.014736,0.024707,0.020974,0.023014,0.06366,0.15628,0.048693,0.051191,0.12794,0.33719,0.014331,0.047605,0.11242,0.012267,0.040018,0.019093,0.021681,0.010278,0.03615,0.051745,0.061082,0.014956
1,0.095948,0.0036821,0.004498,0.0074392,0.0061712,0.0059406,0.0078436,0.0062982,0.0072101,0.0071243,0.012835,0.012686,0.015991,0.028445,0.063612,0.097858,0.089998,0.031766,0.027457,0.0043574,0.007126,0.010046,0.0066536,0.0041499,0.0035437,0.0030066,0.010314,0.028263,0.0089608,0.023378
1,0.80814,0.035501,0.11146,0.089634,0.27013,0.47034,0.47481,0.63795,0.089044,0.09967,0.022338,0.015227,0.020285,0.030621,0.035563,0.095064,0.076096,0.032016,0.081823,0.059758,0.10561,0.068809,0.035487,0.020663,0.036255,0.054783,0.017702,0.0018315
1,0.24221,0.0096116,0.042335,0.05573,0.31625,0.28382,0.44848,0.46789,0.58131,0.068754,0.042725,0.029128,0.015771,0.37411,0.29289,0.1521,0.032971,0.03732,0.006142,0.016035,0.022839,0.025236,0.01875,0.075967,0.1131,0.032078,0.057376,0.13929,0.099635,0.038818,0.0084986
1,0.73967,0.26673,0.26036,0.45565,0.076627,0.047975,0.11052,0.35197,0.15107,0.086908,0.052335,0.17154,0.14218,0.10134,0.028481,0.015861,0.0062311,0.0073034,0.0081752,0.0083212,0.026511,0.020238
1,0.1089,0.029805,0.061015,0.056375,0.068639,0.036267,0.043415,0.20907,0.12882,0.25343,0.011455,0.0037853,0.01739,0.016907,0.0020149,0.015894,0.0052232,0.0016093,0.0043978,0.011626,0.013183,0.011497,0.0072715,0.010034,0.017843
2,0.98723,0.93248,0.84826,0.69217,0.12832,0.26876,0.44406,0.72009,0.38961,0.40346,0.3888,0.47443,0.68405,0.23688,0.34579,0.53862,0.14183,0.18446,0.031436
2,0.96112,0.88868,0.83308,0.87452,0.41844,0.24816,0.33185,0.061872,0.080091,0.1624,0.14199,0.14357,0.20882,0.069495,0.083401,0.036362
2,0.93497,0.87864,0.87436,0.64679,0.42755,0.80278,0.89039,0.90703,0.62239,0.63952,0.63156,0.071806,0.13526,0.14274,0.038,0.022667,0.01547
2,0.56339,0.18493,0.045561,0.032663,0.020756,0.039285,0.070081,0.11134,0.39424,0.21761,0.92069,0.86203,0.88719,0.86001,0.82041,0.015744,0.059811,0.12009,0.11208,0.11418,0.12521,0.12379,0.075173,0.050805
2,0.9936,0.98416,0.98706,0.99332,0.43061,0.46992,0.61404,0.68088,0.87965,0.93791,0.9108,0.40307,0.52189,0.60677,0.039935,0.02651,0.019921
2,0.68471,0.46267,0.5824,0.61067,0.28062,0.39499,0.46814,0.54083,0.95829,0.9704,0.97706,0.99047,0.97982,0.41173,0.14089,0.18324,0.091264,0.057223,0.018546,0.036737
2,0.45091,0.15154,0.16947,0.25334,0.17961,0.061129,0.055824,0.15687,0.16648,0.38684,0.51557,0.57499,0.95102,0.92989,0.8915,0.89548,0.09843,0.2784,0.29965,0.3919,0.19752,0.061725,0.10371,0.01182
2,0.094583,0.0046347,0.0081861,0.057833,0.25625,0.48313,0.65387,0.75702,0.86113,0.93985,0.32956,0.16063,0.064104,0.024096,0.020118
2,0.97227,0.88438,0.36987,0.36314,0.57384,0.53301,0.50675,0.29701,0.40084,0.31377,0.23741,0.14748,0.12104,0.059659,0.087363,0.042481,0.047951
2,0.62386,0.090517,0.0090562,0.037727,0.017809,0.014737,0.257,0.29648,0.075105,0.16937,0.38031,0.26185,0.3378,0.56058,0.31449,0.11544,0.056957,0.049921,0.054804,0.029439,0.007614,0.046996
2,0.14141,0.018582,0.049475,0.13792,0.12859,0.18892,0.78407,0.80719,0.77611,0.81998,0.72981,0.10074,0.04058,0.051338,0.021712,0.025663,0.013825
2,0.71301,0.36925,0.71119,0.86379,0.98472,0.98094,0.98476,0.96929,0.98268,0.14517,0.077262,0.092814,0.16149,0.10216,0.097044
2,0.98597,0.71621,0.078022,0.05442,0.33857,0.43942,0.38907,0.79213,0.91163,0.87876,0.92316,0.93088,0.31413,0.046774,0.060191,0.048884,0.029908,0.032935,0.048444
2,0.91186,0.4698,0.066251,0.020396,0.1571,0.11347,0.35718,0.29817,0.73475,0.16342,0.22906,0.18453,0.10748,0.074633,0.52528,0.66491,0.56534,0.45017,0.21727,0.17007,0.2016,0.04892,0.069396,0.077051,0.0024917
2,0.6305,0.057736,0.20958,0.46521,0.6082,0.44205,0.61106,0.3415,0.55306,0.56246,0.5,0.23552,0.15938,0.053046,0.064353
2,0.95787,0.86723,0.89364,0.77393,0.85198,0.081918,0.066167,0.055949,0.031006,0.12573,0.13883,0.22826,0.26492,0.47466,0.26204,0.2563,0.072961,0.027406,0.0066672
2,0.77668,0.69749,0.94993,0.92026,0.75834,0.79051,0.5123,0.69713,0.5,0.19345,0.029271,0.18237,0.25384,0.21032,0.19006,0.43628,0.45869,0.26676,0.063577,0.012687,0.019026
2,0.87426,0.77014,0.80333,0.58044,0.37689,0.33091,0.20718,0.18379,0.080985,0.2753,0.20561,0.79909,0.93805,0.97593,0.81826,0.069155,0.023524,0.022966
2,0.45559,0.36371,0.37711,0.34224,0.71114,0.6606,0.83816,0.71997,0.52381,0.45133,0.051905,0.3484,0.65732,0.76658,0.80484,0.23387,0.272,0.33967,0.22689,0.2159,0.178,0.39857,0.14407,0.10319,0.051265,0.086109,0.022913
2,0.356,0.30492,0.27865,0.4024,0.54707,0.86377,0.90507,0.84593,0.62024,0.57654,0.32352,0.39276,0.51943,0.22188,0.017544,0.0095658
2,0.62301,0.36524,0.44324,0.20923,0.1491,0.28662,0.39004,0.43085,0.45436,0.41608,0.25112,0.48435,0.4289,0.42849,0.45663,0.60972,0.42791,0.39755,0.11604,0.037587
2,0.58783,0.052016,0.095032,0.077623,0.13122,0.19554,0.2762,0.293,0.45171,0.58441,0.60949,0.5,0.26168,0.3322,0.27795,0.16904,0.20986,0.32136,0.10518,0.04798,0.035433,0.018951,0.060842,0.020874,0.057556,0.031428,0.0035984,0.011232,0.15435,0.48537,0.39124,0.36199,0.13548,0.026204,0.0032341
2,0.3324,0.042179,0.16004,0.49274,0.46752,0.22199,0.4798,0.31626,0.26341,0.39678,0.10967,0.088184,0.17236,0.2482,0.26734,0.19495,0.23291,0.0051896,0.0095923,0.17603,0.052317,0.1953,0.23093,0.18406,0.068609,0.080037,0.068823,0.17774,0.13523,0.024489
2,0.57608,0.15215,0.15398,0.25915,0.13045,0.062114,0.11426,0.12239,0.057792,0.077062,0.058551,0.057608,0.1803,0.15526,0.19416,0.1312,0.050273,0.049882,0.054242,0.055289,0.071077,0.072469,0.054928,0.057872,0.13498,0.17306,0.17189,0.12568,0.033795
2,0.96957,0.91112,0.72419,0.90185,0.84178,0.83351,0.86272,0.73445,0.29522,0.24747,0.23115,0.28252,0.7859,0.81232,0.64302,0.5,0.25381,0.068034,0.045785,0.11835,0.20947,0.074106,0.06083,0.43977,0.54006,0.4293,0.43071,0.28659,0.10252,0.015731
2,0.6525,0.55461,0.37219,0.38904,0.64782,0.21541,0.073092,0.064456,0.070949,0.042272,0.037213,0.018787,0.010525,0.049561,0.056368,0.81764,0.93821,0.88659,0.8704,0.89888,0.093037,0.025139,0.0236,0.028407,0.075172,0.053802,0.34365,0.40308,0.33445,0.099929,0.12929,0.047279,0.050985,0.032069
2,0.76908,0.66393,0.55537,0.52005,0.76927,0.75849,0.78343,0.84081,0.85953,0.7127,0.5723,0.4871,0.64168,0.6007,0.90002,0.94798,0.87194,0.73177,0.32836,0.014429,0.0041479,0.019744,0.11265,0.32052,0.32285,0.24783,0.3955,0.16087,0.36174,0.31114,0.3411,0.31123,0.23351,0.086666,0.030791
2,0.81706,0.3728,0.64388,0.89926,0.6812,0.59208,0.83351,0.73801,0.45241,0.26457,0.046682,0.065686,0.095147,0.6988,0.80595,0.73437,0.58272,0.74501,0.1286,0.061327,0.048689,0.36804,0.35416,0.36813,0.4439,0.75047,0.21175,0.083962,0.091338,0.025877,0.021812,0.010684
2,0.53402,0.18733,0.16516,0.22268,0.21192,0.11997,0.13173,0.18161,0.5734,0.32052,0.28424,0.28878,0.16137,0.15951,0.29918,0.72843,0.68235,0.6762,0.56264,0.20298,0.15138,0.25277,0.34506,0.65773,0.60789,0.65767,0.52337,0.61118,0.22012,0.33079,0.48026,0.5,0.24915,0.12024
2,0.28885,0.17265,0.04614,0.041524,0.04788,0.12737,0.17949,0.20791,0.22001,0.19226,0.17338,0.15116,0.13907,0.17508,0.10968,0.097469,0.048021,0.052027,0.24154,0.53317,0.55077,0.5,0.34286,0.019775,0.0040818,0.0010726,0.0107,0.031185,0.024567,0.024124,0.021431,0.013072,0.047199,0.11894,0.12616,0.12985,0.1234,0.13652,0.050354,0.019631,0.013573
2,0.015512,0.0036422,0.0051899,0.018039,0.057182,0.016624,0.028158,0.040492,0.016447,0.099412,0.1419,0.15623,0.30604,0.18207,0.051665,0.028625,0.066964,0.20333,0.29982,0.63887,0.68256,0.12469,0.066368,0.0021509
2,0.046709,0.0051068,0.030395,0.072194,0.065293,0.029196,0.13798,0.11135,0.063804,0.26506,0.80165,0.87745,0.83104,0.9799,0.99239,0.98995,0.98954,0.66733,0.07659,0.0072436
2,0.04999,0.010471,0.015723,0.016532,0.044362,0.090605,0.073334,0.057327,0.032752,0.045575,0.070093,0.09226,0.24211,0.5118,0.4056,0.64789,0.82707,0.94254,0.88718,0.90453,0.66178,0.03112,0.06726
2,0.080317,0.012325,0.016434,0.023953,0.02415,0.011026,0.016209,0.082406,0.06808,0.1258,0.076643,0.23303,0.16675,0.20318,0.29597,0.56115,0.69729,0.63488,0.52055,0.11931,0.022174
2,0.093205,0.019151,0.011159,0.045775,0.14711,0.14,0.12058,0.13735,0.046469,0.15741,0.15326,0.60705,0.8592,0.90723,0.89946,0.96493,0.96585,0.9266,0.7624,0.11692,0.042291,0.027193,0.031061
2,0.62069,0.37143,0.081974,0.06616,0.1035,0.068924,0.038957,0.1539,0.36321,0.36881,0.48452,0.56338,0.307,0.31354,0.38253,0.52485,0.50643,0.72338,0.55295,0.41565,0.20622,0.066103,0.074785
2,0.031019,0.014748,0.0026724,0.002795,0.0039672,0.0084402,0.0047348,0.0060135,0.046783,0.031128,0.029238,0.061771,0.16023,0.11361,0.35172,0.58223,0.82926,0.91198,0.83798,0.66773,0.16608,0.027419,0.016197,0.019887
2,0.30114,0.023652,0.12416,0.032432,0.0093866,0.021944,0.063454,0.018477,0.11771,0.015356,0.11456,0.064926,0.030597,0.079704,0.060864,0.03766,0.12844,0.40187,0.30124,0.11466,0.061254,0.0038615
2,0.90837,0.86821,0.75557,0.53925,0.44046,0.33631,0.73999,0.72803,0.42342,0.27608,0.17116,0.078867,0.10441,0.11393,0.21196,0.48517,0.65884,0.63349,0.3376,0.64176,0.21087,0.1516,0.25597,0.23667,0.33741,0.27239,0.11354,0.067512,0.037546,0.0391,0.048764,0.055161,0.0091838
2,0.51943,0.3813,0.58119,0.74462,0.6412,0.36807,0.081818,0.11658,0.39118,0.52231,0.47974,0.17117,0.41108,0.12206,0.24145,0.23137,0.40355,0.19595,0.17433,0.21746,0.090941,0.070452,0.018279
2,0.088119,0.060649,0.043489,0.1425,0.15386,0.15555,0.03659,0.14865,0.19507,0.2352,0.10115,0.17511,0.095724,0.091344,0.20057,0.22848,0.29779,0.25763,0.30774,0.22341,0.068371,0.013584,0.026042
2,0.30792,0.049425,0.39707,0.42277,0.44555,0.16644,0.2027,0.54862,0.4067,0.14922,0.15337,0.14963,0.055779,0.053962,0.037309,0.04747,0.051243,0.0422,0.028368,0.066951,0.016324,0.030463
2,0.12627,0.012455,0.035879,0.019388,0.067071,0.1074,0.016107,0.0036819,0.0056332,0.0060226,0.0012663,0.077831,0.34884,0.25437,0.35188,0.27126,0.13413,0.077864,0.064549,0.041732,0.066135,0.02027,0.02573,0.1307,0.21403,0.11782,0.11624,0.060972,0.028045,0.011647
2,0.48668,0.33319,0.33163,0.30497,0.30154,0.085624,0.032979,0.057376,0.01901,0.0056134,0.012167,0.032172,0.80602,0.89459,0.96223,0.70978,0.83614,0.71146,0.70237,0.41462,0.14803,0.14028,0.12148,0.34292,0.40791,0.12963,0.049389,0.024482
2,0.061753,0.033636,0.028424,0.026931,0.032042,0.018577,0.015242,0.048062,0.057346,0.16227,0.55568,0.58409,0.37008,0.27766,0.4284,0.23715,0.39825,0.37104,0.31778,0.026612,0.29888,0.23361,0.043981,0.012767,0.019834,0.024828,0.01901,0.020303
2,0.95084,0.4557,0.044083,0.42927,0.52839,0.18369,0.5055,0.85733,0.77173,0.71771,0.76201,0.56589,0.56816,0.74925,0.73635,0.4461,0.21894,0.15746,0.0765,0.058845,0.02498,0.037443,0.044736,0.020705
2,0.33635,0.18016,0.12445,0.12524,0.050049,0.023991,0.015419,0.021397,0.0089309,0.020091,0.057667,0.052914,0.12368,0.11285,0.086176,0.11227,0.21225,0.89525,0.88993,0.88855,0.93953,0.92834,0.25777,0.14392,0.0094827,0.012554,0.0062065,0.010167,0.0084764,0.015467,0.090294,0.015988
2,0.44742,0.19704,0.36025,0.48707,0.23391,0.062776,0.12059,0.012401,0.017161,0.024401,0.017182,0.033356,0.1771,0.19299,0.18422,0.11959,0.7522,0.48269,0.37416,0.43506,0.34664,0.087535,0.044494,0.098301,0.063285,0.06398,0.034954,0.033615,0.06171,0.063284,0.046659,0.0047328,0.03046
2,0.47429,0.12901,0.098992,0.077644,0.13544,0.15204,0.44594,0.12481,0.081402,0.16622,0.28836,0.14563,0.40117,0.51281,0.5421,0.6636,0.93195,0.84106,0.92405,0.45845,0.50913,0.53333,0.27775,0.022167,0.025163,0.068708,0.034066,0.049181
2,0.11041,0.051518,0.042482,0.044427,0.024023,0.046367,0.021892,0.014227,0.018606,0.050695,0.10091,0.13429,0.084493,0.053838,0.0069117,0.0040692,0.0062732,0.035433,0.0043185,0.0043956,0.0020752,0.0014579,0.0015705,0.0012406,0.012672,0.030246,0.01049,0.0087494
2,0.3864,0.089044,0.099617,0.13955,0.16509,0.1619,0.069323,0.040854,0.0068646,0.0044301,0.005683,0.019757,0.099711,0.61709,0.67247,0.63184,0.87544,0.60718,0.51335,0.53953,0.6463,0.083953,0.53633,0.15084,0.3478,0.70792,0.68822,0.24933,0.35319,0.18159,0.089709,0.080911,0.026646,0.097317,0.091486,0.05079
2,0.12501,0.33572,0.43968,0.73593,0.69878,0.68838,0.49473,0.15951,0.3141,0.53309,0.5,0.72037,0.39593,0.29894,0.063318,0.051867,0.16998,0.066827,0.033847,0.035099,0.038622,0.04477,0.056018,0.10936,0.11237,0.015625,0.022424
2,0.061541,0.027855,0.01856,0.022006,0.018528,0.011954,0.012519,0.014865,0.015936,0.019403,0.020764,0.051766,0.084478,0.1005,0.19292,0.2818,0.44361,0.75812,0.27133,0.44338,0.4694,0.47642,0.067627,0.061627,0.096149,0.040923,0.014713
2,0.71414,0.060414,0.020043,0.027731,0.02842,0.027274,0.098973,0.072254,0.05945,0.11024,0.082422,0.16304,0.10006,0.16563,0.10979,0.046221,0.019966,0.042683,0.14998,0.13412,0.17175,0.24741,0.15393,0.019359,0.02341,0.030659,0.050225,0.23578,0.56396,0.51735,0.63535,0.87663,0.36541,0.062016,0.10658,0.11555,0.19299,0.10011,0.26519,0.21108,0.018033
2,0.40648,0.045744,0.0086181,0.013033,0.011846,0.019807,0.036875,0.11164,0.14797,0.39689,0.68277,0.71001,0.51053,0.030627,0.16033,0.15189,0.058606,0.14228,0.15493,0.25358,0.36201,0.30662,0.26525,0.16831,0.34474,0.17538,0.53051,0.52342,0.47369,0.03618,0.019183,0.019461,0.021935,0.03338,0.02134,0.038542,0.05949
2,0.62676,0.19928,0.049138,0.016343,0.010159,0.006966,0.0099752,0.053908,0.067881,0.12309,0.18165,0.51035,0.40511,0.49168,0.53962,0.46433,0.16223,0.18714,0.34129,0.41612,0.71509,0.65739,0.12318,0.10838,0.033157,0.064204,0.22867,0.13681,0.046663,0.10723,0.098677,0.037381,0.023888,0.081083,0.077,0.15567,0.19867,0.4467,0.5,0.60556,0.67328,0.67571,0.024777,0.014563,0.017289,0.021084,0.014592,0.028966,0.022348,0.017693,0.028609,0.012999
2,0.92413,0.11935,0.023157,0.0093676,0.14512,0.13999,0.18323,0.5,0.37149,0.22785,0.3448,0.2486,0.17561,0.099253,0.038678,0.017871,0.011683,0.13033,0.051185,0.02483,0.037116,0.033683,0.010145,0.019898,0.087292,0.46385,0.64956,0.68128,0.87198,0.68327,0.2511,0.12503,0.17169,0.094185,0.14207,0.15041,0.41335,0.14619,0.061337
2,0.17496,0.038332,0.023616,0.019428,0.043949,0.064669,0.10129,0.15995,0.2609,0.49092,0.76702,0.86097,0.80474,0.27115,0.38385,0.36504,0.17544,0.10236,0.20436,0.14923,0.058201,0.027909,0.022354,0.13975,0.13044,0.13185,0.14722,0.10504,0.019916,0.034207,0.0335,0.057529,0.084381,0.10174,0.1379,0.059518
2,0.206,0.084976,0.024863,0.03146,0.050899,0.043788,0.051735,0.13082,0.11529,0.083684,0.062046,0.11536,0.19813,0.24423,0.21199,0.13218,0.031987,0.073075,0.04457,0.051531,0.13197,0.12501,0.065955,0.17218,0.12785,0.389,0.90202,0.92156,0.90869,0.98516,0.99093,0.28012,0.14667,0.18206,0.11197,0.061003,0.089046,0.15444,0.090062,0.061473,0.065248
2,0.20132,0.036634,0.061734,0.068097,0.16568,0.1922,0.33046,0.42385,0.36328,0.25183,0.26427,0.067605,0.10094,0.16936,0.18604,0.26818,0.28085,0.213,0.23879,0.3681,0.53123,0.41997,0.41848,0.14191,0.074533,0.13776,0.093771,0.016556,0.016834
2,0.098841,0.13574,0.10838,0.038391,0.23805,0.34297,0.42219,0.36225,0.52137,0.62795,0.15307,0.011045,0.0099201,0.16389,0.26352,0.38826,0.72006,0.80741,0.7053,0.76841,0.9144,0.91296,0.94825,0.7987,0.046769,0.027217,0.036722,0.08628,0.082399,0.049544,0.030603,0.014543
2,0.70907,0.12921,0.18089,0.38936,0.3195,0.13268,0.26557,0.41696,0.7323,0.64198,0.52634,0.49412,0.6705,0.66046,0.64197,0.5,0.35697,0.055371,0.023369,0.010325,0.010231,0.014466,0.031503,0.023637,0.04794,0.013957,0.01852
2,0.54676,0.069451,0.17683,0.28468,0.72886,0.78944,0.75668,0.13307,0.028086,0.091512,0.18213,0.30187,0.66146,0.84022,0.70779,0.67731,0.32191,0.62783,0.67541,0.74765,0.71742,0.78504,0.82375,0.65907,0.19517,0.21962,0.053145,0.18279,0.29485,0.20929,0.22019,0.24644,0.1206,0.097934,0.15066,0.2205,0.20626,0.037712
2,0.64811,0.20236,0.35658,0.73164,0.63035,0.73796,0.80507,0.84529,0.34772,0.68586,0.71218,0.8339,0.61733,0.67559,0.38177,0.19857,0.23637,0.19824,0.2138,0.10472,0.077158,0.096359,0.1054,0.054556
2,0.089296,0.041034,0.022666,0.037785,0.053598,0.045678,0.096354,0.11742,0.079617,0.17439,0.1237,0.2016,0.19194,0.42179,0.52621,0.55678,0.84575,0.12157,0.54374,0.85138,0.86885,0.91973,0.80641,0.8598,0.73705,0.63378,0.5,0.20411,0.29115,0.18816,0.13272,0.04649,0.0085289
2,0.43299,0.090209,0.27634,0.85165,0.89497,0.90582,0.90122,0.86375,0.38616,0.19164,0.21551,0.14046,0.26313,0.43811,0.61903,0.55394,0.44886,0.55166,0.37649,0.29234,0.3523,0.38627,0.26097,0.098692,0.0028094
2,0.30442,0.16824,0.19293,0.1882,0.31632,0.18336,0.31048,0.29798,0.30867,0.67106,0.8635,0.85568,0.84189,0.62718,0.22351,0.29818,0.33509,0.55763,0.64735,0.8251,0.77179,0.12182,0.2615,0.26203,0.021988,0.024975,0.037281,0.032742,0.036162,0.044012,0.039816,0.0030671
2,0.48883,0.29191,0.5772,0.70522,0.62103,0.63559,0.87623,0.91213,0.75384,0.080338,0.016186,0.27774,0.18302,0.086631,0.062578,0.29203,0.0086538,0.012057,0.0112,0.01035,0.015651,0.021289
2,0.53822,0.25443,0.20384,0.36985,0.35175,0.28508,0.67767,0.5,0.54944,0.58862,0.63101,0.68951,0.39638,0.37368,0.16763,0.059799,0.044444,0.020535,0.015913,0.043071,0.044888,0.075568,0.11501,0.28413,0.18983,0.22829,0.10322,0.05572,0.017079
2,0.30371,0.19558,0.1236,0.21022,0.59072,0.5,0.65959,0.67126,0.61819,0.1487,0.13571,0.73338,0.68337,0.77592,0.65268,0.04872,0.23297,0.2691,0.32934,0.67531,0.27736,0.034812,0.079646,0.086279,0.027885,0.055206
2,0.22404,0.040153,0.080007,0.24665,0.23395,0.40447,0.37629,0.66753,0.56475,0.12297,0.029519,0.17914,0.1563,0.097808,0.080702,0.21149,0.040955,0.048847,0.039808,0.045256,0.046659,0.026728
2,0.27474,0.24622,0.66975,0.70539,0.80707,0.7925,0.82466,0.54074,0.14879,0.03922,0.068327,0.020916,0.016109,0.011783,0.091278,0.036331,0.080646,0.058003,0.061204,0.12095,0.085088,0.033083
2,0.52048,0.59415,0.46927,0.79004,0.78259,0.70492,0.8604,0.87494,0.79491,0.26305,0.10194,0.011084,0.061456,0.037737,0.064854,0.0619,0.061342,0.11034,0.078165,0.1516,0.092649,0.074809,0.05902,0.025001,0.01632
2,0.88302,0.64344,0.7882,0.85093,0.7837,0.31353,0.47097,0.48272,0.41844,0.56858,0.36262,0.065707,0.1115,0.33185,0.4453,0.18278,0.16818,0.33482,0.06053,0.01784,0.029255,0.0784,0.10286,0.14726,0.065701,0.15079,0.018727
3,7.004e-05,1.1755e-05,9.9325e-06,1.6055e-05,3.9464e-05,5.0044e-05,3.9373e-05,0.00011448,0.00021509,0.00095981,0.002735,0.0077419,0.0027909,0.00094814,0.0018082,0.0019069,0.003082,0.023592
3,0.0016487,0.00044029,0.00017618,0.00013632,0.00015645,6.267e-05,5.4568e-05,0.00015212,0.00025261,0.00072062,0.0014335,0.012895,0.012375,0.016565,0.034378,0.0035243,0.00077654,0.0009492,0.0017001
3,0.00030201,0.00017942,2.2372e-05,3.7801e-05,8.9639e-06,1.8971e-05,0.00012273,0.00017892,0.004994,0.0050314,0.018223,0.018296,0.017982,0.0013265,0.00019542,5.1214e-05,5.3889e-05,1.6168e-05,6.956e-06,3.2146e-05,0.00011773,7.3482e-05,0.00059663,0.00041471,0.00029478,0.00018749,8.8444e-05,2.5205e-05,4.835e-05,0.00014333,0.0019035
3,0.00035727,6.1966e-05,3.1523e-05,6.5766e-05,8.2116e-05,3.9909e-05,8.1543e-05,8.6449e-05,0.00034711,0.00029769,0.00055561,0.00073005,0.0016253,0.0015396,0.0026235,0.003303,0.0030933,0.0043732,0.00075366,0.0024758,0.0064202
3,3.4727e-05,1.3141e-05,3.3176e-05,0.00027825,0.00017252,0.00027498,0.00032781,0.00062543,0.0010661,0.00042886,5.1711e-05,0.00016785,0.00012054,7.3564e-05,2.8511e-05,7.6364e-05,0.00015426,0.00032634,0.0018735,0.032261,0.006416
3,0.0016862,0.00028287,0.00012967,5.8966e-05,3.9373e-05,6.0936e-05,0.0002366,0.00090228,0.0012223,0.0026851,0.0021055,0.0035465,0.0079423,0.0056162,0.0042526,0.00014568,0.00011851,0.00011278,4.6136e-05,5.0591e-05,2.2385e-05,2.2034e-05,1.3155e-05,0.00010032,0.00011232,0.00057369,0.00038829,0.00088012,0.006312
3,0.00016098,0.00011266,0.00029559,0.00022183,0.00026727,0.00015573,0.00010838,0.00024834,0.00098058,0.0032337,0.0033765,0.007271,0.0065336,0.0076401,0.0097192,0.0070633,0.007157,0.00677,0.0081208,0.0062397,0.0078794,0.0068284,0.0096844,6.6629e-05,0.00020027,0.00010733,5.7469e-05,2.0167e-05,0.00011367,0.00010129,4.6584e-05,3.3204e-05,3.0622e-05,0.00022516,0.0002687,0.00038809,0.000448,0.0016736,0.00073935
3,0.0004092,9.2185e-05,7.9336e-05,3.889e-05,2.9769e-05,5.0466e-05,2.5921e-05,2.7463e-05,0.00013791,0.0002012,0.00018594,0.00019142,0.00010617,4.363e-05,0.00063766,0.00049011,0.0035751,0.0039137,0.0036034,0.0037922,0.0037972,0.004254,0.0028655,0.00046462,7.8172e-05,0.0001498,8.4123e-05,4.1408e-05,2.4637e-05,0.00011649,8.7548e-05,0.0004247,0.00098938,0.0002088,0.0002285,7.9523e-05,3.3927e-06,2.0955e-06,5.1499e-06,1.5043e-05,3.8679e-05,6.4853e-05,4.7198e-05,1.9177e-05,9.8103e-06,1.5529e-05,8.6997e-05,6.5158e-05,0.00083397,0.0032562,0.015719,0.010749,0.0057728,0.0018054,0.0094306,0.005151,0.0059114
3,0.00030364,0.00011096,1.0763e-05,3.7629e-05,1.292e-05,2.1631e-05,4.1026e-05,4.8286e-05,0.00010195,0.00023697,0.00033784,0.00074725,0.00049907,0.00038852,0.00039235,0.00071279,0.00089804,0.011672,0.021529,0.017557,0.0019457,0.00089595,0.00085573,0.00048478,0.00023483,2.8709e-05,5.0919e-05,0.0001284,0.00023923,0.00092463,0.00037382,0.00025031,2.6967e-05,1.0615e-05,1.4853e-05,6.0142e-05,6.2984e-05,0.00027241,0.00086166,0.00035059,0.00012149,1.4855e-05,1.941e-05,1.3379e-05,2.457e-05,9.2908e-05,0.00032566,0.00083579,0.002307,0.0011076,0.0051446,0.010934,0.02108,0.004163
3,0.00061406,0.00044601,0.0002011,0.00012799,7.3095e-05,7.1632e-05,5.4734e-05,5.4401e-05,0.00011183,0.00012061,0.00012277,0.00011145,0.00011971,1.6882e-05,1.4832e-05,1.236e-05,2.5998e-05,1.8201e-05,0.00019254,0.00096722,0.0010635,0.00081205,0.00038719,0.00014952,7.0552e-05,5.1209e-05,0.00010861,0.00012485,0.0001692,0.00055079,0.001239,0.0017257,0.0046479,0.0046938,0.0030001,0.0020948,0.001197,0.0045603,0.0039673
3,0.00048539,3.9514e-05,0.00040857,5.4863e-05,3.3646e-05,6.1698e-05,7.1698e-05,6.7918e-05,0.00010097,4.628e-05,6.6965e-05,2.7452e-05,1.8661e-05,4.7242e-05,0.00018967,3.8681e-05,0.00012431,0.00013758,9.6849e-05,4.0335e-05,7.1971e-05,9.8127e-06,1.4134e-05,1.528e-05,1.4277e-05,1.8139e-05,0.00029803,0.00036846,0.0005322,0.012354,0.021884,0.0099827,0.013304,0.022953,0.044977
3,0.00084386,0.00022423,0.00061858,0.00099574,0.00032041,0.00070523,0.0019836,0.0015093,0.001384,0.0012965,0.0021624,0.0020529,0.0013462,0.0011203,0.00035156,0.00015605,0.00013351,7.1159e-05,4.5419e-05,0.00013531,0.00039259,0.0012715,0.0020847,0.0030209,0.00033758,0.00014934,8.6552e-05,4.943e-05,2.4845e-05,0.00025686,0.00088499,0.001772,0.00088536,0.00053119,0.00069256,0.0013383,0.0005934,0.002683,0.023063,0.17994,0.1389,0.022391,0.0040435,0.00090262,0.0014054
3,0.0036406,0.00037308,0.00020618,0.0011275,0.00069772,0.00091747,0.00040319,0.00021879,0.00024666,0.0016798,0.0069072,0.019546,0.0074012,0.01199,0.0022826,0.0016815,0.0031832,0.025996,0.029414,0.041367,0.047276,0.0010484,0.00020403,0.00032804,0.00033485,0.00012811,0.00016016,0.00086675,0.00067255,0.00072377,0.0010354,0.00082942,0.00036326,0.00067107,0.00040442,0.00064368,0.003844,0.013886,0.03635,0.036062,0.036241,0.039763,0.013836,0.039072,0.017051,0.0077137,0.0034336,0.00032617,0.00065043,0.0020406,0.0029549,0.0039937,0.0064937,0.0054828,0.0050328,0.13328,0.012739
3,2.7401e-05,8.7234e-06,3.0458e-06,1.3757e-05,2.5548e-05,6.3571e-05,0.00010852,2.7641e-05,1.1295e-06,7.1467e-06,9.4084e-05,9.4052e-05,0.00055758,0.0044639,0.0040039,0.0026115,0.0031467,0.0042398,0.0013965,0.00043196,0.0020399,0.0010426,0.00031514,6.9738e-05,0.00024423,0.00013046,0.00010228,9.7124e-05,0.00015476,0.00050982,0.00028235,5.9629e-05,0.00047163,0.00085568,0.0030879
3,3.1194e-06,1.7989e-06,2.8834e-06,1.3239e-05,2.9778e-05,7.0116e-05,3.9101e-06,1.1259e-05,1.511e-05,4.8363e-05,0.00052963,0.00013629,3.5148e-05,8.192e-05,4.6508e-05,4.4802e-05,2.4012e-05,6.8789e-05,0.00061056,0.0003774
3,0.00051802,9.5204e-05,0.00025951,0.00011705,9.5943e-05,3.7019e-05,3.3243e-05,3.6251e-06,6.2286e-06,1.4676e-05,8.9954e-06,1.5192e-05,2.7404e-05,1.2924e-05,2.6281e-05,0.00014354,0.00018149,0.0001839,0.0028066,0.0041547,0.0038979,0.0048946
3,1.6517e-05,9.9488e-06,2.1275e-05,8.2453e-05,0.00018651,0.00019202,0.00056112,0.0013162,0.00064878,1.5475e-05,8.2134e-06,8.0211e-06,5.9441e-05,0.00034158,0.006571,0.0055877,0.0051866,0.0056461,0.0073827,0.0075463,0.0079544,0.0053095,0.0042631,0.0034123,0.00062503,0.0003691,0.001475,0.0010348,0.00078449,0.00036785,0.00029549,0.00013066,6.6554e-05,0.00010714,8.064e-05,4.5039e-05,2.7921e-05,0.00034885,0.00036,0.00084131,0.0045232
3,3.3813e-05,1.6408e-06,1.9871e-06,2.4016e-05,7.9058e-05,0.0003299,0.0031066,0.0010844,4.9482e-05,5.3042e-05,0.00018667,0.00014059,0.00026659,0.00034427,0.00037849,0.0010131,0.0025259,0.0024294,0.0066338,0.0044728,0.0054209,0.0065359,0.0023028,0.0029779
3,6.308e-06,1.2597e-06,1.1797e-06,1.9244e-06,1.5961e-06,1.3549e-06,2.5082e-06,4.501e-06,6.0151e-05,8.6394e-05,9.4649e-05,5.7466e-05,0.00011515,6.5053e-05,2.2134e-05,4.5209e-05,3.5192e-05,0.00017828,0.0057936,0.012353,0.0011357,0.00024059,0.0002179,0.00014577,1.4435e-05,4.4648e-06,5.4527e-06,4.304e-06,4.4719e-06,2.8737e-06,4.1458e-06,9.1738e-06,0.00013901,0.00014028,0.00087452,0.00029186,0.00039456,0.00081412,0.0061812,0.0053909
3,0.00058842,7.5756e-05,2.5285e-05,1.1e-05,2.965e-05,0.00015402,0.00022957,0.00048563,0.00060046,0.0016306,0.00023727,0.0010926,0.0038078,0.0058078,0.0064791,0.049733,0.078883,0.011054,0.020344,0.01593,0.004653,0.00042293,0.00047666,0.00052313,0.00020817,0.0013514,0.0017155,0.0018825,0.027704,0.0063667,0.0040198,0.006581,0.013619,0.0088477
3,0.0024312,0.00042228,3.9699e-05,5.7916e-05,5.5654e-05,0.00013035,0.00021364,0.00035327,0.00016289,2.9476e-05,7.8826e-05,0.00017493,0.00085079,0.0032923,0.0044821,0.0047962,0.00060349,0.0013123,0.0027011,0.007402,0.012442,0.014846,0.034638,0.034093,0.03607,0.034324,0.034024,0.032831,0.060383,0.021813,0.0017622,0.0025272,0.0030511,0.0052612,0.0048985,0.0029185,0.0071348,0.0061282,0.0034005,0.0012662,6.7022e-05,0.00010746,0.00016158,0.0001204,0.00012719,0.00031455,0.00074144,0.00073926,0.003559,0.0059527,0.030486,0.0072305
3,0.00010681,2.6709e-05,5.066e-06,2.7637e-05,1.7732e-05,2.3264e-05,4.724e-05,0.00014768,1.0681e-05,9.9559e-06,5.722e-06,8.7718e-06,1.7373e-05,3.409e-05,5.6932e-05,4.3778e-06,7.4152e-07,1.3505e-06,1.3603e-06,3.6933e-06,9.4134e-06,3.1506e-05,6.6329e-05,4.7912e-05,4.5996e-06,1.112e-05,2.6085e-05,3.1832e-05,1.8011e-05,4.9115e-06,7.5527e-06,1.3585e-05,4.6106e-05,0.00010096,0.00040934,0.00039045,0.002792
3,0.0034946,0.00012181,3.3986e-05,1.0276e-05,3.325e-06,1.0255e-05,7.5e-05,0.00026251,0.0064496,0.016144,0.0085668,0.0059873,0.005481,0.0054704,0.0045632,0.0014363,0.020113,0.0012497,0.0012631,0.001587,7.1617e-05,8.0475e-05,0.00070226,0.0016688,0.0024617,0.0074721,0.0015186,0.0001851,8.934e-05,9.5442e-05,0.00015391,0.00035383,0.0012744,0.0029557,0.0045376,0.0050534,0.0059466,0.0049491,0.0080222,0.009228,0.011967,0.012172,0.010718,0.00059367,5.1564e-05,0.0001699,0.00028534,0.0001812,0.00025589,0.003955,0.0029967,0.033025,0.020834,0.015246,0.01262,0.0067739,0.0078748,0.0073203,0.0070058,0.0076099,0.07504,0.059008,0.0061139,0.0029094,0.00030962,2.4066e-05,4.2452e-05,6.8336e-05,5.182e-05,4.8556e-05,0.00020453,0.00051642,0.0032535,0.013398,0.0031569,0.011461,0.008424
3,0.00012117,2.0323e-05,1.9119e-05,2.3271e-05,0.00011721,0.00038632,0.00076617,0.0013448,0.00096113,0.00016258,8.4638e-05,0.0001405,0.00033748,0.00038654,0.00043441,0.00074709,0.0012965,0.0036301,0.0057935,0.008228,0.013785,0.0025029,0.0014147,0.0014271,0.0011585,0.0014341,0.0066234,0.0027971,0.00015278,0.00010565,0.00012904,0.00020707,0.00031781,0.00056361,0.0052227,0.012593
3,1.9036e-05,2.7807e-06,4.541e-07,4.0447e-07,3.4116e-07,9.2362e-07,5.1085e-06,9.1831e-07,2.9322e-06,2.5706e-06,4.387e-06,2.9135e-05,2.8002e-05,3.1839e-06,1.8422e-06,7.0976e-06,2.3387e-05,3.8772e-05,1.5337e-05,2.9639e-05,2.7747e-05,3.9123e-06,3.973e-06,2.7635e-06,3.6839e-06,9.879e-06,1.9486e-05,1.7362e-05,8.3693e-06,5.509e-06,6.5086e-06,2.607e-06,6.6975e-06,0.00015912,0.0001776,8.0889e-05,8.4718e-05,0.00054145,0.0041524,0.0042478,0.00428
3,0.00030656,2.7119e-05,2.9231e-05,1.7177e-05,1.9973e-05,2.8671e-05,5.9082e-05,3.5956e-05,0.00017442,0.00028245,0.00049117,0.00027475,0.00054274,0.00051309,0.00039074,0.00048083,0.00050321,0.00030766,7.2968e-05,6.2823e-05,8.1088e-05,7.0076e-05,2.0711e-05,1.1944e-05,2.1193e-05,2.2248e-05,1.3733e-05,4.174e-05,3.9412e-05,3.8045e-05,0.00010005,0.00054202,0.0073875,0.0054702,0.006774,0.009557,0.010692,0.01055,0.0085494,0.0061142,0.00063533,0.00011701,0.00017342,0.00015936,9.6091e-05,3.1706e-05,5.6172e-05,0.0001024,6.6719e-05,0.00011614,5.4793e-05,3.8502e-05,4.1261e-05,5.4098e-05,2.2211e-05,5.1717e-05,9.7981e-05,0.0068707,0.017938,0.010295
3,0.0043607,0.00040068,4.7559e-05,4.7686e-05,0.00021666,0.00072398,0.0013015,0.00074721,0.00081804,0.00081776,0.0014338,0.0014745,0.0016974,0.0018482,0.00048178,0.0012027,0.0026606,0.0045859,0.0024138,0.0026264,0.001947,0.00036585,0.0005792,0.0016196,0.0060509,0.012461,0.029112,0.024876,0.021104,0.026589,0.034185,0.027354,0.030747,0.030368,0.036943,0.051634,0.0080211,0.013427,0.0071164,0.0021926,0.0010259,0.0031223,0.003142,0.006496,0.0089687,0.010127,0.0044374,0.003133,0.0075076,0.024932,0.025561,0.025645,0.046117
3,8.8137e-05,2.5425e-05,1.0016e-06,1.1758e-06,2.6059e-06,5.971e-06,1.2725e-05,3.0472e-05,3.4847e-05,9.8884e-05,0.00026063,0.0008764,0.014624,0.0075863,0.0073969,0.0090341,0.0064555,0.0064685,0.0061399,0.0031518,0.0016343,0.0018305,0.00045559,0.00033322,0.00088971,0.001077,0.0027003,0.01739,0.0066078,0.0036638,0.0016232,0.00054084,3.4695e-05,1.2467e-05,2.5533e-05,8.2838e-05,9.8539e-05,3.4586e-05,0.00010304,0.00016743,0.00018869,0.00026643,0.00015898,0.00019646,0.00029207,0.00075232,0.00086266,0.0048335,0.0051984,0.0031864,0.0041216,0.0046374,0.0048914,0.0074293,0.0085931,0.00085709,0.00052116,0.00080889,0.0010768,0.0009316,0.00019533,0.00022317,0.00014971,0.00010692,6.51e-05,0.00074469,0.00085472,0.0065457,0.0071042,0.00091734,0.00049511,0.00062964,0.00057177,0.00053313,0.0001324,0.00085278,0.004113,0.005903,0.014821,0.0022456,0.0058331,0.0050564,0.0049095,0.002672,0.0027621,0.0017931,0.0020905,0.0084815,0.0062476,0.002894
3,0.0018782,0.0002759,9.525e-05,0.00013849,0.0001073,0.00017922,8.0766e-05,0.00015462,0.00018634,7.6372e-05,0.00016779,0.0014518,0.0026682,0.022144,0.017657,0.018004,0.027634,0.056332,0.00408,0.0014001,0.0016635,0.0012365,0.0013567,0.0014899,0.0041982,0.011225,0.0025007,0.0006873,0.00084504,0.0010871,0.00022683,0.00022953,0.00061633,0.001045,0.0064346,0.01107,0.02254,0.0074585,0.021093,0.022325,0.028398,0.021846,0.0032566,0.0088161,0.011622,0.0055214,0.0035504,0.0013116,0.0011571,0.00096394,0.0013295,0.0018582,0.00031807,0.0019236,0.0022963,0.0028489,0.010042,0.11335,0.023255
3,9.9497e-05,1.1166e-05,2.1974e-06,2.725e-06,4.1084e-06,3.3813e-06,2.8812e-06,1.0358e-05,2.0889e-05,1.9047e-05,1.5949e-05,0.00038878,0.0014591,0.0012801,8.0556e-05,3.2773e-05,6.3389e-05,1.8467e-05,1.6084e-05,2.5665e-05,4.7526e-05,5.1209e-05,2.4356e-05,7.0601e-06,2.6468e-05,5.5365e-05,0.00010497,2.8279e-05,3.3546e-05,4.7801e-05,4.8096e-05,0.0001085,0.00032181,0.0014684,0.0028718,0.0014147,0.0007186,0.0006175,0.00036965,0.00040865,0.001174,0.0018351,0.0020846,0.00084819,0.00086999,0.00077755,0.00059202,0.00048145,0.0010889,0.0022694
3,0.001734,0.00091049,0.00057736,0.00028062,4.7999e-05,0.00089716,0.0036379,0.028315,0.019636,0.003789,0.0030487,0.0022712,0.00089209,0.0011242,0.00084931,0.0020414,0.0036526,0.0049048,0.0035069,0.0046683,0.00088366,0.00075887,0.00063415,0.0014877,0.0026308,0.017349,0.010794,0.010618,0.0095076,0.0076847,0.0090629,0.0084194,0.0080722,0.00049193,0.00034876,0.0010044,0.0007928,0.00038297,0.00057821,0.00041167,0.00037314,0.0015928,0.0020362,0.0056557,0.0027869,0.0048081,0.032065,0.075693,0.090563,0.038456,0.015063,0.0072339,0.0029795,0.00022971,0.00062937,0.0029206,0.010323,0.0099621,0.0065161,0.010992,0.012417,0.010043,0.0099804,0.012097,0.0022376,0.0048672,0.0036391,0.0039143
3,0.00012842,1.0536e-05,3.0926e-06,6.3284e-06,2.4364e-05,0.00011439,0.00023061,0.0001774,0.0001174,0.00040387,0.0013355,0.0056094,0.00095232,0.00036292,0.0008468,0.002677,0.0084626,0.089075,0.015714,0.0034453,0.0031356,0.00088204,0.00072452,0.00043419,0.0013075,0.0013315,0.0006596,0.00018916,0.0002371,0.00065579,0.0028664,0.00092958,0.004133,0.0064122,0.0043079,0.0095246,0.0058357,0.004743,0.0073364,0.011119
3,0.00016629,1.6473e-05,9.8391e-05,0.00015324,8.0389e-05,1.8263e-05,4.5318e-05,2.9286e-05,0.00037811,0.00037855,0.00055425,0.0026983,0.0020021,0.0023416,0.00053671,0.0042304,0.0036703,0.01729,0.020344,0.01943,0.0092491,0.014044,0.026648,0.032684,0.024998,0.019913,0.028086,0.00061138,0.00068623,0.00023702,0.00021943,0.00062005,0.00036289,0.00034198,0.00037931,0.00046486,0.0010068,0.0045437,0.0013892,0.00014436,0.00020318,0.00016871,0.00024109,0.00075524,0.0066035,0.00839,0.021585,0.0099378,0.0085748
3,0.00053377,9.2602e-05,2.1104e-05,9.402e-05,3.6085e-05,1.6482e-05,5.5639e-06,2.9601e-05,9.2828e-05,0.00011132,0.00011746,0.00019296,0.00041043,0.00021011,0.00064574,0.0021228,0.0041813,0.00024084,0.00029785,0.00054324,0.001142,0.0023469,0.0061863,0.0071303,0.006108,8.1097e-05,2.1903e-05,1.6376e-05,5.1826e-05,3.5181e-05,1.792e-05,2.4601e-05,2.9905e-05,1.9098e-05,0.00013579,0.0012611,0.0034494,0.011323,0.0062845,0.0030003,2.4425e-05,0.00031975,0.00010941,0.00016327,0.00014215,0.00031623,9.9528e-05,0.00012359,0.00014142,0.00015573,0.00037325,0.0011412,0.00085846,0.0054791
3,0.00020568,7.2235e-05,0.00011601,9.0355e-05,8.3861e-05,9.6943e-05,0.00019863,0.0003407,0.00098349,0.0028086,0.0071194,0.00085839,0.00060063,0.00050428,0.0018332,0.002195,0.0046416,0.010447,0.0087803,0.0078212,0.0077606,0.0075476,0.0066737,0.0069506,0.0069819,0.0081572,0.00032479,0.00076396,0.00054567,0.00039525,0.00018096,0.00030931,0.00058626,0.00071057,0.00060379,0.0004824,0.00050182,1.734e-05,2.3902e-05,0.0001614,0.00033895,0.0012711,0.0026559,0.0034723,0.0018902,0.0013263,0.0088346
3,0.00050645,9.1881e-06,3.764e-05,8.688e-05,6.7295e-05,8.2745e-05,0.0016949,6.457e-05,4.3568e-05,5.9673e-05,5.0099e-05,3.0888e-05,0.00014853,0.00015355,0.00027569,0.00017274,0.0010502,0.0022869,0.0023295,0.0099275,0.01312,0.0019693,0.00057057,0.0012017,0.00082547,0.00042455,4.8856e-05,2.6439e-05,1.194e-05,1.053e-05,2.2913e-05,0.00022221,0.00049393,0.00038417,0.00037566,0.00029069,0.00023395,0.0012301,0.002675
4,0.02829,0.01821,0.011913,0.0023978,0.0053951,0.013668,0.0057691,0.0031611,0.0024855,0.0057957,0.0060727,0.0064566,0.0073154,0.0083982,0.012824,0.015902,0.018526,0.031708
4,0.041274,0.012771,0.0049312,0.0074496,0.0022858,0.0059474,0.020461,0.0097608,0.007591,0.0054462,0.0021356,0.0015633,0.0018546,0.0011853,0.001283,0.001466,0.0057993
4,0.041903,0.030694,0.029931,0.0088771,0.001313,0.0030626,0.0040643,0.0022537,0.0013508,0.0018824,0.0044324,0.012389,0.019319,0.016986,0.028787,0.044532,0.021285,0.019698
4,0.0049673,0.001234,0.0024142,0.0010514,0.0016076,0.022648,0.063941,0.027151,0.008063,0.046666,0.010908,0.0042995,0.0050999,0.01621,0.03932,0.016452
4,0.0024139,0.00034475,0.00031477,0.0001506,0.0001373,0.0016511,0.0013325,0.0027864,0.0062994,0.02633,0.010042,0.014941,0.0049112,0.007276,0.028354,0.026676
4,0.07238,0.031787,0.055864,0.0036886,0.0025508,0.0056777,0.014755,0.0074958,0.0026081,0.010449,0.012534,0.025437,0.024788,0.038468,0.043013,0.047997,0.0017288
4,0.014325,0.0011701,0.00037698,6.0027e-05,0.00018665,0.00026517,0.00061508,0.0011351,0.0052826,0.0081938,0.014962,0.012351,0.010185,0.0015411,0.0010559,0.001704,0.0045847,0.012658
4,0.019373,0.00026887,0.00031236,0.00016224,0.00037012,0.00038629,0.00022995,0.0009615,0.0013257,0.0023393,0.0026036,0.0072154,0.0090821,0.026306,0.027623,0.077189,0.019691,0.0060619
4,0.0031395,7.0206e-05,2.4787e-05,3.9158e-05,2.6296e-05,6.8805e-05,0.00056694,0.0017817,0.015161,0.023863,0.007868,0.0081428,0.0030396,0.007496,0.010558
4,0.035717,0.0069173,0.006081,0.0033961,0.0031325,0.003778,0.0042061,0.011602,0.021942,0.030461,0.013238,0.012145,0.010539,0.013367,0.018266,0.0077632
4,0.041129,0.030047,0.023606,0.012788,0.026176,0.024071,0.0028339,0.025141,0.034809,0.026301,0.017757,0.030838,0.0042236,0.0026537,0.0047301,0.026285
4,0.0029412,0.00095224,0.0079353,0.0067236,0.0022172,0.0013254,0.0026182,0.0005689,0.00069103,0.0011856,0.001141,0.00058131,0.00146,0.00104,0.00072883,0.00054064,0.001445,0.0054482
4,0.0048816,0.00022313,0.0010638,0.0022959,0.0018522,0.001863,0.002328,0.00062296,0.0022419,0.0016374,0.011357,0.022414,0.018935,0.0087969,0.0069344,0.0070453
4,0.043346,0.0040508,0.0028247,0.0039021,0.0071849,0.0032821,0.0072402,0.031855,0.010198,0.0016541,0.0012598,0.00075238,0.00043441,0.00049979,0.00080881,0.0024875,0.0035878,0.0056989,0.0078429,0.0028724,0.00088812
4,0.00027868,0.00016842,0.00038802,0.00017068,0.0001908,0.00048028,0.00061966,0.0010523,0.0011778,0.0014468,0.00052979,0.0011059,0.0028502,0.0037287,0.010981,0.019444,0.077249
4,0.00050974,7.2766e-05,0.00019065,0.00023541,0.00013228,0.00014567,0.00035451,0.00076416,0.0010679,0.0006268,0.00043312,0.0002125,0.0001356,0.00012054,0.00026656,0.00041162,0.00089827,0.00060006,0.00089755,0.00014807,0.00026714,0.0001918,0.00020927,0.00061425,0.0013177,0.00090369,0.00076703,0.0019094,0.0062141,0.0026671,0.016407,0.0086795,0.027069,0.021554
4,0.0094039,0.0027628,0.0058863,0.0045698,0.0019855,0.0017554,0.0040572,0.0057677,0.0023473,0.0037682,0.0019369,0.0019779,0.0040048,0.0056316,0.0041385,0.011277,0.0045903,0.0026748,0.00075484,0.0007225,0.00082606,0.0023922,0.0022501,0.0044398,0.0068477,0.020966,0.022082,0.031202,0.023332,0.014333,0.0070081,0.02949,0.026618
4,0.0099509,0.0027616,0.0062843,0.0033459,0.0008833,0.0011131,0.0026468,0.0026321,0.0027883,0.0011691,0.0021885,0.0022964,0.0017827,0.0021829,0.0052563,0.0082202,0.0039929,0.0028773,0.0030832,0.0015824,0.0027114,0.0035928,0.0058949,0.0034011,0.003621,0.0040498,0.0097862,0.014387,0.012893,0.01302,0.0076334
4,0.13477,0.025842,0.031213,0.0081316,0.0092275,0.0077467,0.020597,0.029708,0.010642,0.013092,0.0067561,0.010388,0.013814,0.01839,0.0098583,0.010761,0.0095641,0.0056003,0.0030683,0.0025418,0.0032062,0.0031262,0.0043358,0.010144,0.0096486,0.018702,0.028837,0.049084,0.059765,0.073193,0.069295,0.033739
4,0.0036127,0.0014746,0.0029244,0.0016569,0.0010495,0.0019824,0.0018164,0.001627,0.00046161,0.0012035,0.00020461,0.00015773,0.00036523,0.0010346,0.001801,0.0064362,0.0021887,0.00089125,0.00022979,0.00018326,0.00019381,0.00063377,0.0018138,0.00037808,0.00052536,0.00087283,0.0019256,0.019303,0.021328,0.021298,0.06849,0.0068589
4,0.0055621,0.0024122,0.0051959,0.0089559,0.020973,0.033564,0.047114,0.029413,0.011148,0.0015173,0.00079013,0.00089675,0.0051369,0.0056279,0.01149,0.016598,0.0071563,0.0027535,0.0021175,0.0019329,0.00093168,0.0017974,0.0019523,0.0036288,0.0028482,0.0031792,0.0061136,0.0084784,0.0070698,0.034364,0.073328,0.012823
4,0.00062344,1.8167e-05,4.1261e-05,0.00031183,0.00046311,0.00045723,0.0011091,0.00061298,0.0013586,0.0021989,0.0033301,0.0056466,0.0048759,0.0064596,0.0095764,0.0051804,0.0017488,0.0024236,0.0046496,0.0036731,0.020205
4,2.8144e-06,9.8751e-07,5.8188e-06,5.7381e-05,6.4025e-05,8.6462e-05,2.1479e-05,5.491e-05,0.00013624,0.0006719,0.00049425,0.00085977,0.0017219,0.0010252,0.00032263,0.0019896,0.0024048,0.0020995,0.00241
4,0.00014271,3.9709e-05,0.00016184,0.00023925,0.000186,0.00032456,5.5775e-05,4.0481e-05,4.9983e-05,0.00015851,0.00063208,0.00040145,0.00056861,0.0017025,0.0025593,0.001783,0.0064029,0.0082843,0.0075006
4,4.1336e-05,7.4253e-06,2.2279e-05,3.3933e-05,4.2961e-05,4.1358e-05,3.0704e-05,5.1398e-05,0.00014828,0.0013794,0.0016491,0.0035801,0.0013943,0.00058702,0.00011118,0.00071701,0.00093845,0.0053074
4,0.0010478,3.2891e-05,2.8973e-05,8.1068e-05,9.5002e-05,0.00024026,0.00023838,0.00033485,0.00043608,0.0003527,5.8264e-05,0.00070564,0.00036431,0.00046912,0.0015737,0.0052097,0.031467,0.084439,0.06689,0.0047842,0.0021491,0.002185,0.0043478,0.011938
4,0.00028877,5.4788e-05,0.00010224,0.0005521,0.0016455,0.0056767,0.0017773,0.0019444,0.0042919,0.0052049,0.0037222,0.0012325,0.0023104,0.0011482,0.00055829,0.00043852,0.0012152,0.0019242,0.0054712,0.0030188,0.0052702,0.0016112,0.001708,0.0039521,0.0078179
4,0.001558,0.00024674,0.00063382,0.0013413,0.0012231,0.00099774,0.00074974,0.0011519,0.0011913,0.0033995,0.0016185,0.0029213,0.0031394,0.0012671,0.0019997,0.003526,0.010553,0.0086895,0.021856,0.0094319,0.013749,0.0044933,0.0050235,0.04007
4,0.00038662,4.0613e-05,3.8025e-05,0.0001663,0.00017322,0.00023134,0.00015205,0.00026829,0.00017551,0.00059473,9.9649e-05,5.0281e-05,5.298e-05,4.0166e-05,3.6527e-05,0.00017647,0.00079984,0.0012142,0.0054197,0.0058747,0.0022644,0.0025295,0.0064965
4,0.00025059,2.1786e-05,1.0363e-05,7.4912e-05,0.0002765,0.0015095,0.0010724,0.00053666,0.00053637,0.00025519,4.2672e-05,0.00015349,0.00031817,0.00029278,0.00045574,0.00073397,0.001396,0.0027018,0.008802,0.010242,0.006501,0.0045754,0.0043821,0.0026782,0.0033595
4,0.0023311,0.0007822,0.0005131,0.00089904,0.0019247,0.0015957,0.0007398,0.00080842,0.0005343,0.0011338,0.0006339,0.00035227,0.00075962,0.0032255,0.020939,0.034207,0.021271,0.01659,0.0069117,0.0012185,0.00095965,0.0012617,0.0010482,0.0004925,0.0014816,0.0026305,0.0026076,0.0080603,0.012261,0.032853
4,0.00054305,2.9617e-05,2.1942e-05,4.6348e-05,4.61e-05,0.00076433,0.0011053,0.00062757,0.00070376,0.0038881,0.0031559,0.00073245,0.00070855,0.0006455,0.00040073,0.00061472,0.0013844,0.0027401,0.00042013,0.00031948,0.00017121,0.00012103,7.6921e-05,5.8136e-05,0.00031338,0.0027699,0.0023031
4,0.13154,0.037532,0.03532,0.020135,0.021145,0.011626,0.0053044,0.0029854,0.0050555,0.0092444,0.015635,0.070189,0.07471,0.070974,0.11496,0.051556,0.078103,0.069803,0.0092292,0.0034909,0.0022697,0.0035245,0.0049054,0.0037581,0.016939,0.024939,0.010639
4,0.07473,0.035335,0.041629,0.019174,0.011443,0.0094443,0.010163,0.010794,0.014589,0.025563,0.057956,0.013002,0.0027932,0.0040396,0.021811,0.036944,0.04384,0.037183,0.052775,0.04681,0.012249,0.0055834,0.01108,0.011162,0.0079553,0.011113,0.017391,0.053277,0.081359,0.060358
4,0.012265,0.0019008,0.004001,0.0018442,0.0028017,0.005692,0.0061661,0.0043372,0.0032119,0.022668,0.043654,0.015718,0.0024795,0.0055879,0.0055534,0.011727,0.030825,0.048705,0.063071,0.060167,0.060378,0.020222,0.017042,0.0090534,0.003865,0.0024527,0.0035836,0.0093957,0.010733,0.01171,0.012557
4,0.0029359,0.00063609,0.00064521,0.00074588,0.003328,0.0033607,0.0013396,0.00048956,0.00072616,0.00089528,0.00060678,5.0252e-05,0.00016481,0.00024266,0.0008141,0.0014764,0.0034756,0.0025446,0.0011561,0.0008249,0.00071086,0.0003533,0.00047718,0.00039602,0.00063609,0.0017888,0.0059706,0.01021
4,0.00052885,4.2784e-05,4.3204e-05,0.00018337,0.00025531,0.0002836,7.3676e-05,9.6452e-05,8.1977e-05,0.00012509,0.00060419,0.00082455,0.00015455,0.00017804,0.00045439,0.00016359,0.00027867,0.00046463,0.00070882,0.00084095,0.00086049,0.0020359,0.0024783,0.0026978,0.0012215,0.0017895,0.001355,0.0014881,0.00086914,0.0055604,0.0046639,0.0062041,0.012351,0.033795,0.055837,0.0051798
4,0.021616,0.00027548,4.6945e-05,0.00011129,0.0003339,0.0010966,0.0047281,0.0038469,0.0018154,0.0023965,0.001424,0.0026381,0.0019917,0.0012102,0.00021417,0.00084661,0.0012235,0.00081081,0.00078028,0.00033862,0.00014768,0.00025524,0.00078092,0.002565,0.0035527,0.0067707,0.010645,0.020165,0.013724,0.010915,0.017166,0.0061696,0.007119,0.012421,0.082142,0.033103,0.0015438
4,0.011083,0.00021927,0.00012558,0.00040501,0.0010211,0.0037235,0.0029982,0.0024591,0.0010277,0.001075,0.0019551,0.0042604,0.0026925,0.001659,0.00034492,0.00046688,0.0004875,0.0014488,0.0066038,0.0046313,0.0054112,0.003891,0.0060346,0.0053039,0.0074489,0.014576,0.011431,0.0093369,0.012504,0.0084916,0.015356,0.0091572,0.0074521,0.0061452,0.010959,0.031709,0.019672,0.016599
4,0.00021415,8.4407e-06,1.5348e-05,2.6804e-05,0.00015235,0.00019353,0.00041514,0.00023924,0.00029052,0.00024497,0.00048588,0.0012677,0.0015977,0.00075862,0.00027883,0.00087519,0.00054094,0.00029454,0.00092211,0.00082634,0.00012609,0.00022503,0.00020231,0.00041069,0.00026963,0.00056238,0.00065308,0.0006401,0.00078489,0.00075723,0.00042625,0.00080455,0.00099694,0.0010422,0.00092442,0.0057996,0.025422,0.016585,0.010434
4,0.036031,0.0019953,0.0018535,0.0089227,0.006397,0.0071839,0.014644,0.0050209,0.011666,0.016645,0.027481,0.11465,0.051311,0.021946,0.0051364,0.0044971,0.0025816,0.00147,0.0014373,0.0015141,0.0015001,0.0015004,0.0038898,0.0068205,0.0096382,0.02877,0.10187,0.062905,0.027933,0.04627,0.039856,0.060838,0.082009,0.23573,0.14142,0.11366,0.039446
4,0.0063246,0.00076709,0.00093796,0.0050046,0.01263,0.041214,0.13947,0.060239,0.0041196,0.00077306,0.00062995,0.0018183,0.0017319,0.0075518,0.012237,0.0065249,0.0053795,0.0065171,0.0021061,0.0036697,0.0060335,0.031925,0.011394,0.0066199,0.029591
4,0.016451,0.0025863,0.00031898,0.00036934,0.0018511,0.001656,0.0032266,0.010961,0.0067556,0.00089461,0.00077043,0.00052167,0.0010222,0.0018352,0.0066181,0.0072575,0.0022469,0.0016211,0.0019302,0.0052102,0.0024701,0.001747,0.0031861,0.010376,0.0073205,0.024613,0.014984
4,0.11162,0.0020999,0.0030866,0.006301,0.016438,0.022093,0.076511,0.18948,0.02298,0.0057995,0.00065231,0.0003794,0.001676,0.0011544,0.0015583,0.00218,0.020357,0.011577,0.0058556,0.0068569,0.0086422,0.004454,0.0031009,0.0093919,0.010718,0.011552,0.018017,0.016859,0.029535
4,0.012206,0.0020742,0.0015874,0.0035935,0.012377,0.035138,0.019959,0.036708,0.018734,0.0011875,0.00065299,0.00030562,0.00071997,0.00058063,0.0014626,0.0040401,0.005136,0.0098006,0.016941,0.0062157,0.0052869,0.00659,0.0063083,0.011386,0.041899,0.02949
4,0.0012115,0.00030064,8.2761e-05,0.00010136,0.0002433,0.00028169,0.0013212,0.0097816,0.0031988,0.00045686,0.00025314,0.00019333,0.00019981,0.0004652,0.0004953,0.0011705,0.0018812,0.0012675,0.0013415,0.0010667,0.00053655,0.00063891,0.0024942,0.0039048,0.0079655,0.0096323,0.018101
4,0.0053812,0.00084064,0.00028941,0.0004218,0.00043699,0.0019902,0.00049767,0.0028938,0.0015488,0.00072902,0.00048749,0.0010783,0.00084879,0.0007681,0.00037224,0.00032226,0.00044646,0.0026638,0.0066424,0.0055774,0.004462,0.018483,0.0057735
4,0.000802,0.00041385,0.00059279,0.00067221,0.0014144,0.0023179,0.0019276,0.0016031,0.001288,0.0034096,0.0026919,0.0026025,0.0015896,0.00060658,0.00016416,0.00097533,0.002394,0.0054899,0.004877,0.017701,0.031405,0.0085895,0.030731
4,0.021725,0.0043578,0.0090888,0.015109,0.016063,0.02653,0.04945,0.04502,0.010021,0.0067197,0.020744,0.01001,0.013719,0.020433,0.024141,0.0017724,0.0029402,0.0040803,0.011595,0.019565,0.021125,0.012148,0.011578,0.05477
4,0.0057621,0.00030433,0.00017146,0.0020943,0.00060452,0.00070925,0.0039586,0.003037,0.00073139,0.00022484,0.00037304,0.00038195,0.00074869,0.00074383,0.0033993,0.0036353,0.0047939,0.012565,0.022448,0.0098207,0.0069913,0.0010156
4,0.012759,0.00086878,0.00037669,0.001495,0.0012958,0.0025133,0.010764,0.0081626,0.0044418,0.0009373,0.00063081,0.00049569,0.00056961,0.0005426,0.00032143,0.00030553,0.00048563,0.0010757,0.0030641,0.002852,0.0038368,0.0030932,0.0049712,0.0094919
4,0.00051381,8.6646e-05,0.00022396,0.0003803,0.00037912,0.0012759,0.0064406,0.012521,0.0026536,0.0016885,0.0023175,0.0010545,0.00055463,0.0011406,0.00019817,0.00023958,0.00022614,0.00025648,0.00029604,0.00055809,0.0014969,0.0033359,0.010849
5,0.14019,0.22599,0.072024,0.028312,0.035448,0.023874,0.013905,0.020434,0.033261,0.028952,0.026831,0.021199,0.059539,0.22741,0.2328,0.31185,0.015687,0.22588,0.27345,0.5081,0.72906,0.58956,0.048873,0.04202,0.018261,0.014504,0.017976
5,0.073837,0.013649,0.005088,0.0030918,0.0011282,0.00083877,0.0034035,0.085032,0.051707,0.046337,0.12509,0.023738,0.034622,0.028839,0.019776,0.018467,0.033543,0.036294,0.0031163
5,0.41889,0.15416,0.037013,0.00506,0.0099364,0.0022246,0.0058646,0.014772,0.03674,0.037362,0.036821,0.042889,0.066922,0.11742,0.17,0.012281,0.0095138,0.019978,0.027491,0.036146,0.10488,0.11596,0.01583,0.0021963
5,0.37531,0.0031017,0.00066589,0.00038445,0.00046187,0.0013547,0.0042583,0.0027925,0.0039166,0.00064227,0.0006885,0.0016761,0.098089,0.33303,0.34506,0.79272,0.90104,0.5,0.047096,0.023314,0.010863,0.0082259,0.0035527,0.015084,0.0040673
5,0.072706,0.013375,0.017928,0.025127,0.053768,0.050571,0.031221,0.1871,0.25512,0.25895,0.060253,0.024102,0.010469,0.0044574,0.0022407,0.019311
5,1.2818e-05,2.667e-05,0.00013858,0.00010206,0.0014848,0.0033845,0.0023612,0.0014139,0.0047289,0.0033992,0.015251,0.028314,0.020962,0.036023,0.0061446,0.0029839,0.0031524,0.0018704,0.0026624
5,0.0050765,0.00077834,0.0028931,0.020789,0.04397,0.090578,0.065019,0.030197,0.0069028,0.0021895,0.0094688,0.0062351,0.014935,0.014736,0.016207,0.0062312,0.0017988,0.0035938,0.0056115,0.014345,0.017915,0.010018,0.022573,0.069918,0.061817,0.10678,0.059759,0.01815,0.013524,0.0081487,0.006711,0.0049655,0.0078093
5,0.11986,0.0011369,0.001023,0.00033938,0.00032417,0.0027857,0.0037081,0.0051643,0.004652,0.0051943,0.0044343,0.0062668,0.0056956,0.020813,0.018207,0.017262,0.016759,0.0051409,0.0045628,0.0022422,0.0048942,0.010119
5,0.011928,0.00043687,0.0038009,0.0021767,0.0016729,0.0018253,0.003205,0.0018951,0.0043552,0.0052805,0.0035517,0.0019407,0.0039062,0.001282,0.0034131,0.0042098,0.0040499,0.0060483,0.017203,0.012702,0.006972,0.0027401,0.00012971,3.9762e-05,0.00010268,0.00016555,0.00041679,0.0003563,0.00023197,0.00033276,0.00024201,0.00025585,0.0023866,0.010481,0.039776,0.16193,0.35912,0.44755,0.38016,0.68661,0.12135,0.020632
5,0.11887,0.11185,0.0024227,0.17401,0.17657,0.11842,0.048508,0.011078,0.0044809,0.0064351,0.0033931,0.010859,0.013729,0.0086431,0.012542,0.0071545,0.0045196,0.0054193,0.011179,0.0092383,0.0021185,0.0015352,0.0011968,0.00023387,0.0005081,0.0014985,0.001646,0.017718,0.022678,0.013867,0.067417,0.023597,0.00068424,0.00036179,6.4257e-05,0.00019726,0.00026144,0.0004057,0.00090238,0.0027777,0.012844,0.0049207,0.0011313,0.0040512,0.022072,0.10532,0.14678,0.09159,0.063221,0.02446,0.023192,0.016769
5,0.027187,0.0060436,0.0011443,0.0035488,0.0047273,0.0033301,0.0032271,0.043829,0.016897,0.024583,0.057656,0.019263,0.0062123,0.0039295,0.0051555,0.001864,0.0006035,0.00066372,0.0021751,0.0038179,0.0020245,0.0048292,0.0041387,0.02972,0.11604,0.11231,0.067392,0.015913,0.08545,0.087969,0.1186,0.07836,0.052336,0.0091093
5,0.29135,0.14589,0.095091,0.041412,0.056169,0.08292,0.10473,0.071552,0.083806,0.042932,0.061166,0.11969,0.2387,0.090138,0.060811,0.012106,0.013519,0.071451,0.11875,0.054798,0.040951,0.056578,0.040014,0.036177,0.035743,0.039584,0.061492,0.02698,0.17375,0.08627,0.31407,0.19883,0.24181,0.28093,0.10304,0.12244,0.068487,0.0063167
5,0.0093758,0.00064956,0.00087704,0.0011561,0.0028084,0.011824,0.011281,0.016234,0.031943,0.021792,0.014621,0.0090697,0.0097285,0.0015396,0.0050891,0.0088016,0.0025595,0.00025771,0.00017311,0.00011181,0.00011343,0.00043624,0.0011072,0.0043521,0.013657,0.06142,0.011863,0.031924,0.033095,0.038457,0.0065005
5,0.0092107,0.0021067,0.00014704,7.0017e-05,5.9775e-05,5.2608e-05,0.00022412,0.0026278,0.017324,0.0047678,0.0056961,0.01853,0.0045804,0.00042812,0.00040611,3.7743e-05,1.6542e-05,8.7251e-05,8.4026e-05,0.00020734,0.0003108,0.00051439,0.0053848,0.075227,0.079202,0.052174,0.0026907,0.00031157,0.0012057,0.0037776,0.018685
5,0.076014,0.018018,0.0068169,0.0072428,0.0046335,0.0050259,0.010554,0.02312,0.040141,0.061469,0.030999,0.0034371,0.00015266,0.00011023,0.00010509,0.0011469,0.0010787,0.0029276,0.007374,0.0040303,0.012202,0.0075231,0.031735,0.06223,0.29435,0.31403,0.23986,0.34053,0.22362,0.035211,0.029761,0.037117,0.040512,0.065594,0.043012,0.5,0.24502,0.25033,0.12413,0.027636,0.010896,0.01939,0.012329,0.011225,0.0060166,0.0012061,0.001347,0.00088095,0.00075541,0.0010107,0.0024971,0.02355,0.040412,0.042508,0.057158,0.036958
5,0.10777,0.0020814,0.0027029,0.002795,0.0032684,0.0026739,0.0065127,0.008042,0.0069153,0.01047,0.011184,0.019876,0.018712,0.058911,0.05449,0.0090651,0.0016941,0.0040221,0.0040117,0.002156,0.00537,0.079719,0.19892,0.24951,0.18851,0.2382,0.051785,0.023877,0.29335,0.28321,0.14096,0.013064,0.13726,0.13816,0.11571,0.27154,0.26809,0.16254,0.052048,0.028412,0.0097187,0.019251,0.014757,0.0086376,0.0094781,0.0073925,0.011052,0.019605,0.015847,0.012798,0.015978
5,0.014067,0.00029088,0.00011805,0.00026823,0.00024953,0.00012617,0.00012948,0.00014905,0.00044156,0.0012882,0.0089994,0.005141,0.0045572,0.00047408,0.00069587,0.00039642,0.00026337,0.000486,0.0011454,0.0026034,0.0047625,0.0048215,0.013991,0.011044,0.00642,0.0042945,0.0043805,0.025542,0.023897,0.016791,0.31966,0.07372,0.020288,0.0078519,0.0051483,0.0017006,0.00046954,0.0062436,0.0071693,0.0031309,0.0070739,0.042911,0.07248,0.043553,0.039927,0.016668
5,0.012696,0.0046999,0.0001621,0.0023893,0.0035188,0.0069468,0.011401,0.015325,0.00485,0.012021,0.022256,0.026385,0.035087,0.020986,0.01312,0.0085101,0.024939,0.0088709,0.044067,0.037352,0.021787,0.0098423,0.018827,0.045047,0.15136,0.094435,0.021469,0.013512,0.048397,0.074864,0.096396,0.024108,0.0037066,0.0017904,0.0025842,0.0034801,0.0092304,0.016002
5,0.0079289,0.00034089,0.00043897,0.00030843,0.0014468,0.0008097,0.0042899,0.0072471,0.0047602,0.0026528,0.00043315,0.0056952,0.0065058,0.014902,0.033506,0.081267,0.0004794,0.00065128,0.0005681,0.00097575,0.0017165,0.0051577,0.003429,0.0067492,0.038975,0.064789,0.055288
5,0.0028134,0.0012482,0.0022848,0.00080123,0.00066821,0.00035193,0.00070397,0.00021542,0.00059526,0.00083253,0.0034,0.017352,0.0036377,0.0044025,0.0024841,0.00072804,0.0061597,0.016746,0.010706,0.0034581,0.0025922,0.0013344,5.2948e-05,6.2994e-05,0.00012321,0.00037046,0.00079439,0.0017772,0.0024469,0.0036287,0.004822,0.011123
5,0.040327,0.0013145,0.011175,0.0084188,0.014473,0.010231,0.03375,0.031975,0.055284,0.053342,0.022176,0.0098166,0.0021492,0.0018248,0.0035472,0.0053675,0.0083973,0.0052137,0.0019606,0.0014219,0.00113,0.00077074,0.00044569,0.0096897,0.021875,0.0090087,0.0077962,0.017038,0.010392
6,0.0027577,0.00030948,0.00036405,0.000242,8.3975e-05,0.00017009,7.0492e-05,6.8631e-05,0.00057289,0.001025,0.033929,0.045592,0.060519,0.10269,0.043088,0.026919
6,0.11934,0.055428,0.098275,0.029277,0.010278,0.014985,0.04644,0.073691,0.029985,0.024292,0.0048751,0.021663,0.012523,0.016344,0.035772,0.029926,0.025132,0.030335,0.0047776
6,0.0036992,0.00055383,0.00041598,0.00041319,0.00012474,0.00023657,0.0002744,0.0004953,0.00096714,0.0032034,0.018778,0.010965,0.032749,0.010979,0.042233
6,0.36765,0.13505,0.12432,0.072664,0.054807,0.23359,0.27875,0.20215,0.17065,0.34512,0.37757,0.1086,0.019773,0.048934,0.082909,0.012252
6,0.18373,0.020302,0.032258,0.022934,0.0055475,0.015356,0.042618,0.34661,0.46555,0.58763,0.4749,0.077316,0.032057,0.025304,0.032833,0.0065461
6,0.11004,0.033677,0.03597,0.020811,0.0026289,0.012571,0.1229,0.33702,0.46318,0.60106,0.73145,0.36539,0.15409,0.059366,0.054393,0.028974,0.051533
6,0.0020981,9.3789e-05,0.00026087,0.00026923,0.0016373,0.0017645,0.0025603,0.0048415,0.0021794,0.00084122,0.00035552,0.0021168,4.4648e-05
6,0.006285,0.0026643,0.0004993,0.00028413,0.00024093,0.00069049,0.0019246,0.010165,0.014178,0.018595,0.032512,0.020146,0.011722,0.011133,0.01246
6,0.028365,0.0052765,0.010514,0.0064102,0.0055653,0.0075345,0.0045344,0.012357,0.015803,0.016629,0.031272,0.022228,0.022118,0.03344,0.039552,0.029181
6,0.18394,0.01577,0.0074095,0.0022597,0.0022114,0.0030059,0.0024123,0.0025321,0.0020463,0.0014568,0.0021213,0.001268,0.0032782,0.0018417,0.0024898,0.0041028
6,0.022911,0.0058595,0.0027075,0.0037751,0.0025651,0.0079935,0.0095454,0.012451,0.0050247,0.0084512,0.023447,0.014103,0.014984,0.01255,0.018213
6,0.0061144,0.0024541,0.013501,0.020311,0.022937,0.036245,0.020432,0.031637,0.0079729,0.00088893,0.0075002,0.01474,0.040248,0.060154,0.067495,0.026905,0.01549,0.0017312,0.0036752,0.0084201,0.0027533,0.0039656,0.0019756,0.00053653,0.00099789,0.0024184,0.0098244,0.016556,0.040135,0.095504,0.13621
6,0.035993,0.0079947,0.012151,0.011219,0.0026101,0.0019243,0.0018165,0.0025007,0.00134,0.001926,0.00046042,0.00062803,0.00069922,0.00062929,0.00080525,0.00077478,0.00028423,0.00022202,0.00014762,0.00020412,0.00026115,0.00043297,0.0068545,0.014019,0.050633,0.085296,0.088763,0.060007
6,0.024873,0.0032862,0.011713,0.0097658,0.0081876,0.0049076,0.023634,0.015039,0.010368,0.0062869,0.0032043,0.015168,0.0068727,0.026287,0.028443,0.022619,0.0044511,0.0034766,0.0044027,0.0039551,0.0013584,0.00033954,0.00017866,0.00031151,0.00025866,0.00019321,0.00018968,0.00067773,0.0041704,0.0041407,0.15454,0.017577,0.0088957
6,0.013314,0.011767,0.005776,0.0062643,0.0099487,0.023308,0.024884,0.020875,0.0086974,0.0037415,0.0043355,0.0037494,0.0022002,0.001612,0.001182,0.0046322,0.006472,0.015083,0.015637,0.034271,0.0093797,0.003886,0.0030144,0.0027135,0.00227,0.0055965,0.0065645,0.029068,0.029587,0.032881
6,0.09544,0.0051566,0.013679,0.012109,0.0090133,0.0063295,0.0088177,0.0087639,0.012145,0.0028278,0.028931,0.045015,0.12756,0.16411,0.13487,0.017792,0.017016,0.076885,0.034518
6,0.0041609,0.0011516,0.00082462,0.00059663,0.00084299,0.00066104,0.0017117,0.015827,0.0084006,0.011046,0.010681,0.012161,0.0010497,0.0023961,0.001084
6,0.014165,0.00617,0.01252,0.018209,0.076704,0.069241,0.063801,0.02947,0.024196,0.010527,0.0062102,0.014269,0.036,0.038482,0.035707,0.023439,0.011618,0.015002,0.014278,0.023237,0.077774,0.020555,0.037283,0.014004,0.0033554,0.003024,0.0038986
6,0.0034251,0.0048131,0.031836,0.024768,0.01861,0.044606,0.044709,0.012957,0.026051,0.005832,0.016207,0.0080827,0.013033,0.036087,0.011918,0.01915,0.037485,0.024218,0.04031,0.026499,0.037309
6,0.029894,0.0032432,0.00054965,0.0014576,0.002934,0.0045635,0.0060658,0.0042063,0.0046177,0.0012037,0.00019921,0.00035476,0.0003206,0.00025356,0.0020134,0.0061805,0.011821,0.013768,0.018492,0.0092335,0.0081012,0.0014725,0.010829
6,0.021189,0.0025693,0.0037713,0.0022393,0.00049008,0.00092061,0.0011741,0.00047488,0.00040201,0.0023361,0.0098288,0.0036387,0.0018024,0.001862,0.00037223,0.0002576,0.00034309,0.00054298,0.0005032,0.0016784,0.00082592,0.00029065,8.2673e-05,0.0001334,5.5494e-05,0.00016011,0.0024686,0.035288,0.016464,0.027196,0.015411
6,0.032804,0.011334,0.0073973,0.0034444,0.0026088,0.0051403,0.0017961,0.0027093,0.0054033,0.0089888,0.01828,0.020307,0.0072706,0.01045,0.016581,0.0043599,0.00021013,0.00050961,0.00035233,0.00075582,0.00033514,0.00084846,0.0021189,0.017911,0.0085583
6,0.0026932,7.0984e-05,3.579e-05,1.9541e-05,8.6667e-05,4.8162e-05,0.0001235,0.0002892,0.00034361,0.00082885,0.00088867,0.001064,0.00090355,0.001507,0.0063778,0.0010059,0.0014023,0.0011027,0.0014849,0.00022535,0.00047147,0.0017392,0.00046118
6,0.0027864,0.0002155,0.00026116,0.00018391,0.00011954,7.8018e-05,5.2161e-05,0.00010226,0.00054855,0.00073486,0.0014214,0.001103,0.00037559,0.00028153,0.00071906,0.00072073,0.0047449,0.015212,0.0082577,0.015517,0.029143,0.007553,0.0015012,0.0027633,0.0024453,0.00088138,0.00060791,0.0021801,0.00062392,0.00088906,0.0092607,0.027722,0.025688
6,0.078972,0.030521,0.037332,0.13507,0.10211,0.12134,0.2061,0.031349,0.05367,0.053207,0.017014,0.043079,0.013898,0.0028693,0.0011635,0.0015336,0.0023675,0.0018874,0.10701,0.15185,0.44,0.67243,0.74383,0.14148,0.077949,0.053822,0.041551,0.008811,0.0043879,0.0077078,0.015435,0.024248
6,0.051123,0.016286,0.010397,0.00010331,4.3726e-05,0.00020398,0.00016645,0.00025724,0.00064561,0.00035236,3.7378e-05,0.0004173,0.00156,0.002408,0.0030449,0.015814,0.0037576,0.00057004,0.00025591,0.0004616,0.00045041,0.00046133,0.00085421,0.0054819,0.0052633,0.025759,0.0161
6,0.02688,0.0020125,0.00089834,0.0025469,0.0026788,0.0012076,0.029319,0.01902,0.021856,0.025773,0.023399,0.0021701,0.0024665,0.002925,0.0081283,0.0065758,0.005439,0.0038039,0.0041881,0.0026688,0.0033909,0.0037449,0.01012,0.0080972,0.006654
6,0.015627,0.0015273,0.0042981,0.013443,0.030242,0.057853,0.078005,0.067305,0.075499,0.034008,0.0090241,0.008799,0.026209,0.0072268,0.0034732,0.0020912,0.0037823,0.0021646,0.0020207,0.0016489,0.0027159,0.0068522,0.0063155,0.019049,0.020247,0.041672,0.038755,0.014503
6,0.17798,0.059418,0.018292,0.019774,0.019368,0.013548,0.053824,0.043856,0.03055,0.0068026,0.0053714,0.002832,0.0091204,0.017492,0.0269,0.032343,0.15407,0.31274,0.31229,0.045089,0.069109,0.003257,0.0048323,0.0091702,0.020824,0.017554,0.034996
6,0.001534,0.0003811,0.00019597,0.00013699,6.4773e-05,0.00014287,0.00018004,7.0865e-05,0.00010928,8.7831e-05,6.643e-05,0.00027923,0.00059777,0.00042453,0.0015345,0.0017926,0.0015624
6,0.3043,0.089516,0.049294,0.0039882,0.0022327,0.0043588,0.0058228,0.031992,0.16626,0.41252,0.57943,0.075465,0.01694,0.0065252,0.0038731,0.0021065,0.0016344,0.00089099,0.0029809,0.021967,0.041373,0.025901,0.023346,0.024053,0.10897,0.099645,0.064273,0.050787,0.0086955
6,0.037509,0.0080588,0.014452,0.014349,0.020077,0.011041,0.022995,0.0062327,0.010507,0.0047997,0.012795,0.0095283,0.011182,0.0065511,0.0071697,0.010695,0.0095095,0.011809,0.0029628,0.0025658,0.0048039
6,0.00049102,2.9182e-05,2.0828e-05,5.0097e-05,3.3975e-05,7.7523e-05,0.00016255,0.0014724,0.0028406,0.019291,0.0035079,0.0016342,0.00095659,0.00063472,0.00025829,7.0028e-06,1.044e-05,1.7002e-05,0.0001934,0.0010467,0.0037283,0.0079764,0.015257,0.034463,0.0073219
6,0.00076366,5.25e-05,5.5386e-05,4.7192e-05,2.8263e-05,4.3636e-05,3.6603e-05,7.7897e-05,0.00023599,0.0022075,0.0033231,0.017512,0.01279,0.032132,0.022257,0.0029929,0.0044199,0.001031,0.00066243,5.2316e-05,1.7179e-05,2.1432e-05,1.649e-05,0.00012362,0.00078178,0.0023231,0.0048963,0.014018,0.011043,0.01888
7,6.817e-05,2.4576e-05,1.8725e-05,4.2783e-05,2.6172e-05,8.3004e-05,0.00017458,0.0001484,2.1776e-05,0.00012651,0.00024488,0.00024724,0.0037765,0.036093,0.059957,0.056863,0.08246,0.0066287,0.01779
7,0.0018326,0.00049709,0.00014231,8.6549e-05,0.00012571,0.00015793,0.00024376,0.00046813,0.00049128,0.00028417,0.00011304,0.00020326,0.00046808,0.002596,0.0059942,0.0023062,0.0062055,0.015029,0.004167,0.0015637
7,0.11825,0.016056,0.0090682,0.016255,0.014046,0.0019073,0.0032509,0.0067401,0.0031557,0.0014382,0.0013837,0.0014917,0.0030148,0.0047922,0.0056953,0.0093037,0.011076,0.0083079,0.0087485,0.06042,0.024418
7,0.0003468,1.5344e-05,8.0324e-06,3.9044e-06,4.2265e-06,5.3171e-06,6.907e-06,3.3013e-05,0.00021628,0.0001426,0.00020877,0.0011364,0.010898,0.042879,0.041098,0.0035916,0.014875,0.050254,0.016582,0.032987,0.0089609
7,0.027682,0.00072345,0.0008447,0.00081425,0.0015861,0.0016707,0.002266,0.0011176,0.0071399,0.015937,0.06375,0.04152,0.039728,0.023837,0.00041591,0.00038046,0.00036838,0.00011814
7,0.0023593,0.00014633,3.6256e-05,6.9834e-05,0.00022606,0.00067211,0.0037301,0.011894,0.033005,0.0081005,0.006533,0.001312,0.0016994,0.0065346,0.0037714,0.013567
7,0.053804,0.00069108,0.00019642,4.9062e-05,2.553e-05,5.6962e-05,8.7022e-05,0.00018979,0.0013228,0.0033503,0.0075506,0.0080596,0.0060681,0.0015502,0.0010689,0.0029422,0.010691,0.022674
7,0.00020009,0.00011663,1.2236e-05,4.4858e-06,3.4513e-06,3.2056e-06,9.9477e-06,4.9751e-05,0.00018008,0.00048196,0.0025988,0.0057467,0.005369,0.0011378,0.0013736,0.0022725
7,0.012044,0.00045184,0.0004642,0.00031165,0.00018783,0.0010484,0.00093268,0.0011471,0.0014016,0.00079766,0.00055908,0.00052996,0.0002933,0.00038756,0.00096934,0.002961,0.0027063,0.0018532,0.0007311,0.0010473,0.00071928
7,0.0013881,0.00038704,0.00067495,0.00075757,0.00019384,0.00019177,8.7391e-05,0.00016484,0.00022844,0.00020158,0.0012606,0.0010008,0.001177,0.0010807,0.0030315,0.00044868
7,0.015097,0.0055557,0.0058392,0.00068021,0.00064237,0.00063636,0.0005864,0.0029323,0.0021439,0.0015317,0.0014259,0.0014106,0.0014638,0.0014954,0.0018323,0.0010797,0.0011384,0.002896,0.00334,0.0053152,0.0069342,0.0040831,0.0034577
7,0.0053227,0.0012989,0.0028531,0.0026749,0.0025059,0.0046695,0.006953,0.0075438,0.0050815,0.0025251,0.0027066,0.0040918,0.001575,0.0017913,0.002453,0.0035518,0.0017993,0.004255,0.0048198,0.0055498
7,0.0047817,0.00076596,0.0029364,0.0038221,0.0026562,0.0038459,0.0045342,0.0081281,0.014296,0.026505,0.022088,0.024212,0.009967,0.01013,0.0087794,0.0085659,0.011841,0.015586,0.011495,0.00072963,0.00049529,0.0015281,0.0032558,0.0091857,0.029241,0.041423,0.043446,0.016838,0.0027116,0.0012961,0.0028818,0.0035877,0.0046895,0.011373,0.011759,0.026601,0.055295,0.02045,0.0053184
7,0.078845,0.0011676,0.00067936,0.00084297,0.0012698,0.0035289,0.0018721,0.0018231,0.0048517,0.020006,0.044228,0.022874,0.017782,0.0061668,0.0038914,0.0035451,0.0051466,0.0049194,0.016917,0.011295,0.022333,0.010115,0.0052586,0.00045076,0.00097251,0.0026246,0.0025247,0.0047849,0.0067937,0.005048,0.0023508,0.0047155,0.011088,0.026422,0.024697,0.046615,0.039208,0.046053,0.039934,0.14064,0.017704,0.019812
7,0.034894,0.0043838,0.0098091,0.0047373,0.0030928,0.0015629,0.0022912,0.0074375,0.0061899,0.0055856,0.0042432,0.00095059,0.0010235,0.0006509,0.0021469,0.0027684,0.003522,0.0039163,0.0030213,0.00070543,0.0013558,0.00075701,0.00046106,0.00037609,0.0007051,0.0012273,0.0024533,0.0048065,0.014166,0.019865,0.013861,0.015777,0.015027,0.004354
7,0.0017975,0.00027983,0.00018582,0.00026013,0.00022377,0.00037626,0.00029083,0.0014723,0.0079343,0.0093392,0.0039011,0.022391,0.0035673,0.00050169,0.0042896,0.0014739,0.0013406,0.0016677,0.0013306,0.00063284,0.00053296,0.00071185,0.00089371,0.0020421,0.0019603,0.0013396,0.00031556,0.0004131,0.00019497,0.00041234,0.00031691,0.00067838,0.00044919,0.00099664,0.0068616,0.011182,0.027906,0.020855,0.022586,0.034406,0.0098055
7,0.056742,0.013226,0.013647,0.0055272,0.0033647,0.0016839,0.0056406,0.0066061,0.0027424,0.002924,0.00046672,0.00048677,0.00062457,0.00089393,0.00096445,0.0027011,0.0050604,0.0032203,0.00087989,0.00077369,0.00071731,0.00070476,0.0014267,0.0011837,0.0018439,0.01079,0.010694,0.014802,0.03339,0.0398,0.022343,0.022415,0.0163,0.016265
7,0.00010467,1.3131e-05,5.2927e-05,3.5621e-05,3.9468e-05,1.7949e-05,0.00010561,1.3706e-06,7.9959e-05,0.00023198,0.00017874,0.00030023,0.00036652,0.00046942,0.00066013,0.00060343,0.00045902,0.0010288,0.00047523,0.00024018,0.0013611,0.0027382,0.0024952,0.0012589
7,0.00041639,3.0885e-05,8.1136e-06,7.3428e-05,8.8776e-05,4.3812e-05,0.00020576,0.00085867,8.8573e-05,0.00043227,0.00093404,0.00061561,0.0012982,0.0026726,0.0031367,0.0022191,0.0032179,0.0029016,0.0026711,0.0015841,0.0012569,0.0043919,0.0026685,0.0054643,0.0082063,0.016925
7,0.0019279,9.1328e-05,0.00010442,0.00019317,0.00013044,0.00030358,0.00060163,0.00069077,0.00055397,0.00068539,0.0027029,0.001858,0.00046013,0.00037951,0.00052426,0.00067416,0.0010597,0.00040899,0.00048453,0.0011106,0.0011138,0.0023991,0.0050203,0.0038911
7,0.00066859,2.4996e-05,3.1771e-05,2.6686e-05,4.5874e-05,0.00045157,0.00028271,4.7266e-05,0.00018274,0.0002896,0.00078936,0.0011105,0.00082523,0.00069806,0.0010102,0.0016152,0.0034988,0.00059366,0.0024509,0.0019142,0.0028897,0.0016791,0.003079
7,2.5747e-05,2.9843e-05,5.1137e-05,4.5343e-05,4.8343e-05,6.1856e-05,0.00013343,0.00033444,0.0002228,0.00043751,0.00070874,0.0014877,0.0020848,0.0040622,0.0041387,0.0069403,0.0044899,0.0043884
7,0.00063742,0.00016747,0.00015192,0.00010883,0.00033506,0.00069672,0.00065249,0.0015424,0.00076721,0.0015407,0.00050432,0.00035409,0.0011883,0.00024672,0.00016213,0.00040257,0.00061268,0.0010614,0.001166,0.0048362,0.010215,0.006494,0.059619,0.068005,0.010516,0.010401,0.019647,0.0034731,0.0023607
7,0.0038834,0.00024454,0.00021006,0.00013982,4.0832e-05,0.0001546,0.0014493,0.001465,0.0014507,0.0041725,0.0019514,0.0013999,0.0012177,0.0021886,0.00030936,8.7821e-05,0.00020832,0.00011247,0.00021799,0.00027832,0.00038147,0.00046969,0.0019682,0.034589,0.095755,0.14334,0.12292,0.030694,0.0016997,0.0020175,0.0025908,0.0025521,0.0072322,0.0089783,0.0041743
7,0.00010959,2.0321e-05,8.2302e-06,1.1988e-05,3.2375e-06,1.0901e-05,2.3693e-05,3.239e-05,0.00011419,0.00019889,0.0002723,0.00013739,0.0017593,0.00058773,0.00021787,0.00037247,0.00040308,0.00013524,0.00030852,0.00053596,0.00082452,0.0014758,0.010147,0.003088,0.0069009,0.0050866,0.0074047,0.019969
7,0.020062,0.00091834,0.00064052,0.00025418,0.00091252,0.002283,0.01164,0.013567,0.019614,0.022989,0.0050434,0.0021919,0.00048825,0.0011215,0.00092068,0.0020812,0.0061748,0.0049378,0.0095245,0.020368,0.02716,0.02753,0.0086889,0.010339,0.017859,0.010486,0.013224
7,0.0074665,0.00056972,0.0016311,0.00067835,0.00078202,0.0019555,0.0012708,0.00083026,0.00030515,0.00022473,0.00017786,0.001176,0.00089824,0.0021403,0.00038555,0.00066203,0.0014328,0.0023283,0.0048454,0.0066698,0.0094988,0.007642,0.0052037,0.0011309,0.0018356,0.0014867,0.0030463,0.0029523,0.0046953,0.0048635,0.0097948,0.0077424,0.0094359,0.00359,0.011813
7,0.056622,0.0048077,0.0050276,0.0021194,0.0036453,0.0024074,0.0048308,0.0011413,0.0016856,0.007459,0.0055495,0.014166,0.031408,0.020397,0.0026134,0.0082343,0.0088442,0.0074942,0.011037,0.025208,0.033045,0.032891,0.045445,0.0073919,0.010115,0.011827,0.0095825,0.0085363,0.010908,0.012569,0.047439,0.061408,0.0049407,0.0013664,0.0004732
7,0.0034103,0.00033848,0.00098362,0.00019186,0.0001355,0.00055635,0.00029971,0.00058203,0.00048737,0.0021581,0.0039149,0.013759,0.0096426,0.0095311,0.00070264,0.0022688,0.0027957,0.0016682,0.0040088,0.0080719,0.0049492,0.0044854,0.0080735,0.0053493,0.0091277,0.0098866,0.0007855,0.0011731,0.0014782,0.0012342,0.00085611,0.0013522,0.0010425,0.0017834,0.0028778,0.007595,0.012091,0.0034228
7,0.012956,0.0003591,0.00027821,0.00042978,0.00099499,0.0013497,0.0028424,0.0019969,0.0023176,0.0087392,0.0060165,0.0029049,0.0015096,0.0010642,0.0030939,0.0037049,0.0018199,0.0013207,0.0022716,0.0019043,0.00095166,0.003576,0.001883,0.0021772,0.0020938,0.0043228,0.0023537,0.0017959,0.0081076,0.010215,0.0088372,0.011067,0.01414,0.01113,0.0055212,0.0050754,0.01832,0.069623,0.031443,0.0060342
7,0.0014688,1.3959e-05,9.8963e-06,6.5257e-06,1.565e-05,2.5934e-05,7.8877e-05,5.293e-05,0.00019232,0.00011284,0.00024712,0.00060603,0.00051854,0.00037669,0.00090856,0.0018951,0.0011073,0.00072846,0.0012937,0.002268,0.00076172,0.00065507,0.00053633,0.0014762,0.0006646,0.0014099,0.00036538,0.00030461,0.0003422,0.00032077,0.00027328,0.00029852,0.0010562,0.0026805,0.0024138,0.0030672,0.0076096,0.0065556,0.01944,0.0083702
7,0.0013133,3.7175e-05,2.4806e-05,7.1398e-05,0.00012809,8.24e-05,0.00038377,0.00013129,0.00044969,0.00024937,0.0007214,0.0010094,0.0011975,0.00045392,0.00083811,0.001089,0.00064536,0.00024246,0.00029475,0.00035497,0.00043224,0.00087096,0.0012562,0.001226,0.0020439,0.00075815,0.00081762,0.00095992,0.0012613,0.0014207,0.0024526,0.0065043,0.0055211,0.0092844,0.019086,0.053145,0.031124,0.005261,0.0024546
7,0.001151,1.9527e-05,1.9653e-05,2.6816e-05,0.00020351,0.0007265,0.0014785,0.0012924,0.00023619,6.5349e-05,1.9279e-05,0.00013767,0.00085992,0.0022488,0.0034061,0.0014272,0.00064082,7.4901e-05,8.4501e-05,9.0366e-05,0.00011001,0.00014611,0.00028691,0.00033508,0.00032075,0.00048782,0.0002537,0.00032094,0.00045133,0.00049592,0.00054127,0.00069152,0.00070192,0.0035303,0.0021053,0.0051221,0.0083828,0.011456,0.011255,0.013325,0.035949,0.030039,0.07627,0.041336,0.0137,0.0052543
7,0.02733,0.0018317,0.00053413,0.00064143,0.00043962,0.00090071,0.001478,0.00071148,0.00062148,0.00061397,0.0015014,0.0022477,0.0073536,0.019134,0.01181,0.0025924,0.0019535,0.00081286,0.00059963,0.00043574,0.00023986,0.00036079,0.00044235,0.00059686,0.002029,0.00086776,0.0011313,0.0015792,0.0014159,0.0089055,0.014171,0.01558,0.024287,0.021135,0.0015924,0.0028947,0.0076088,0.010111,0.016391,0.015498,0.038155,0.058295,0.027752,0.031092,0.0019891
7,0.012184,0.00029054,0.00048272,0.00069244,0.0027278,0.010905,0.047454,0.078005,0.14045,0.069422,0.0064449,0.00086189,0.00087559,0.00051886,0.00079167,0.0011509,0.002156,0.0033167,0.001839,0.0020109,0.0025347,0.0063872,0.027822,0.012737,0.023669,0.016086,0.014342,0.012898,0.010182,0.01139,0.0060345
7,0.012005,0.00021959,0.0001269,0.0009926,0.00089736,0.0018711,0.0040083,0.0030264,0.0019753,0.00098717,0.00067273,0.00085167,0.0012604,0.0016027,0.0012415,0.00075739,0.00050544,0.000588,0.00087432,0.00092968,0.0014571,0.0037192,0.0091814,0.013256,0.010288,0.0040281
7,0.0013986,6.4408e-05,0.00011445,8.3588e-05,0.00030067,0.00095538,0.0055806,0.0046429,0.0073786,0.015373,0.011313,0.0058159,0.00010192,4.1178e-05,3.1025e-05,2.6367e-05,1.5799e-05,0.00065716,0.0063441,0.017541,0.067581,0.21157,0.0014616,0.00027319,0.0023229,0.0091251,0.0085176,0.011463,0.0079486,0.0027403,0.0031237,0.0061123,0.0061584,0.0021564,0.0041526,0.0038136,0.0041653,0.014113,0.0051461
7,0.0012389,6.0918e-05,2.6532e-05,3.0438e-05,9.9217e-05,0.00082335,0.0045439,0.0038139,0.0066448,0.0062001,0.0035016,0.002154,0.0006503,0.00021113,0.00011606,0.0001601,0.00016227,0.00030094,0.00010463,0.00022901,0.00040071,0.0021533,0.0016222,0.0025556,0.0035088,0.0059272,0.0031083,0.0029309,0.0044042,0.020831,0.014795,0.010918,0.019431,0.0086652
7,0.01253,7.9044e-05,0.00020252,0.00017871,0.00062705,0.0035835,0.0042939,0.017042,0.020401,0.034473,0.0022744,0.00081088,0.0014969,0.00085316,0.0033635,0.0076782,0.0089184,0.011109,0.01911,0.00051439,0.00068141,0.00071548,0.0008908,0.00097488,0.0017698,0.0025154,0.0029571,0.0018145
7,0.0033919,0.00010108,7.0999e-05,0.00013507,0.00013084,0.00015012,0.00095357,0.00099705,0.0013885,0.00012778,0.00025861,0.00053256,0.00039632,0.00069653,0.00059541,0.00032624,0.00078013,0.0014144,0.0034408,0.004835,0.0057945,0.012784,0.0040223,0.0050256
7,0.00053094,3.2803e-05,1.1327e-05,1.0257e-05,3.3254e-05,6.2771e-05,8.8033e-05,0.00015896,0.00016486,0.0003499,8.3313e-05,0.00025654,0.00027827,0.0010736,0.0033371,0.02753,0.00025754,0.00071552,0.00048973,0.0007217,0.00017195,6.9757e-05,4.5883e-05,5.7849e-05,6.8204e-05,0.00011264,0.00041332,0.00065232,0.0010193,0.0017835,0.0015132,0.0080835,0.015233,0.012063
7,0.018077,0.0031542,0.0035997,0.0026146,0.0064201,0.0036492,0.0053328,0.0068228,0.0064747,0.0023356,0.0024262,0.0042308,0.0030552,0.0038703,0.0078241,0.0071178,0.0027656,0.00061733,0.00057469,0.00074824,0.00018886,0.00045414,0.00069554,0.0013032,0.00078881,0.0012134,0.0012407,0.0015385,0.0012094,0.0034262,0.018623
