1,0.065968,0.088384,0.10562,0.11684,0.39195,0.54043,0.36822,0.43828,0.51935,0.63604,0.54451,0.34485,0.25841,0.16811,0.019697,0.020109,0.025672,0.043816,1.8097e-06
1,0.10889,0.071331,0.41609,0.67999,0.86829,0.7769,0.69028,0.6604,0.34528,0.32794,0.14134,0.13729,0.14057,0.075734,0.071399,0.080464,0.041557,1.3277e-05,6.5036e-09
1,5.5941e-06,1.2398e-06,0.0060984,0.010173,0.067462,0.2207,0.20766,0.55355,0.55796,0.46974,0.38382,0.1826,0.10571,0.14637,0.0092753,5.1814e-06,0.071601,0.0195,0.024123,0.10056,0.053037,0.024495,1.184e-06
1,0.036765,0.0477,0.039616,0.01902,0.13777,0.058471,0.036217,0.029503,0.039631,0.087273,0.19613,0.21031,0.36055,0.62418,0.40944,0.33461,0.3189,0.13394,1.7952e-06
1,0.64949,0.60005,0.75941,0.71563,0.90387,0.7738,0.66265,0.5578,0.58775,0.64577,0.58027,0.15459,0.1405,0.021474,0.0041448,1.4083e-09
1,0.19402,0.1057,0.27468,0.54761,0.4219,0.32267,0.7449,0.51706,0.49364,0.23473,0.16975,0.10389,0.032598,0.02471,0.11602,0.214,0.17341,0.079051,0.076343,0.021543,1.3289e-08
1,0.48188,0.082298,0.62535,0.89934,0.91608,0.83678,0.74725,0.4308,0.27988,0.1418,0.26785,0.23333,0.069403,0.04124,0.17558,0.023564,0.0059889,1.4186e-05
1,0.61876,0.038098,0.080923,0.14426,0.49,0.5224,0.83757,0.78626,0.60466,0.23708,0.16428,0.082193,0.19228,0.36126,0.15512,0.11256,0.043524,0.020787,0.0035615,2.0305e-06
1,0.15796,7.2712e-06,0.32468,0.56872,0.64953,0.071129,0.29974,0.24849,0.17549,0.26013,0.27957,0.3885,0.18199,0.066171,0.036735,0.011776,7.6354e-10
1,0.015969,0.021622,0.019921,0.008173,0.53716,0.58289,0.5,0.5,0.67179,0.82144,0.66793,0.70789,0.31891,0.094854,0.068491,0.10921,1.8909e-05,7.0958e-07
1,0.1101,0.062743,0.10584,0.029442,0.082819,0.67644,0.75783,0.47517,0.67741,0.28517,0.37985,0.16723,0.0952,0.013374,0.024962,0.0033244,1.8253e-06
1,0.37129,0.27134,0.5385,0.6561,0.7098,0.74533,0.69954,0.64694,0.75965,0.65832,0.46975,0.30036,0.096358,0.013133,0.0029749,2.4362e-09
1,0.031947,0.021159,0.01488,0.080814,0.077309,0.17894,0.16117,0.40854,0.3413,0.42754,0.30848,0.35143,0.37839,0.11883,0.042085,0.043587,0.04126,0.019013,5.8113e-07
1,0.15024,0.070024,0.089567,0.064102,0.090561,0.21371,0.74881,0.5407,0.49319,0.53139,0.42505,0.42841,0.2613,0.23041,0.14935,0.03406,0.02196,0.0033071
1,0.087086,0.22567,0.24988,0.22329,0.4198,0.39728,0.73952,0.69681,0.74726,0.87766,0.87351,0.94023,0.89889,0.91732,0.87799,0.75778,0.78102,0.65486,0.74128,0.42733,0.15252,0.40142,0.29931,0.080989,0.033201,0.10306,0.14706,0.24723,0.16962,0.20087,0.041756,0.054463,0.036463,0.012728,0.0038569,3.7323e-09
1,0.42247,0.32351,0.66311,0.71599,0.65289,0.48368,0.1801,0.33815,0.55429,0.70826,0.5764,0.59211,0.52234,0.77189,0.87627,0.75614,0.68961,0.079601,0.091581,0.19107,0.25196,0.16044,0.068609,0.11037,0.087761,0.011164,0.0044694,0.010873,0.014157,0.0082709,0.011842,8.9772e-07
1,0.66048,0.50801,0.48561,0.48811,0.62282,0.79057,0.71257,0.66817,0.69739,0.72202,0.556,0.24028,0.2967,0.43791,0.57226,0.66135,0.76856,0.47787,0.85761,0.85377,0.84719,0.26988,0.44406,0.073482,0.39999,0.6893,0.7035,0.70731,0.70903,0.10005,0.53694,0.47788,0.5176,0.54695,0.18057,0.17987,0.12533,0.10357,0.012588,1.6444e-09
1,0.024896,0.086756,0.056236,0.042187,0.48072,0.47725,0.10441,0.26198,0.42503,0.46925,0.44287,0.60614,0.49151,0.49023,0.6782,0.36151,0.099984,0.010995,4.3038e-06,0.023953,0.065524,0.72384,0.65259,0.49332,0.73517,0.54982,0.23911,0.16757,0.13742,0.0038848,1.2408e-05
1,0.33703,0.54607,0.63875,0.71878,0.58124,0.45761,0.35211,0.79359,0.84533,0.43593,0.35108,0.30134,0.19609,0.17644,0.21928,0.18753,0.16083,0.060925,0.02589,1.8012e-05,1.7428e-08,1.4185e-08
1,0.35243,0.1349,0.2299,0.16856,0.024161,0.10096,0.073475,0.57322,0.54846,0.40045,0.58068,0.59461,0.5,0.58349,0.44294,0.5,0.4346,0.31936,0.48953,0.38298,0.2594,0.067111,0.026913,3.7852e-06,2.0518e-06
1,0.84326,0.653,0.63569,0.33004,0.443,0.41367,0.44316,0.34681,0.42658,0.37499,0.29342,0.18461,0.13209,0.10386,0.37504,0.30108,0.11209,0.07427,0.059876,2.953e-09
1,0.95723,0.90887,0.86806,0.59591,0.42121,0.24074,0.25078,0.44414,0.71632,0.4831,0.39083,0.59145,0.38936,0.33635,0.59934,0.42921,0.22509,0.16631,0.056485,6.8507e-06
1,0.37028,0.05617,0.031239,0.15908,0.24113,0.59672,0.8825,0.86598,0.94361,0.92146,0.66802,0.36827,0.20628,0.26208,0.33251,0.5163,0.27124,0.18491,0.052393,0.055052,0.026974,0.15545,0.038915,1.0142e-08
1,0.27925,0.71911,0.80091,0.85007,0.81115,0.71376,0.5234,0.56854,0.97564,0.96649,0.9808,0.98169,0.88311,0.24593,0.11677,0.12683,0.14279,0.13209,0.08791,0.066189,0.04565,0.061468,0.018336,0.0074869,4.9074e-09
1,0.8021,0.84439,0.66859,0.61579,0.48523,0.50588,0.6228,0.62452,0.77934,0.64179,0.71606,0.22332,0.068936,0.04053,0.10852,0.1133,0.12083,0.12462,0.09888,0.12045,0.049921,0.0088862,0.034861,0.014438,0.012838,1.4034e-08
1,0.53747,0.49284,0.41217,0.68608,0.84558,0.72984,0.83864,0.80782,0.79256,0.9546,0.88065,0.59251,0.087215,0.087835,0.45155,0.34636,0.15948,0.091605,0.069472,0.046298,0.026355,0.019169,0.018537,0.010579,0.0076721,0.004614,1.4194e-09
1,0.59818,0.1078,0.13,0.54266,0.43932,0.6995,0.86964,0.79733,0.83227,0.83882,0.60426,0.037586,0.148,0.22545,0.1222,0.17766,0.065921,0.010547,0.0091595,0.015019,0.019499,0.01154,0.0059038,0.0057502,3.0978e-07
1,0.98277,0.96607,0.93563,0.93495,0.89533,0.65864,0.86807,0.89936,0.81638,0.66115,0.25604,0.21205,0.042878,0.047721,0.069181,0.32194,0.28739,0.168,0.1169,0.041384,0.0087864,0.0105,0.008102,9.0946e-06,4.2592e-08,4.7161e-12
1,0.61769,0.74505,0.45055,0.53043,0.31196,0.17756,0.23649,0.32328,0.41104,0.48602,0.40926,0.24593,0.058322,0.068338,0.12592,0.062968,0.41185,0.38949,0.53013,0.42256,0.56592,0.54881,0.29134,0.21445,0.33133,0.092044,0.057359,0.0623,0.019054,0.012333,0.01871,9.318e-07,1.7049e-07
1,0.33563,0.17988,0.15736,0.2641,0.49059,0.54251,0.42417,0.46832,0.33139,0.24569,0.26754,0.095041,0.034327,0.058629,0.31565,0.079896,0.33286,0.52985,0.75982,0.738,0.63812,0.76513,0.65789,0.65004,0.18009,0.094913,0.035146,0.054173,0.015209,0.032657,0.016413,0.0040361,7.1151e-06,0.0047618,4.1263e-09
1,0.40294,0.28349,0.31899,0.27537,0.43051,0.35499,0.017125,0.27437,0.74871,0.62346,0.54349,0.10935,0.028262,0.0036714,0.005794,0.031183,0.047681,0.041037,0.39264,0.2852,0.34965,0.83382,0.35685,0.31448,0.33146,0.14952,0.28801,0.13194,0.14298,0.021448,0.017809
1,0.19462,0.12639,0.19449,0.65856,0.18841,0.10836,0.2347,0.3216,0.14355,0.14864,0.09199,0.13705,0.22584,0.87737,0.61103,0.58336,0.46094,0.6837,0.75975,0.83681,0.75799,0.55104,0.42443,0.12104,0.035964,0.007542,0.017114,1.0133e-06
1,0.3151,0.28472,0.3347,0.44683,0.10015,0.12529,0.17987,0.30915,0.79702,0.5318,0.89825,0.83339,0.82851,0.73196,0.07594,0.37085,0.57512,0.60358,0.39469,0.37844,0.26256,0.031314,0.036346,0.017162,0.10527,0.13567,0.12779,0.16558,0.19021,0.24199,0.17516,0.098089,0.078036,0.052672,0.024472,0.023061,0.019288,7.2242e-06,5.8317e-10
1,0.87055,0.96295,0.96956,0.96582,0.8828,0.85991,0.21808,0.19528,0.16792,0.062931,0.11601,0.13993,0.10765,0.099857,0.0056088,0.017469,0.023439,0.034172,0.035532,0.033672,0.054594,0.038383,0.010331,0.027126,0.014969,0.01894,0.20677,0.51684,0.73384,0.70222,0.73275,0.16798,0.045683,0.14583,0.062219,0.047081,0.01741,0.0039087,1.5887e-06,7.2328e-10
1,0.5,0.16998,0.022627,0.16019,0.23977,0.15132,0.22235,0.1469,0.41991,0.293,0.21421,0.40367,0.32464,0.232,0.043311,0.064203,0.19828,0.13512,0.32659,0.19419,0.08991,0.023537,0.10679,0.18779,0.7031,0.55805,0.42551,0.19312,0.091893,0.11441,0.28984,0.44062,0.56883,0.20454,0.0091516,8.2275e-06,8.2498e-10
1,0.68527,0.845,0.88712,0.79401,0.87035,0.41642,0.27539,0.79575,0.59242,0.62097,0.56807,0.80261,0.64514,0.91887,0.79354,0.71688,0.13492,0.24947,0.60421,0.70078,0.95057,0.84413,0.91985,0.62975,0.22848,0.028352,0.027584,0.0092876,1.912e-07
1,0.62803,0.72518,0.86137,0.91686,0.67005,0.25787,0.30616,0.32068,0.44608,0.3928,0.50618,0.48031,0.30759,0.20778,0.02147,0.013942,0.07615,0.03383,0.12598,0.8094,0.64539,0.5395,0.55389,0.23916,0.041083,0.021022,0.0082416,0.0094708,0.016456,2.6659e-08
1,0.44203,0.324,0.33324,0.39652,0.5151,0.24978,0.10852,0.20496,0.672,0.68457,0.12741,0.74135,0.53678,0.26771,0.21871,0.35123,0.33296,0.59882,0.68522,0.69025,0.35643,0.083091,0.042067,0.021292,0.019274,0.017513,0.0051404,0.0029189
1,0.56567,0.059422,0.35347,0.17578,0.12709,0.35421,0.28777,0.5,0.44429,0.48486,0.27802,0.18132,0.081228,0.071056,0.15171,0.19027,0.21763,0.19061,0.5915,0.39463,0.63104,0.74697,0.85912,0.48599,0.092092,0.038398,0.029034,0.0071116,0.0045308,8.7588e-06,1.1451e-07
1,0.056619,0.065183,0.11192,0.11135,0.37703,0.5213,0.3509,0.11652,0.40321,0.39892,0.85429,0.47486,0.51001,0.12594,0.038141,0.018968,0.0093587,0.005011,0.0070182,0.0091174,3.8552e-06,4.3264e-08
1,0.442,0.54483,0.48288,0.35219,0.4515,0.73365,0.90255,0.83766,0.81987,0.76631,0.69719,0.52884,0.64518,0.68646,0.83239,0.37971,0.30886,0.35487,0.27187,0.15516,0.1579,0.052908
1,0.35473,0.268,0.26936,0.1055,0.13794,0.23586,0.15689,0.16696,0.2689,0.20728,0.069984,0.11246,0.54791,0.76323,0.92632,0.32189,0.55988,0.38388,0.042089,0.022037,0.017679,0.026791,0.014566,0.0048368,5.7333e-07
2,0.0058687,0.0153,0.014711,0.020062,0.76051,0.55206,0.4345,0.37854,0.60255,0.21909,0.23337,0.072733,0.080636,0.083503,0.034344,0.023371,0.14202,0.0038473,4.1912e-07
2,0.071483,0.033467,0.031643,0.046384,0.062625,0.05662,0.21599,0.045851,0.16311,0.13987,0.11939,0.078354,0.038344,0.086109,0.011528,5.3028e-07
2,0.016944,0.034153,0.041023,0.13536,0.22362,0.14155,0.050017,0.29849,0.073221,0.042881,0.031555,0.014465,3.2925e-07,1.3669e-05,0.0032301,5.6871e-06,6.344e-06,0.0055648,0.0036125,6.173e-06,7.4394e-07,5.5484e-08
2,0.0053456,0.0964,0.48217,0.54134,0.48704,0.52549,0.27356,0.43618,0.27842,0.3163,0.033597,0.1904,0.19742,0.23387,0.075055,0.036826,0.021676,0.025218,0.022106,0.030968,0.049029,0.028551,0.0065944,5.8723e-08
2,0.010083,0.0029351,0.002872,0.0030409,0.3161,0.065264,0.08476,0.0058575,2.9842e-06,2.1427e-07,1.0046e-05,0.016601,0.01887,0.015323,0.086307,0.055835,0.0041174
2,0.046922,0.093344,0.047292,0.090177,0.26067,0.44255,0.36979,0.56654,0.046601,0.095089,0.069071,0.024092,0.0063875,0.36565,0.08733,0.016473,0.025973,0.019117,1.2265e-05,5.9545e-10
2,0.069062,0.26422,0.45415,0.34146,0.34239,0.33524,0.24854,0.098928,0.1827,0.14562,0.21749,0.15551,0.066609,0.082431,0.012841,0.0091997,1.0906e-05,0.066219,0.065963,0.047357,0.11578,0.13423,0.0090122,1.5686e-07
2,0.007437,0.0042657,0.010572,0.063206,0.41966,0.65833,0.6239,0.64453,0.45384,0.14482,0.09379,0.10182,0.021378,0.18867,0.34371,0.40441,0.51912,0.16126,0.012383,0.0031523,3.1788e-07
2,0.23589,0.19593,0.52168,0.51599,0.38037,0.032133,0.020431,0.031472,0.030456,0.005318,0.041281,0.012041,9.5664e-06,1.329e-06,5.382e-07
2,0.016349,0.021654,0.42968,0.22765,0.29581,0.28903,0.14449,0.058697,0.045687,0.024332,0.060964,0.076051,0.090348,0.14197,0.044118,0.019556,2.2758e-07
2,0.10958,0.035763,0.015977,0.08164,0.060015,0.47554,0.46087,0.7893,0.6543,0.36867,0.078839,0.076473,0.078533,0.25542,0.3872,0.2891,0.14482,0.10008,0.014487,0.016398,1.2988e-05,5.1224e-09
2,0.59338,0.54401,0.47341,0.10984,0.0031887,0.0037884,8.7573e-06,0.0050192,0.0036729,0.46642,0.70478,0.27415,0.025949,0.0097603,3.5796e-08
2,0.11446,0.04866,0.18564,0.40323,0.21836,0.18892,0.15922,0.22811,0.050556,0.06186,0.042883,0.1,0.15784,0.45053,0.12839,0.12482,0.02364,0.0029355,4.7588e-07
2,0.13355,0.043626,0.15604,0.046717,0.084329,0.13116,0.21943,0.41488,0.48543,0.91724,0.41051,0.30515,0.25487,0.14449,0.016012,0.033478,0.16151,0.056583,0.024204,0.054598,0.080459,0.0061162,0.0029775,9.4741e-06,4.1108e-06
2,0.38996,0.25513,0.35138,0.071263,0.027327,0.057236,0.083763,0.12069,0.057011,0.058708,0.030886,0.065381,0.0090907,0.0056236,3.65e-08
2,0.028314,0.082921,0.15402,0.10589,0.23876,0.081773,0.040162,0.03811,0.24001,0.12871,0.18019,0.18057,0.55639,0.36863,0.34922,0.5,0.40012,0.17831,0.33021,0.5993,0.33376,0.12015,0.050315,0.011939,0.0035832,3.4842e-06,4.9257e-06,0.0044372,1.9685e-07
2,0.020784,0.029404,0.081148,0.099888,0.2181,0.22966,0.1141,0.18944,0.24227,0.23798,0.18531,0.10611,0.035573,0.012608,0.0028031,0.0040267,0.0089367,1.0498e-06
2,0.04552,0.027556,0.0042831,1.3324e-05,0.0080854,0.036057,0.3033,0.25346,0.24601,0.25037,0.039711,0.077181,0.052499,0.084962,0.034494,0.029554,0.004994,0.0036384,4.9785e-06,2.1203e-06,3.5704e-08
2,0.026899,0.029041,0.020159,0.010151,0.040935,0.077072,0.20434,0.14742,0.12898,0.056072,0.011269,0.0080034,0.0025262,2.1448e-06,0.003655,0.095357,0.029066,8.1719e-07
2,0.29601,0.35902,0.32876,0.28082,0.015616,0.011922,0.0028829,0.037589,0.069665,0.025424,0.43695,0.31927,0.26596,0.23078,0.55878,0.24047,0.47966,0.45639,0.35388,0.36499,0.087535,0.022356,0.065689,0.13837,0.035018,0.011656,4.7407e-06
2,0.063295,0.053955,0.042358,0.063564,0.06131,0.26343,0.19136,0.15086,0.088021,0.17974,0.14159,0.026456,0.0050422,4.1925e-06,1.0623e-06,2.078e-09
2,0.072464,0.08579,0.055233,0.19331,0.092816,0.10136,0.13763,0.23248,0.15761,0.18672,0.29321,0.41382,0.2669,0.26606,0.029028,0.020719,0.010829,0.033758,0.0043481,1.5599e-06
2,0.097544,0.073201,0.2495,0.32923,0.2847,0.1451,0.075484,0.027399,0.015421,0.20239,0.18852,0.22462,0.31877,0.17938,0.12718,0.11457,0.34904,0.1667,0.64254,0.60667,0.075835,0.081748,0.068644,0.077733,0.047744,0.3284,0.077296,0.10965,0.097793,0.020856,0.012406,0.0087959,8.6008e-06,1.1231e-05,1.1356e-08
2,0.14728,0.44505,0.16847,0.022914,0.072417,0.091829,0.039722,0.14769,0.27696,0.11391,0.046231,0.0641,0.060035,0.053243,0.072385,0.029687,0.0095236,0.0058708,0.0051802,0.020152,0.064201,0.032166,0.056321,0.084952,0.045227,0.030527,0.031922,3.5077e-06,1.2707e-07,4.3901e-10
2,0.073749,0.083168,0.035024,0.03585,0.067927,0.12845,0.16439,0.28711,0.22314,0.25254,0.2139,0.16153,0.22558,0.16599,0.068758,0.068081,0.0032719,0.0042445,0.0039019,0.011563,0.18331,0.13444,0.26495,0.26905,0.068034,0.026935,0.015521,0.0035243,4.0689e-07
2,0.020882,0.043007,0.13365,0.089325,0.18782,0.28655,0.093513,0.084506,0.29783,0.46057,0.3896,0.3364,0.19305,0.090036,0.20415,0.08232,0.086597,0.036858,0.091952,0.047013,0.07757,0.064713,0.041784,0.05391,0.043389,0.032001,0.036025,0.030412,0.0030094,1.7732e-07
2,0.021278,0.03054,0.075645,0.097494,0.10738,0.083048,0.16565,0.091589,0.043639,0.11386,0.14529,0.18103,0.24316,0.18674,0.17525,0.11709,0.11546,0.18721,0.16116,0.21799,0.31682,0.028193,0.036833,0.091442,0.054083,0.15055,0.15041,0.037781,0.12663,0.10556,0.040484,0.047583,0.017733,0.0044973,0.0087342,1.5835e-05,9.199e-06,4.9122e-08
2,0.2169,0.17365,0.14932,0.19987,0.23548,0.30673,0.18033,0.16777,0.16039,0.27835,0.15207,0.039111,0.08794,0.058639,0.035846,0.032225,0.044922,0.04287,0.028158,0.023173,0.083203,0.097963,0.094292,0.12448,0.11035,0.14132,0.1334,0.1206,0.28485,0.18286,0.12143,0.16752,0.037956,9.8589e-06,1.5739e-07
2,0.17535,0.12931,0.22778,0.52538,0.58125,0.66547,0.75382,0.53053,0.30741,0.48409,0.56254,0.47512,0.43962,0.42327,0.47443,0.15205,0.11174,0.012182,0.010416,9.5142e-07,1.0908e-05,1.1533e-05,0.033701,0.019547,0.13662,0.10862,0.099359,0.25546,0.29917,0.23158,0.098256,0.030015,4.8141e-06,6.0846e-08
2,0.038613,0.033169,0.084195,0.08298,0.11053,0.16954,0.16115,0.058164,0.076703,0.050214,0.045716,0.096897,0.098216,0.082225,0.17788,0.28266,0.38395,0.16053,0.42939,0.37577,0.37569,0.51924,0.63939,0.30402,0.14501,0.0040548,0.010604,0.0077156,0.0067713,0.24624,0.37066,0.22397,0.29779,0.18119,0.074188,0.026811,0.023024,0.013472,0.01392,1.236e-05,4.9656e-08
2,0.33995,0.10854,0.22579,0.268,0.11302,0.20859,0.10308,0.078436,1.4365e-05,0.017594,0.12287,0.056547,0.10686,0.24319,0.18129,0.21909,0.16828,0.071134,0.012011,1.1494e-06,4.4758e-06,8.0393e-06,2.6291e-08,6.6582e-07
2,0.055181,0.11997,0.084881,0.056211,0.036653,0.026328,0.026699,0.068196,0.047287,0.022299,0.017912,0.014603,0.0094671,0.0037395,1.2763e-05,3.5296e-07,1.0548e-07,1.616e-07,0.017162,3.2492e-06
2,0.63667,0.59354,0.63009,0.69145,0.37892,0.24589,0.11428,0.095658,0.34166,0.36129,0.57186,0.50832,0.46587,0.63426,0.68341,0.27763,0.13999,0.042637,0.02083,0.0045645,0.033281,0.0032313,2.0397e-09
2,0.83675,0.69667,0.55666,0.42795,0.19035,0.072155,0.044237,0.1028,0.10628,0.22342,0.37416,0.22992,0.19554,0.12704,0.072893,0.1358,0.073334,0.047238,0.017467,0.0061442,5.1078e-07
2,0.87917,0.90444,0.74155,0.85762,0.28112,0.098582,0.14796,0.22397,0.42877,0.17828,0.093965,0.13709,0.025745,0.011104,0.010673,0.0075435,0.0059572,0.012736,0.050902,0.086428,0.0077416,7.6041e-06,1.194e-09
2,0.78166,0.42563,0.43174,0.26009,0.11413,0.35189,0.35341,0.38768,0.3125,0.67846,0.47416,0.20106,0.31127,0.39934,0.24032,0.16837,0.32808,0.26026,0.12152,0.073797,0.011746,3.1932e-06,5.7536e-09
2,0.3136,0.19242,0.35033,0.81436,0.92853,0.70842,0.85897,0.81924,0.32187,0.047191,0.24315,0.24525,0.19432,0.25745,0.41495,0.21093,0.23112,0.11167,0.014456,0.011941,0.0046916,0.022966
2,0.0099769,0.013578,0.057795,0.039152,0.25709,0.27828,0.1558,0.10309,0.12371,0.38594,0.22708,0.30668,0.29689,0.20834,0.046049,0.05952,0.13822,0.10162,0.067468,0.076164,0.16031,0.19797,0.12574,0.042224,0.027876,0.025352,0.072331,0.12902,0.072094,0.0088595,0.010788,7.2736e-06,5.5645e-06
2,0.83382,0.72905,0.45614,0.40342,0.15149,0.31138,0.43748,0.40369,0.42768,0.39636,0.16629,0.017253,0.036151,0.072187,0.13118,0.12835,0.05187,0.083394,0.031089,0.022488,0.013328,0.0034075,1.2426e-07
2,0.87855,0.45052,0.42014,0.63889,0.68075,0.71637,0.79257,0.63028,0.28858,0.17015,0.010604,0.0087883,0.059818,0.078778,0.23517,0.23023,0.2014,0.11782,0.026201,0.0060954,0.011026,0.0067907,1.2497e-07
2,0.74142,0.65632,0.62511,0.58244,0.76536,0.56633,0.78106,0.80949,0.5641,0.35506,0.65488,0.51588,0.36523,0.077381,0.15604,0.10002,0.23881,0.15989,0.36628,0.3289,0.48725,0.38064,0.28077,0.027893,0.013315,0.0060293,0.0030665,2.6802e-06,6.8626e-06,6.5554e-08
2,0.69986,0.41158,0.38525,0.54901,0.76921,0.90554,0.96894,0.82088,0.806,0.8191,0.87338,0.66984,0.35528,0.17321,0.036179,0.010984,0.0039903,0.073195,0.069666,0.10382,0.083889,0.23258,0.26694,0.03312,0.026544,0.037407,0.032731,1.8469e-05
2,0.052473,0.049642,0.050944,0.12434,0.088893,0.10274,0.13747,0.14799,0.083441,0.04799,0.052283,0.035393,0.033455,0.10837,0.25377,0.25521,0.15487,0.45652,0.084081,1.487e-05,0.015645,0.0057713,0.0036188,0.15383,0.17552,0.020621,0.0097738,4.0296e-06
2,0.0073112,0.0080442,0.027936,0.024242,0.0074886,0.038705,0.09122,0.013883,0.012164,0.013525,0.15842,0.513,0.46416,0.34001,0.29337,0.019957,0.024313,0.0085673,0.021925,0.079764,0.187,0.039672,0.0050478,1.2029e-05
2,0.19879,0.1426,0.17742,0.12981,0.16886,0.27753,0.024566,0.14371,0.34325,0.18401,0.53811,0.24637,0.13095,0.01881,0.018846,0.0080681,0.085028,0.46138,0.51197,0.57983,0.32537,0.14394,0.43672,0.49346,0.10498,0.035086,0.0098772,0.040013,0.038245,0.13299,0.013285,0.051097
2,0.06278,0.08994,0.096732,0.13982,0.1449,0.090017,0.10637,0.070707,0.069052,0.074444,0.03777,0.051289,0.10056,0.37633,0.46614,0.70983,0.63506,0.39808,0.68683,0.049634,0.016661,0.017344,0.017316,0.012947,0.013669,0.0088999,0.010175,0.061545,4.1512e-06
2,0.077405,0.086756,0.21849,0.16869,0.44913,0.74878,0.35228,0.025399,0.036456,0.095501,0.26681,0.32118,0.30016,0.2612,0.12478,0.023246,0.031873,0.19489,0.4274,0.31998,0.10745,0.54632,0.25055,0.50827,0.30122,0.26658,0.10674,0.31717,0.077121,0.026653,0.061365,0.036067,5.7841e-08
2,0.031196,0.034924,0.044465,0.14278,0.23118,0.13251,0.068104,0.2239,0.35239,0.42383,0.42007,0.5518,0.096392,0.24435,0.60601,0.22377,0.077943,0.16688,0.054527,0.014295,0.12482,0.12685,0.14847,0.34798,0.3213,0.015517,0.0089786,9.6173e-07
2,0.1306,0.24539,0.36385,0.43541,0.4698,0.46741,0.35885,0.12649,0.036676,0.10823,0.16992,0.076352,0.051186,0.12844,0.060498,0.055893,0.081333,0.48432,0.4233,0.51533,0.32331,0.4243,0.023589,0.0042493,3.4317e-06,0.0042119,1.2376e-05,0.0070294,0.0057783,0.032502,0.016732,0.0046537,0.013373,1.0506e-07,7.1403e-08,2.8442e-08
2,0.044674,0.064413,0.077767,0.086272,0.17577,0.16527,0.10487,0.10384,0.094804,0.062131,0.074612,0.057108,0.25517,0.28267,0.52781,0.6106,0.3661,0.073953,0.0095964,0.070981,0.030226,0.058859,0.16332,0.36234,0.059413,0.009049,4.6775e-08
2,0.14152,0.27568,0.27901,0.51267,0.48672,0.46127,0.31363,0.29986,0.34271,0.24298,0.5545,0.084764,0.13924,0.17501,0.14458,0.074862,0.019838,0.043139,0.087289,0.15494,0.0726,0.047138,0.12446,0.081455,0.091994,0.16011,0.15267,0.092326,0.1016,0.089128,0.19932,0.089536,0.36479,0.085804,0.026782,0.0074347,0.0046196,0.0090915,4.9652e-06,5.3795e-08,4.6036e-08
2,0.17863,0.33211,0.24708,0.18101,0.32429,0.34092,0.20157,0.15345,0.06158,0.023538,0.094777,0.28414,0.32723,0.32036,0.30794,0.31094,0.25577,0.062449,0.018363,0.013561,0.086044,0.036706,0.045564,0.10051,0.18858,0.20315,0.35423,0.36662,0.1848,0.22314,0.092677,0.013584,4.83e-06,2.3615e-07,6.3819e-09,1.6342e-05,0.12866,0.096465,0.12416,0.13841,0.061285,0.0075498,0.008142,7.8468e-06,8.1579e-08
2,0.21897,0.24757,0.55753,0.36517,0.44537,0.29746,0.084498,0.1712,0.097296,0.044367,0.027942,0.3467,0.44348,0.31494,0.24016,0.24091,0.1912,0.072458,0.20453,0.34588,0.1361,0.14807,0.0098217,3.0877e-06,2.7046e-07,0.0045065,0.18051,0.22908,0.2977,0.34526,0.16958,0.20092,0.48722,0.2075,0.39338,0.16672,0.046365,0.0072174,5.3853e-06,0.059428,0.05219,0.12932,0.20228,0.12689,0.12459,0.37068,0.26479,0.17584,0.23187,0.14826,0.015083,0.010496
2,0.22944,0.25587,0.2788,0.17227,0.42636,0.11563,0.24001,0.077863,0.20516,0.35469,0.096467,0.17906,0.49269,0.31684,0.13464,0.0035483,0.012009,0.012971,0.059627,0.30462,0.26003,0.20955,0.17476,0.09972,0.015831,0.0067081,0.0084532,0.13704,0.020371,0.089771,0.11832,0.019905,0.009715,0.018287,0.0088839,0.0071154,0.0038932,0.0034694,1.4674e-08
2,0.29437,0.21977,0.33133,0.21425,0.32199,0.3677,0.21348,0.60128,0.53768,0.83651,0.47375,0.41545,0.20817,0.004721,0.013703,0.024357,0.043242,0.05085,0.034337,0.017394,0.0094229,3.5962e-06,4.719e-07,0.0056886,0.0041533,0.043188,0.048514,0.24141,0.30326,0.40226,0.35955,0.18547,0.11622,0.019396,0.004557,8.2556e-07
2,0.19231,0.11414,0.20969,0.13772,0.11492,0.14416,0.22189,0.12985,0.11227,0.14642,0.27794,0.17712,0.16989,0.16334,0.16204,0.082509,0.19012,0.3084,0.3686,0.39079,0.22471,0.084994,0.041312,0.017437,0.018622,0.035239,0.011557,0.0054465,0.04695,0.0060817,0.005085,0.059699,0.045118,0.051217,0.091294,0.037205,0.032284,0.0059966,0.0074446,0.012451,4.1312e-06
2,0.24616,0.097185,0.16668,0.28175,0.54083,0.53812,0.15093,0.3462,0.45794,0.24369,0.52346,0.47956,0.37221,0.21563,0.21334,0.025269,0.031681,0.015581,0.094974,0.14799,0.17874,0.1608,0.29361,0.2294,0.12344,0.028831,0.010049,1.2928e-05,1.6934e-07
2,0.26635,0.36688,0.29134,0.53057,0.37436,0.36207,0.14613,0.056681,0.042382,0.021294,0.27614,0.069695,0.04193,0.11286,0.055882,0.015355,0.0030746,1.3234e-05,6.6251e-06,9.7945e-06,0.0097963,0.02771,0.053102,0.10484,0.64929,0.30351,0.2458,0.02343,0.016291,0.006339,0.0025338,2.9884e-07
2,0.381,0.093529,0.067034,0.042629,0.12414,0.16612,0.32925,0.73879,0.85818,0.38445,0.68783,0.48163,0.25162,0.11464,0.089587,0.020835,0.031607,0.073844,0.14334,0.01404,0.016789,0.0049496,0.0026432,4.9044e-06,0.18978,0.53915,0.60842,0.63924,0.67108,0.60507,0.27382,0.041701,0.030239,0.063631,0.013128,0.011514,0.016825,0.0060603
2,0.58991,0.47375,0.22131,0.18239,0.26666,0.034749,0.018477,0.0030884,0.0034757,0.011889,0.004596,7.9386e-06,0.025727,0.013011,0.0090935,0.029284,0.087278,0.14156,0.043185,0.077328,0.082219,0.027301,0.035411,1.7858e-05
2,0.32481,0.27387,0.20633,0.22466,0.23559,0.22499,0.10513,0.080798,0.049985,0.17898,0.34781,0.30019,0.38293,0.16844,0.13916,0.2738,0.061384,0.040664,0.027672,0.018732,0.0092797,0.01507,0.023753,0.0078662,0.012014,0.0089689,0.015356,0.045939,0.04009,0.027648,0.0042096,8.234e-06
2,0.20803,0.15873,0.33692,0.36808,0.31056,0.47903,0.2292,0.21418,0.22037,0.23708,0.15409,0.34327,0.38812,0.2578,0.15272,0.15507,0.034745,0.0059042,0.034277,0.027142,0.051259,0.034308,0.050745,0.019275,0.050895,0.052505,0.015911,0.14679,0.06919,0.016584,0.029831,0.0057829,1.6576e-06
2,0.31688,0.30052,0.24336,0.1812,0.15358,0.11344,0.077999,0.031516,0.047046,0.022191,0.17965,0.2109,0.09967,0.2824,0.44193,0.34566,0.47718,0.53864,0.28614,0.14428,0.01565,0.0083104,0.013747,0.0071245,2.3024e-06
2,0.11158,0.14853,0.11273,0.43572,0.6062,0.42696,0.3429,0.07823,0.11787,0.018631,0.032253,0.080701,0.021939,0.023862,0.20419,0.54836,0.74615,0.56616,0.34907,0.085804,0.01428,1.1541e-05,1.2208e-06,4.7949e-06,0.012094,0.030545,0.028441,0.029269,0.029118,0.0080918,1.6245e-05,2.2665e-06
2,0.4452,0.49225,0.48437,0.66993,0.24781,0.35376,0.097701,0.10515,0.12594,0.1599,0.14506,0.39838,0.32662,0.4001,0.63622,0.44548,0.31836,0.075497,0.033066,0.025048,0.019801,0.038082,0.031013,0.020708,0.0064512,2.5475e-06,3.963e-07
2,0.26537,0.61519,0.52544,0.32258,0.42096,0.41135,0.067851,0.11201,0.10584,0.045391,0.071745,0.41404,0.11697,0.063971,0.11823,0.31455,0.70181,0.77372,0.17194,0.048344,0.016548,0.016608,0.002563,1.0052e-05,0.01043,0.012086,0.0042576,0.016672,7.3975e-06
2,0.30745,0.34254,0.52979,0.72349,0.61997,0.8435,0.64341,0.21337,0.27557,0.20573,0.20083,0.025933,0.055611,0.024202,2.7046e-06,1.4519e-07,0.0056556,0.002774,6.7054e-06,1.4286e-07,0.0058139,0.0096724,0.0039199,0.0063653,1.0133e-06,2.7003e-08
2,0.83429,0.7882,0.46956,0.52518,0.62075,0.29186,0.2348,0.039483,0.073459,0.11695,0.59093,0.24438,0.34298,0.17747,0.029027,0.0043665,0.039364,0.023829,0.0079622,0.019735,0.0064702,5.148e-07
2,0.42479,0.26035,0.10726,0.1424,0.062281,0.055403,0.1332,0.1731,0.094877,0.10581,0.059285,0.070405,0.021189,0.004232,0.005627,1.8065e-05,0.0048011,0.019994,0.015737,2.0324e-06,4.0357e-06,4.7596e-07
2,0.48184,0.33195,0.2755,0.066668,0.020659,0.053881,0.050316,0.078233,0.13643,0.036614,0.030105,0.17008,0.071012,0.12019,0.018929,0.007946,7.4226e-06,0.027219,0.0082933,0.018637,0.031262,0.019395,2.3146e-06,2.3463e-06,7.1794e-08
2,0.059706,0.049426,0.021446,0.02058,0.061115,0.34703,0.26636,0.26138,0.18674,0.051592,0.12103,0.18016,0.37538,0.22905,0.11072,0.014863,0.014606,6.7791e-06,0.0041691,0.05933,0.028396,0.055703,0.068649,0.030633,0.01206,5.6928e-06,3.0551e-07
3,9.0665e-07,1.2859e-07,3.9514e-07,1.2585e-06,1.0262e-06,1.1484e-07,1.3871e-06,1.5286e-06,2.8499e-06,3.5515e-06,1.7809e-05,0.00344,3.9318e-06,1.6687e-07,1.9383e-08,4.6408e-08,1.0782e-06,1.8298e-09
3,0.020249,0.017293,0.014646,0.04318,0.011535,0.003561,1.78e-06,7.4669e-08,1.7443e-07,1.1023e-06,2.4442e-06,2.8634e-06,0.0041666,0.0036401,0.0089765,8.193e-06,7.3879e-07,2.0545e-08,1.5673e-08
3,2.5349e-06,2.661e-07,1.6363e-08,1.3585e-08,5.523e-09,1.1732e-07,6.8213e-08,3.3807e-08,1.6422e-07,1.0222e-06,6.69e-08,1.5835e-07,6.6614e-06,0.010148,0.022926,0.019971,0.0064125,1.4783e-05,2.1025e-06,4.3437e-07,3.0014e-06,1.0725e-05,0.016254,0.01258,0.018329,0.012607,1.4247e-06,1.4564e-07,3.8324e-06,0.0044952,8.6971e-08
3,1.2276e-06,6.9535e-07,9.5028e-07,4.9135e-06,0.0034593,0.0065534,0.027817,0.023489,0.0086376,0.0048677,0.0063778,0.0031179,1.552e-05,0.006179,0.02537,0.0076807,0.0093821,0.0063589,0.0051228,0.0044365,4.4892e-07
3,5.7723e-06,4.2726e-06,1.723e-07,6.5777e-07,1.4324e-06,7.8723e-07,3.6833e-06,5.2119e-06,1.4239e-05,5.3141e-06,1.5118e-07,2.4998e-07,4.0683e-07,5.9545e-07,4.22e-08,3.1959e-08,8.7488e-08,3.636e-07,8.8609e-07,6.363e-08,6.7898e-08
3,4.0281e-08,5.019e-07,1.9294e-06,3.9315e-06,0.0025304,0.0031963,0.0037908,0.022394,0.017742,0.0033044,0.019181,0.011848,0.015817,0.016558,0.026864,0.0062135,0.0074889,1.0165e-06,0.004696,0.011151,0.0046189,0.0051277,1.1108e-05,4.6901e-07,3.5177e-08,1.1242e-08,1.1543e-07,1.3197e-07,2.3997e-09
3,0.0029238,0.0026581,0.0029933,0.0056417,0.012779,0.010964,0.0050449,0.013003,0.011224,0.01207,1.5013e-05,1.477e-06,1.6784e-06,2.6988e-07,1.6438e-07,4.4614e-06,3.9952e-06,7.0572e-06,3.7048e-06,1.6037e-05,8.026e-06,4.2831e-06,0.006567,0.077827,0.047212,0.078322,0.046071,0.012068,0.014424,0.0067917,0.0037263,1.2003e-05,7.9941e-07,1.065e-06,1.0647e-06,1.8321e-06,2.2571e-06,4.1039e-06,8.7279e-07
3,0.0047159,0.013405,0.022881,0.024084,0.0061829,0.0027424,5.5086e-07,9.6786e-08,8.786e-08,6.3021e-06,0.0033614,0.0029869,8.911e-06,1.3891e-05,1.6483e-07,0.0031755,0.0029614,8.5959e-06,3.068e-06,3.6656e-06,1.4174e-05,0.0026015,0.0031734,0.017714,0.019904,0.013247,0.0082082,0.011063,1.0521e-05,5.5512e-06,9.1831e-06,1.9102e-06,1.0066e-05,7.3525e-06,3.9145e-06,1.0934e-05,1.3275e-07,1.558e-08,7.3703e-08,1.0833e-07,2.6338e-06,8.406e-06,1.4032e-05,7.4822e-07,3.9499e-07,2.8196e-07,1.3454e-05,1.2598e-05,1.8015e-06,1.3756e-06,7.1298e-07,4.1664e-07,1.1815e-06,1.1774e-06,0.0030883,7.31e-06,1.1578e-10
3,0.011596,0.0045578,7.9628e-07,0.0079013,0.019329,0.01454,0.015329,0.0032441,2.3795e-06,8.592e-06,0.003272,0.0045572,0.0036902,8.8337e-07,1.8851e-07,1.1531e-07,7.1656e-07,8.2196e-06,5.5873e-07,6.6243e-07,0.0093805,0.007205,0.0055536,0.0098651,0.0072031,1.2296e-05,2.3305e-06,2.0881e-06,1.792e-05,0.011453,0.014555,0.025832,1.5267e-06,1.0155e-06,5.6051e-09,2.1028e-08,3.3854e-07,1.7335e-06,0.0052819,0.021101,0.066088,0.008834,0.0058901,0.007499,0.007172,1.8345e-05,0.0029043,0.026805,0.008796,0.011662,0.04029,0.027396,1.9794e-06,3.7431e-06
3,0.0077113,3.8843e-06,1.2002e-06,1.3802e-06,3.8374e-08,2.5436e-07,1.8097e-07,2.4323e-07,1.2725e-07,3.4329e-06,3.7751e-06,1.5074e-05,6.8156e-06,3.9038e-06,7.8305e-07,1.3544e-06,9.3441e-07,1.3597e-06,5.5134e-06,0.0032592,0.003065,1.158e-07,1.7686e-07,4.0818e-07,3.9298e-06,0.0049135,1.6536e-05,0.003123,0.0062076,0.0077166,0.0097602,0.019939,0.016955,1.3704e-09
3,0.0056973,4.8996e-07,7.3495e-06,1.0808e-06,3.1978e-07,3.4886e-07,1.4507e-07,3.5949e-08,4.8428e-06,5.7271e-06,0.0038404,7.747e-06,1.3074e-06,5.6762e-07,3.0889e-07,4.0114e-06,5.3308e-06,1.2888e-05,7.0905e-06,1.555e-07,7.9012e-07,4.6168e-07,3.3978e-07,1.8623e-07,3.0643e-07,1.1664e-07,1.7482e-06,7.3409e-07,6.4719e-07,0.0043587,0.0051094,0.003575,0.015346,0.0057015,1.5795e-07
3,0.037069,4.0511e-06,0.0043783,1.576e-05,1.1642e-06,5.1452e-07,8.8336e-06,1.1059e-06,1.4955e-07,6.9754e-08,1.9893e-07,6.0108e-07,1.747e-06,2.0797e-06,2.875e-06,6.9252e-06,0.0055102,0.01237,0.01178,0.021054,0.035331,0.042452,0.025131,0.020142,1.7678e-05,0.0040935,0.0029003,0.0027681,3.0886e-06,0.0038264,0.0071646,0.005375,1.5552e-05,7.8935e-06,0.0042913,0.0036082,0.003839,4.7048e-06,0.024852,0.012875,0.011066,0.026396,0.036386,0.027881,1.3404e-08
3,0.0034551,0.0041959,0.033215,0.32651,0.52818,0.25179,0.023772,0.0108,0.0072848,0.003457,0.0085459,0.011269,0.010816,0.010032,0.0044566,1.207e-06,0.0030387,1.2597e-05,0.0025245,1.7343e-05,8.2637e-06,0.0037017,0.0094592,0.011745,0.045575,0.033004,0.018528,0.028893,0.027896,0.01527,0.011574,0.017029,0.0029075,0.0031926,0.0034523,0.0051244,1.0206e-05,4.5916e-06,1.0395e-07,1.0521e-07,3.8844e-07,2.153e-07,0.0037512,0.0056399,0.013567,0.055742,0.062031,0.0054042,0.0060704,0.0075081,0.0056919,0.0049662,0.0050504,0.0047546,0.0030754,1.4291e-06,1.0608e-08
3,0.070231,0.022142,0.0049185,1.3407e-05,0.0077092,0.014543,0.0099763,0.010327,0.0037936,0.0028589,2.023e-06,1.5073e-06,1.1741e-05,0.0052119,0.002619,0.0028276,1.6718e-05,0.0028769,0.014192,0.0073539,0.0038131,0.003048,2.6067e-06,0.0031529,0.0036378,5.0059e-06,7.2983e-06,1.9156e-06,3.9689e-08,2.4507e-07,2.3706e-08,1.4362e-08,4.1105e-07,1.4633e-06,1.4695e-08
3,0.074548,0.016533,0.0041003,0.0034003,1.186e-05,6.7309e-06,6.3416e-06,1.3038e-05,7.2911e-06,2.906e-06,1.0275e-06,1.6823e-07,1.1558e-06,1.8532e-06,3.6534e-06,8.7456e-06,7.1559e-06,0.0027272,1.3545e-06,2.4371e-08
3,1.3647e-05,2.3276e-06,0.0065787,0.010348,0.012757,0.002688,0.0029097,3.4277e-08,7.4811e-08,5.5816e-07,1.2599e-06,3.588e-07,3.3315e-07,1.7084e-07,3.4807e-07,0.003256,0.0025927,0.0048288,1.0944e-05,0.0049624,0.010083,6.4897e-07
3,1.0026e-05,0.003626,0.0089324,0.081839,0.095202,0.033673,0.03931,0.055288,0.012278,0.0083419,0.0035296,0.0038148,0.0026819,0.015061,8.4637e-07,2.6489e-06,6.0558e-06,6.7466e-06,5.6143e-06,1.6637e-05,1.7398e-05,0.0034326,1.7968e-05,0.0035759,0.048701,0.0054816,0.004844,0.0026974,4.9308e-06,7.8767e-08,1.5157e-06,2.4714e-06,8.3363e-06,0.0028447,1.3537e-05,1.5712e-06,2.5258e-07,1.4221e-06,1.3392e-06,2.6516e-06,7.9924e-10
3,0.039399,0.0081774,0.017862,0.15614,0.039466,0.021964,0.013264,0.011409,0.0038393,0.0036432,0.010563,0.003234,3.7974e-07,5.0133e-07,6.1254e-07,1.448e-06,1.5722e-06,4.4688e-06,7.0792e-06,1.5164e-06,4.2868e-08,1.4197e-07,9.9914e-07,4.0941e-09
3,9.2172e-08,8.8689e-08,8.5636e-08,1.5077e-06,5.906e-07,4.4544e-08,9.6777e-10,5.7992e-09,0.003108,0.020024,0.032546,0.043355,0.27844,0.082446,0.028762,0.0077006,4.8967e-07,5.9668e-06,0.038929,0.026339,0.04276,0.033803,0.019485,0.003491,4.7058e-07,1.7558e-07,1.8673e-07,1.8821e-07,1.827e-07,6.035e-07,1.1846e-06,0.02361,0.03793,0.015685,0.0052384,0.003267,1.2698e-09,1.2847e-08,1.3872e-07,1.5588e-08
3,0.024881,0.031095,0.0065957,7.0958e-06,0.0050027,0.013304,0.021787,0.11927,0.091868,0.071298,0.064075,0.013183,0.0036905,1.5861e-05,0.010389,0.0027481,0.0033362,0.014164,0.024271,0.014839,0.005583,1.3008e-05,0.003143,0.012402,0.038701,0.053259,0.064537,0.046469,0.0051562,0.0082924,2.3574e-06,8.8658e-06,2.6495e-06,3.1377e-06
3,0.0057149,0.0061065,7.0344e-06,0.0027094,0.0045625,0.010786,0.006097,0.0051079,6.2964e-06,2.2614e-06,1.9713e-06,3.4867e-06,1.5057e-05,0.0083724,0.0050117,1.6241e-06,2.0701e-08,2.5458e-08,1.9914e-07,2.5256e-07,8.0917e-07,2.9322e-06,3.5475e-07,3.2061e-07,3.4174e-07,7.9639e-07,9.7168e-07,2.5084e-06,1.6689e-05,0.0085055,0.026522,0.026976,0.022493,0.0054831,5.5762e-06,5.9259e-06,0.0061747,0.0058738,0.010452,0.00599,4.2015e-06,1.6424e-05,5.4664e-06,2.0186e-07,6.2809e-07,4.0859e-07,1.4466e-07,5.3298e-07,3.9929e-06,1.7775e-06,3.4857e-08,3.3134e-08
3,0.0040157,0.010982,0.0034878,0.004379,5.9033e-06,0.0035758,7.8726e-07,3.4555e-08,1.7747e-05,0.003012,5.2951e-07,1.5036e-06,5.4731e-06,4.8162e-06,0.00311,0.026446,0.012667,0.048088,0.10073,0.029796,0.0038624,0.011203,1.2315e-05,1.4008e-06,2.0214e-06,6.4468e-06,3.6483e-06,2.597e-06,1.3088e-06,2.4609e-06,9.0567e-06,8.947e-06,0.003939,0.0068237,1.5854e-05,0.0030792,0.0035886,0.0037849,0.0027496,1.8156e-05,1.3824e-05,4.3513e-06,8.3191e-06,0.026307,0.028211,0.056288,0.040526,0.01692,0.003591,9.9645e-08,3.5999e-07,7.7917e-06,1.3033e-05,0.0039917,0.0037486,5.1619e-06,8.6728e-06,1.0097e-05,0.0026524,0.004394,0.049255,0.026105,0.026139,0.029271,0.018483,0.0078735,0.0094939,0.0065116,0.0044783,0.0033231,0.0082003,0.0070479,0.011013,0.010725,0.016421,7.3454e-07,1.8099e-07
3,0.02508,0.013878,0.012157,0.014018,0.029877,0.031376,0.016691,0.016032,0.0051579,6.6358e-06,0.0066743,0.0077873,0.0075663,0.023609,0.023954,0.0069263,0.0057476,0.0076296,0.0093473,0.0033102,0.005167,0.021939,0.030406,0.025892,0.028213,0.029539,0.037554,0.032996,0.014524,0.010493,1.3793e-05,0.0058163,0.0025709,8.9871e-06,7.6489e-07,2.5189e-06
3,2.0337e-06,1.4921e-07,6.3005e-07,3.3476e-07,5.5276e-06,1.0611e-05,1.3725e-05,9.2662e-06,0.0027779,0.0039278,0.0071161,0.018622,0.01777,0.0050318,0.0045551,0.0042129,0.0037128,6.2843e-06,3.1837e-07,3.39e-09,4.6911e-08,2.6168e-07,5.6993e-06,4.0555e-06,5.9485e-06,2.5021e-06,0.0042915,0.0063394,0.0034053,0.0037646,0.012197,0.021876,9.1382e-06,5.7875e-06,5.2847e-06,0.0041853,0.0041331,0.007723,0.01374,0.027321,0.062654,0.22789,0.16917,0.14435,0.0059732,1.933e-06,6.0433e-08,1.1407e-07,7.6073e-07,0.010313,0.012718,0.010998,0.0090024,0.0062316,1.8137e-06,0.0066092,0.0063804,0.015704,0.034634,0.0086805
3,6.1477e-06,8.9191e-07,5.4037e-07,2.4596e-06,6.8046e-08,1.3827e-05,0.0050339,0.016465,0.12554,0.13526,0.059175,0.0066052,5.62e-07,2.6266e-06,1.5932e-06,9.1993e-07,4.8012e-07,1.204e-05,4.2325e-06,9.205e-06,0.0052739,0.0038689,1.6967e-05,1.5114e-06,1.7246e-07,5.1601e-08,4.1077e-07,1.2004e-07,6.6319e-07,5.2033e-06,0.0026877,7.6217e-06,6.8882e-06,0.0045546,0.0035008,0.0030378,2.2903e-06,5.0587e-07
3,0.013872,1.0693e-05,2.9401e-07,9.4282e-07,8.5708e-06,4.3999e-07,6.117e-07,8.7501e-07,6.609e-06,9.1433e-06,1.86e-05,1.0784e-05,0.0069862,0.0049195,4.9043e-06,0.0030701,0.0067321,0.0032846,0.0032915,0.0052222,0.0080537,0.0029553,0.0038548,1.3925e-05,7.8374e-06,3.1105e-06,6.0768e-07,5.7041e-07,9.6612e-07,1.7123e-07,1.2068e-07,5.6891e-07,1.9903e-07,8.2515e-07,1.0109e-06,1.27e-05,1.1686e-05,0.0051109,0.0069136,0.011249,0.016016,0.030676,0.01397,0.014634,1.8426e-05,0.0086802,0.0069078,0.0062357,0.0081069,0.017463,0.0099249,0.0054601,2.5863e-08
3,0.0055287,0.0032906,2.2619e-06,4.2317e-07,1.1538e-06,3.1498e-06,9.7064e-06,0.003498,1.7233e-05,1.8048e-05,6.1664e-06,0.0048833,1.255e-06,6.738e-06,0.002558,0.0029798,0.0074038,0.0092567,0.019079,0.017325,0.0077132,0.0049486,2.0333e-06,9.644e-07,1.1554e-06,2.9562e-06,0.015772,0.010154,0.018016,0.01531,0.021326,0.0082806,6.2846e-08,5.2976e-08,3.7497e-06,0.0059642,0.0058837,9.8698e-06,7.0287e-06,9.3377e-06,5.407e-06,1.6441e-05,3.2537e-06,9.2348e-07,4.1774e-06,5.936e-06,0.028651,0.0038015,0.004799,0.0088236,0.0055878,0.0068986,0.0077436,0.0042166,0.004578,0.015489,0.0077929,0.020027,0.013451,0.01217,0.0049476,0.0026913,1.2365e-05,0.0030606,1.1893e-05,0.0027654,0.04737,0.0025357,0.0025681,0.042472,0.014548,0.0096334,0.01145,2.4023e-06,3.9992e-07,2.8469e-06,1.1884e-06,0.0048646,0.0043292,0.006881,0.0057317,0.0084342,1.6477e-05,1.6619e-06,8.341e-06,0.0041006,0.032076,0.023251,0.015898,6.3168e-06
3,0.0072758,3.2909e-06,0.0027977,1.7532e-05,0.003987,0.017155,0.0080497,4.958e-06,0.0094158,0.006567,0.0029787,8.7715e-06,0.0042352,3.3307e-06,6.0323e-06,1.2919e-06,7.4282e-07,6.5003e-07,1.4882e-05,0.0049832,0.0047027,0.012714,0.0044847,0.0032272,0.0047237,0.0091536,0.0043989,2.5246e-07,8.8861e-07,3.8771e-07,3.8898e-06,2.0117e-06,0.0030453,0.010418,0.0098008,0.0027346,3.3105e-06,4.8609e-06,8.0163e-07,5.2031e-07,1.8073e-07,9.0857e-07,9.9803e-06,1.2281e-05,0.0027049,0.0052422,0.0040957,1.1746e-06,3.4335e-07,1.1161e-05,4.3739e-06,2.9493e-06,1.2377e-05,0.0036057,0.0040668,0.0040795,0.0037182,8.8178e-06,8.4713e-07
3,0.0049608,4.4438e-07,4.8468e-07,2.05e-07,2.3599e-07,8.259e-08,2.4204e-07,3.9043e-08,1.0136e-07,1.101e-06,8.6256e-07,1.3662e-05,1.7712e-05,7.4897e-06,0.0031752,0.0046162,0.0036283,1.5329e-05,2.799e-06,1.5405e-06,7.4346e-06,0.0030765,5.729e-07,8.1053e-08,5.6142e-08,4.5332e-07,2.0558e-07,7.4726e-08,1.6374e-08,3.3122e-08,5.8235e-08,1.0789e-07,9.7506e-08,7.9898e-07,5.0776e-07,1.2554e-06,2.5943e-07,1.0592e-06,1.1125e-06,8.7725e-07,1.1166e-06,2.4423e-06,1.8236e-06,2.5851e-07,4.6025e-06,7.4616e-06,0.0029134,1.8163e-05,0.0043555,5.2955e-06
3,0.35529,0.32926,0.17191,0.031681,7.5105e-08,4.8919e-06,3.5269e-06,7.5246e-06,0.0041519,0.015523,0.042823,0.062389,0.065505,0.03063,0.020704,0.015927,0.0070849,0.0074658,0.019215,0.013524,0.0098449,0.0077934,0.0040063,0.011823,0.029823,0.0027199,1.2512e-05,9.4952e-06,0.0036792,0.006086,0.0046455,0.0039994,0.0046861,0.0077817,0.014975,0.01435,0.016419,0.031186,0.007251,0.0030885,0.004667,0.0056525,0.0071354,1.0386e-05,0.003462,1.6923e-05,6.3838e-06,0.0099631,0.0080259,1.7954e-05,0.0036215,0.0056132,8.0165e-06,1.1662e-07,4.6192e-07,3.4803e-07,1.1749e-05,0.010397,0.01526,0.021934,0.028139,0.019713,0.012341,0.006923,0.0055033,0.0043811,0.002704,2.4896e-07
3,0.066402,9.6307e-07,7.6977e-06,1.5551e-06,8.5209e-06,0.0035006,0.025927,5.8185e-06,9.5845e-06,0.0061212,0.016068,0.022745,0.0055531,4.2742e-06,3.6869e-07,1.9196e-06,1.3902e-05,0.0033486,0.0064242,0.0077593,0.0056999,0.0051638,1.2089e-05,1.0886e-05,1.3412e-05,0.0033579,2.5617e-06,2.8476e-06,7.0821e-06,8.1694e-06,0.0027559,2.4889e-06,2.2322e-07,4.3064e-07,2.6812e-06,3.8622e-07,2.6589e-06,1.1404e-05,1.8529e-06,2.0878e-08
3,4.4456e-06,1.9519e-07,1.5864e-06,4.4486e-06,1.003e-06,7.57e-08,6.7449e-06,5.4782e-06,0.020012,0.0035168,0.0029022,1.3597e-05,1.6186e-05,5.0514e-06,1.9794e-06,3.2153e-06,4.8539e-06,2.9394e-06,5.2834e-07,4.4117e-07,6.6831e-07,4.2314e-06,1.3914e-06,1.0003e-06,6.2513e-07,1.2427e-06,2.197e-07,1.3189e-05,1.4678e-06,2.0907e-06,0.0035106,0.0029109,0.0036167,0.0028713,2.9502e-06,1.6309e-06,8.1269e-06,2.1182e-06,9.6517e-07,1.8402e-05,7.9573e-06,0.0051347,0.0060123,0.0049361,1.7652e-05,0.0033038,0.0030426,0.0050603,2.9674e-06
3,0.012355,4.3321e-08,2.1998e-08,4.4157e-07,6.1832e-07,1.87e-07,3.3429e-08,6.0434e-08,7.9926e-07,1.7112e-06,0.0027509,0.0031726,1.5208e-05,0.0027122,0.0061437,0.008127,0.010952,7.2895e-06,1.5354e-05,0.013163,0.0066365,0.041434,0.020597,0.0059508,0.0067196,0.017422,0.0082788,0.0085948,0.010286,5.8964e-06,4.6945e-08,7.6876e-07,3.2662e-07,1.4951e-05,4.0547e-06,1.536e-05,0.022622,0.025868,0.016418,0.0025435,4.0822e-09,7.7151e-09,6.5649e-08,3.1342e-06,1.3215e-05,0.0066317,0.003056,0.0034016,0.0288,0.011226,0.046502,0.010502,0.011646,8.5222e-06
3,0.08029,0.0064329,0.0145,0.0084141,0.0034963,0.0041942,1.7887e-05,1.9278e-06,2.5136e-08,7.9458e-08,1.3852e-05,1.0119e-05,0.0046704,0.0034755,0.0088764,0.0054766,0.0075081,2.6478e-06,3.6267e-06,0.0025352,0.0026947,0.0025621,0.0039189,0.0052542,1.5715e-05,0.0031939,0.040644,0.11353,0.089567,0.031703,0.014943,0.0055321,9.981e-06,0.0082735,0.062352,0.045796,0.019008,0.0040478,1.6782e-05,0.0029646,0.0027892,1.3359e-05,8.5194e-06,0.0029682,0.0047133,7.0622e-06,1.1702e-08
3,5.5643e-06,4.7384e-08,4.929e-07,3.3796e-07,2.6393e-07,3.3918e-07,5.6281e-06,5.8954e-07,1.4204e-06,5.2174e-06,0.0040834,8.4336e-06,0.00378,0.0076029,0.0098329,0.0032051,6.6708e-06,1.0998e-05,0.0059967,7.8055e-06,1.6014e-06,0.0054812,0.0030709,0.0025208,0.0051845,0.0046481,3.9804e-06,1.4224e-06,9.8902e-08,2.7172e-06,4.8727e-07,1.367e-06,5.6163e-07,5.0117e-06,1.7627e-05,0.0026566,4.9217e-06,0.0041445,6.257e-06
4,0.12457,0.071369,0.26493,0.18399,0.084545,0.10556,0.087023,0.042383,0.013247,0.011067,0.012788,0.014506,0.017409,0.035037,0.03041,0.016747,0.0056435,5.7057e-08
4,0.0027009,1.887e-05,1.146e-05,0.014899,0.017241,0.016948,0.014419,0.012863,0.069772,0.025318,0.011841,0.013456,0.0083579,0.0033592,0.0046883,1.5924e-05,0.0031053,7.3438e-06
4,0.065323,0.043482,0.10493,0.24865,0.14365,0.14719,0.14879,0.038742,0.025738,0.0051093,0.0194,0.014657,0.035654,0.02018,0.017273,0.0040098,7.8849e-06,8.0376e-10
4,0.2072,0.25488,0.1623,0.24267,0.043989,0.036934,0.012904,0.005289,6.4295e-06,0.0071525,0.012421,0.0077269,0.0065371,0.0057562,1.4276e-06,9.2933e-10
4,0.0663,0.063536,0.24886,0.31869,0.16957,0.30697,0.26526,0.10028,0.01758,0.0096515,0.020451,0.0042744,0.0056171,0.014642,0.00694,1.5648e-06
4,0.0074816,0.013174,0.0095251,0.018981,0.0087277,0.040367,0.041087,0.024735,0.011056,0.035042,0.014094,0.02114,0.032011,0.029471,0.0097287,1.1662e-05,5.2522e-06
4,0.48311,0.1469,0.29819,0.1726,0.35473,0.1469,0.042834,0.043572,0.025978,0.020212,0.092509,0.11112,0.074745,0.036087,0.011216,0.0040678,0.0027181,3.2275e-07
4,0.29106,0.15656,0.31611,0.10599,0.025428,0.068148,0.030164,0.018187,0.013439,0.0053841,0.0075503,5.2282e-06,8.0966e-08,5.0469e-08,2.028e-07,2.2397e-11,1.7294e-11
4,0.22085,0.0062492,0.054054,0.10602,0.039377,0.012208,0.012584,0.046115,0.040166,0.066403,0.11344,0.016465,0.0062461,0.0042937,0.0042606,2.6175e-06,1.5316e-06,6.2108e-08
4,0.29279,0.097262,0.12915,0.059764,0.0085219,0.017229,0.049874,0.04453,0.01987,0.007757,0.0038299,0.0036415,1.582e-06,0.0028041,8.8804e-09
4,0.036892,0.041587,0.080288,0.054976,0.08204,0.04613,0.049288,0.040764,0.030792,0.056565,0.023896,0.02594,0.025872,0.0077759,7.1495e-06,4.7552e-08
4,0.34816,0.10945,0.16716,0.11212,0.016838,0.0050039,0.0044987,0.0055169,0.0030158,0.013186,0.034414,0.049818,0.0052554,0.0051922,7.604e-06,1.3635e-08
4,0.0040388,0.0029838,0.0067921,0.0054657,0.0025732,0.005207,0.0069578,0.0056254,0.0084053,0.016605,0.020337,0.025949,0.013585,0.012698,8.2778e-06,0.0033946,1.5306e-05,1.5103e-05,0.0046786,0.0034384,1.2107e-07
4,0.077853,0.028236,0.025157,0.015024,0.029679,0.031387,0.041968,0.046588,0.11788,0.1102,0.008357,0.0034157,0.0045943,1.2593e-06,9.8906e-06,4.3497e-07
4,0.040171,0.01396,0.033473,0.02161,0.011365,0.062114,0.041168,0.048808,0.11682,0.20347,0.21801,0.21984,0.1379,0.073974,0.042828,0.0062703,0.0063007,0.0027241,1.3585e-05,1.927e-06,8.9532e-07
4,0.015085,0.0065242,1.3395e-05,0.009483,0.0071494,0.0085561,0.023171,0.031883,0.019835,0.030785,0.0064924,0.0029488,0.0045157,0.0085668,0.006363,9.0112e-06,8.3472e-09
4,0.38145,0.070351,0.12455,0.097995,0.25741,0.28587,0.053015,0.2224,0.28168,0.13275,0.077576,0.046185,0.12268,0.060095,0.1511,0.22743,0.18695,0.12534,0.084899,1.2705e-07,3.1018e-08,4.4146e-08,1.8067e-08,6.1549e-06,0.003337,0.011144,0.088301,0.12718,0.1318,0.19023,0.078656,0.021449,2.8466e-07,1.6365e-09
4,0.13004,0.18859,0.23664,0.20797,0.20676,0.15504,0.048812,0.11281,0.31188,0.33236,0.32995,0.32289,0.46246,0.093732,0.079471,0.038672,0.043794,0.027202,0.0047498,2.3066e-06,0.0027455,0.0055963,0.018689,0.071665,0.080154,0.02139,0.021517,0.02104,0.019995,0.026347,0.046139,6.1468e-06,1.1965e-08
4,0.036315,0.060115,0.047009,0.121,0.074992,0.072323,0.023534,0.042536,0.094771,0.15694,0.23659,0.18051,0.32245,0.11071,0.10098,0.17778,0.18549,0.33395,0.025369,0.0053577,1.7847e-05,0.0038962,0.0031729,0.03302,0.019849,0.015256,0.013206,0.011256,0.0036919,0.0028001,1.6243e-05,5.8628e-07
4,0.13139,0.17329,0.37043,0.13663,0.11376,0.037947,0.13249,0.35768,0.31101,0.32627,0.2342,0.10045,0.02908,0.11993,0.30262,0.33937,0.33072,0.030384,0.040151,0.034374,0.028832,0.02479,0.13502,0.054373,0.0098613,0.013262,0.011052,0.0059039,0.0039146,0.0039783,5.9129e-07,1.3099e-07
4,0.18513,0.18552,0.32108,0.20628,0.046887,0.028243,0.024162,0.10017,0.11162,0.074051,0.17095,0.16283,0.16362,0.18049,0.13948,0.071292,0.14933,0.0038243,0.0045048,0.010724,0.0053816,0.0057038,0.061274,0.056845,0.052971,0.069589,0.035456,0.018875,0.016027,0.0063956,1.9681e-07,2.0799e-07
4,0.54018,0.12957,0.24052,0.61173,0.56895,0.40233,0.22348,0.06173,0.10453,0.083042,0.1689,0.17214,0.11048,0.12378,0.088824,0.064637,0.025423,0.0047616,1.0921e-05,1.4261e-05,5.3256e-08
4,0.53122,0.46085,0.58169,0.24756,0.22046,0.070202,0.015385,0.026889,0.021131,0.01084,0.0099741,0.0077388,0.0049283,0.0036941,1.3591e-05,5.6947e-06,2.1136e-07,9.4604e-07,4.3163e-08
4,0.049054,0.030821,0.10829,0.0613,0.030997,0.034996,0.011758,0.012062,0.021482,0.012323,0.010234,0.0083509,0.0086941,0.0031515,7.0026e-06,1.1154e-06,2.9219e-06,1.8066e-06
4,0.20795,0.022557,0.03096,0.0479,0.10658,0.24175,0.49173,0.55666,0.72855,0.7321,0.10763,0.13502,0.063487,0.073813,0.096122,0.20614,0.04546,0.037572,0.015171,0.010869,0.0054942,0.0039442,0.0085208,1.2543e-08
4,0.34782,0.044832,0.043821,0.010974,0.050055,0.18758,0.14352,0.24654,0.44301,0.13015,0.01054,0.023763,0.021732,0.053524,0.066864,0.042867,0.11906,0.02681,0.0096462,0.0085756,0.0032397,0.003172,0.003944,6.0045e-08
4,0.16047,0.02995,0.032757,0.12741,0.10747,0.064767,0.065287,0.13571,0.2324,0.057205,0.011254,0.0073117,0.0096575,0.03884,0.082103,0.12984,0.082958,0.11581,0.034812,0.0068115,1.3722e-06,1.7539e-07,2.3728e-10
4,0.10721,0.033899,0.0062498,0.0081798,0.012238,0.025138,0.3498,0.23209,0.11629,0.04946,0.012979,0.0074286,0.0028798,1.7268e-05,8.2396e-06,5.46e-06,7.0801e-06,9.6637e-07,1.4943e-06,5.459e-06,1.2151e-05,1.3067e-06,1.3647e-06,4.4448e-06,6.4644e-08
4,0.0044976,5.9414e-06,0.0055091,0.039586,0.039158,0.10864,0.018092,0.036304,0.099803,0.237,0.17476,0.17767,0.089012,0.11365,0.018701,0.015204,0.010627,0.017481,0.017404,0.022657,0.028763,0.025547,1.5425e-05,1.6748e-05,5.9727e-06,1.8421e-06,1.0679e-05,2.6269e-06,8.89e-07,1.5466e-08
4,0.0027604,0.0033753,0.0031083,0.00267,0.021049,0.055277,0.16973,0.16632,0.20587,0.30102,0.034973,0.0058744,0.0091709,0.0026835,0.0046351,0.0027362,0.0036054,0.0073208,0.0030465,0.0040536,7.6891e-06,2.5692e-06,3.4736e-06,2.6353e-06,1.8456e-05,1.4305e-06,2.8634e-07,5.2686e-11
4,0.17669,0.043769,0.046555,0.096878,0.15889,0.055221,0.035209,0.031002,0.021238,0.012737,0.0081657,0.0062314,0.021115,0.025408,0.11592,0.1583,0.11595,0.081851,0.060488,0.10251,0.017604,0.01971,0.014944,0.0090878,2.2775e-06,1.3984e-06,6.9359e-07
4,0.08116,0.041786,0.030773,0.12125,0.12599,0.11747,0.039392,0.10735,0.14755,0.26341,0.29298,0.4059,0.36336,0.31664,0.35457,0.23065,0.21184,0.2781,0.16832,0.35248,0.2614,0.17772,0.17927,0.052921,0.026838,0.010922,0.011302,1.1348e-06,1.1944e-06,9.6558e-09
4,0.15598,0.12891,0.06064,0.10418,0.1111,0.12072,0.058528,0.055318,0.15914,0.090414,0.12698,0.071714,0.095853,0.037859,0.24604,0.095182,0.07916,0.067442,0.076787,0.054703,0.088409,0.044423,0.073718,0.038854,0.032956,0.021484,0.011713,0.0064138,6.7739e-06,4.2501e-06,5.4276e-08
4,0.34169,0.19834,0.097974,0.082621,0.073063,0.0045854,0.0044897,0.0038182,0.0049658,0.0040578,1.1121e-05,5.6178e-06,0.013941,0.026778,0.113,0.15683,0.077096,0.19047,0.065705,0.042345,0.015955,0.003232,9.467e-06,0.00434,0.0043945,2.9292e-06,6.8333e-06,1.9414e-06
4,0.051106,0.0050471,0.0057676,0.013539,0.046938,0.014218,0.06689,0.043284,0.08645,0.091055,0.19581,0.072369,0.025301,8.9593e-06,0.0044442,0.0052527,0.0035715,0.0040879,0.012943,0.0048973,0.0025811,1.7047e-05,7.5566e-06,4.3221e-06,0.0076178,0.0039705,0.0036255,0.0049932,0.0039532,0.0025421,1.79e-05,1.8837e-05,0.007215,0.0055125,5.7274e-06,9.5965e-07
4,0.025837,1.7752e-06,9.0097e-06,0.063292,0.032349,2.7552e-06,0.016515,0.0062344,0.084765,0.073126,0.20298,0.2301,0.16914,0.074785,0.018173,0.0083056,0.010624,0.024281,0.053173,0.086632,0.026397,0.0034369,0.011224,0.039214,0.11078,0.087865,0.25267,0.19657,0.038127,0.011958,0.0080121,0.012253,0.017223,0.0068097,0.0046392,0.0049265,6.684e-06
4,0.19127,0.0085134,0.0027265,0.063876,0.081084,0.25198,0.59247,0.5265,0.62104,0.34073,0.33183,0.27932,0.20233,0.16361,0.057427,0.043162,0.067465,0.14468,0.041757,0.026256,0.010362,0.003579,0.013351,0.012592,0.040647,0.069493,0.087433,0.052552,0.05868,0.027609,0.021362,0.027854,0.023817,0.023697,0.018371,0.0053433,0.0025239,5.3661e-10
4,0.017033,0.0058338,0.0050774,0.056781,0.056244,0.081707,0.09959,0.18482,0.33032,0.11159,0.10655,0.023007,0.01581,0.0050043,2.4423e-06,6.9378e-06,0.014532,0.022932,0.018534,0.02246,0.024245,0.0083231,7.1028e-06,7.9802e-06,0.0031112,0.01994,0.0081717,0.016005,0.011211,0.0051539,0.0069607,0.0042633,1.3092e-05,4.2812e-06,4.77e-07,2.0949e-07,2.0701e-09
4,0.021622,0.021233,0.028765,0.047102,0.094142,0.027096,0.019528,0.0086262,0.013453,0.0042457,0.0057136,0.0055328,0.013215,0.0095699,0.0036039,3.4184e-06,0.0037736,0.009522,0.0043248,0.003447,0.0037307,1.4634e-05,1.1912e-06,4.4435e-07,3.6086e-10
4,0.13502,0.076285,0.093167,0.052317,0.21517,0.06268,0.047612,0.13409,0.18219,0.026895,0.10219,0.067959,0.025719,0.017334,0.050564,0.0045556,0.009841,0.020637,0.049777,0.065644,0.037996,0.078971,0.033297,0.015319,0.0076072,5.2186e-06,1.1409e-07
4,0.16566,0.012586,0.077646,0.096162,0.13512,0.11754,0.10912,0.045433,0.16518,0.18887,0.025797,0.22153,0.28083,0.1397,0.179,0.31585,0.056596,0.20764,0.27553,0.20264,0.16812,0.16195,0.10649,0.044788,0.035518,0.011972,0.0071903,0.0048026,5.3632e-08
4,0.3964,0.26568,0.25266,0.048304,0.092752,0.019494,0.092546,0.11733,0.071863,0.042953,0.026109,0.015306,0.01447,0.018395,0.019169,0.0046664,0.0041656,1.4161e-05,1.9041e-05,0.0072032,0.002913,0.0046574,0.005035,0.0052456,3.8461e-06,9.2901e-07
4,0.090195,0.048027,0.1731,0.080381,0.068805,0.15165,0.15259,0.067216,0.093984,0.017449,0.054623,0.065778,0.052971,0.047224,1.1172e-06,0.0027492,4.9919e-06,1.1744e-05,1.0527e-05,1.6194e-05,2.4164e-06,2.9734e-07,7.5096e-07
4,0.040168,0.023108,0.02998,0.027964,0.040561,0.10845,0.23666,0.37056,0.47235,0.75297,0.69409,0.62955,0.34297,0.030803,2.0601e-06,1.9132e-05,8.9682e-07,0.0029441,0.0045517,4.3587e-06,1.0203e-06,1.1482e-05,1.239e-09
4,0.1337,0.19026,0.10359,0.10686,0.10779,0.10442,0.092582,0.16653,0.15149,0.11587,0.1691,0.21996,0.16302,0.15197,0.063989,1.9114e-05,0.0040175,0.0041238,0.0054197,0.0031568,0.0056701,0.0032154,4.2306e-06,2.8033e-08
4,0.011003,0.045996,0.03612,0.1107,0.14607,0.13937,0.042481,0.040882,0.029266,0.040171,0.047788,0.025122,0.028716,7.3406e-07,5.4955e-06,7.5356e-06,6.4021e-06,0.0026926,0.0040723,1.7235e-05,9.9842e-06,2.0491e-06
4,0.069973,0.080353,0.040984,0.092964,0.17542,0.24364,0.15709,0.16956,0.055434,0.023464,0.018804,0.020517,0.021731,0.0086551,0.0068014,5.3158e-07,6.4266e-08,1.0341e-06,0.0063583,0.0034886,0.0048264,0.0046682,0.0066109,2.4938e-07
5,0.017764,0.049089,0.25116,0.17475,0.18771,0.089369,0.07548,0.019583,0.01353,0.0039995,9.4082e-06,0.007892,0.022366,0.028068,0.067808,0.14109,0.053706,0.023438,7.6765e-08
5,0.0088731,0.0031515,0.0026845,0.0046543,0.13083,0.16479,0.13278,0.011745,0.0098041,0.019489,0.022158,0.068066,0.079373,0.055379,0.0038563,2.4742e-06,0.0070102,0.0063095,0.008734,0.022406,0.0062657,0.004784,0.0031758,3.769e-08
5,0.025333,0.0034612,0.082031,0.20436,0.14423,0.0947,0.045544,0.074959,0.04588,0.029036,0.084091,0.22698,0.33687,0.21147,0.1884,0.0482,0.12332,0.024749,0.0093133
5,0.0046649,0.0031395,3.6285e-06,0.0027312,0.011583,0.015967,0.1542,0.30514,0.10732,0.010935,0.050591,0.032623,0.29486,0.33837,0.39347,0.14722,0.069619,0.028732,0.0085052,0.0064592,0.003206,0.0032092,0.0060812,0.012398,0.010349,0.02501,0.015125,0.017825,0.026125,0.03725,0.0051985,0.0075886,3.6978e-06
5,0.0082568,7.8786e-08,0.0025802,0.0068614,0.015055,0.16255,0.43273,0.21949,0.054219,0.041664,0.025513,0.027281,0.032027,0.074099,0.17208,0.12585,0.055333,0.0076134,0.0025246,1.7068e-05,0.0026607,1.9144e-08
5,0.0043621,1.0542e-08,1.7963e-05,0.0089062,0.086534,0.15035,0.2751,0.10241,0.0071466,0.005248,0.045828,0.042051,0.055067,0.057286,0.15974,0.14229,0.22292,0.31866,0.14672,0.065395,0.072718,0.13298,0.039942,0.10746,0.23923,0.20083,0.11453,0.056864,0.037808,0.0026779,0.0092006,0.0087149,0.010957,0.0083499,0.0066736,0.0075645,0.011173,0.011144,0.012383,0.0092276,0.0047171,2.9393e-07
5,0.036101,0.037212,0.069418,0.053689,0.13956,0.098741,0.17862,0.36093,0.25189,0.37926,0.13759,0.11406,0.061949,0.057591,0.08625,0.10944,0.050751,0.01922,0.044997,0.013205,0.012613,0.0077622,0.013197,1.1618e-05
5,0.027627,0.0092239,1.8551e-05,9.7679e-06,8.0681e-06,0.0042452,0.020079,0.050748,0.17874,0.16249,0.083993,0.025853,0.02605,0.21265,0.28056,0.30646,0.47939,0.036218,0.0027636,1.0707e-05,0.023983,0.058194,0.069638,0.053235,0.016181,0.005005,0.011186,0.0054959,6.8536e-06,1.7152e-06,7.1327e-07
5,0.011442,0.003089,3.395e-08,0.0036684,0.0031488,1.1291e-06,0.013015,0.018694,0.036867,0.65465,0.5473,0.5757,0.66077,0.57452,0.3959,0.029152,0.012309,0.035136,0.016193,0.036411,0.017789,0.070308,0.032668,0.003668,1.0137e-05,0.007561,0.0052054,0.008688,0.0072157,0.0076256,7.339e-08
5,1.5496e-06,0.011316,0.008192,0.0093945,0.048338,0.14312,0.040126,0.0084313,1.0901e-05,1.3365e-06,0.002761,1.7675e-05,0.010478,0.036593,0.022282,0.025398,0.059089,0.017751,0.0068404,0.011543,0.030932,0.018477,0.078857,0.086909,0.16098,0.19416,0.065716,0.0087413,0.0057848,0.025492,0.0071402,0.0035371,0.0031702,0.003037,0.010309,0.011213,0.045601,0.11141,0.033233,8.3606e-06,0.003289,0.04388,0.018299,0.058622,0.054961,0.098426,0.024009,0.017547,0.1264,0.22746,0.12029,0.33798,0.25337,0.1638,0.058659,4.1513e-07
5,0.015819,0.003082,0.0041409,0.0075749,0.0074545,0.019834,0.010334,0.0056334,0.020106,0.072257,0.11834,0.18916,0.14879,0.0027606,0.005289,0.010161,0.012842,0.011326,0.036524,0.035218,0.011272,0.002784,0.016914,0.0037441,4.8537e-06,1.6941e-05,0.0034573,3.1534e-07,9.7598e-07,0.010478,0.011236,0.095962,0.52633,0.63967,0.35939,0.40798,0.25704,0.065183,0.051617,0.019758,0.018249,0.0083996,0.0030682,5.0491e-06,5.7798e-06,7.3832e-10
5,0.38566,0.038727,0.1486,0.13915,0.45289,0.054816,0.019897,0.034418,0.030553,0.028984,0.016412,0.029533,0.037061,0.026925,0.049336,0.0055648,0.0027756,0.016151,0.027517,0.074604,0.033615,0.13159,0.088338,0.040528,0.018494,0.014846,2.6769e-06
5,0.23044,0.42395,0.28364,0.27844,0.28723,0.14488,0.17199,0.10133,0.099791,0.07397,0.14782,0.13248,0.029637,0.025134,0.01802,0.025887,0.076793,0.051785,0.1066,0.27948,0.24256,0.30648,0.0050992,3.1086e-06,1.329e-06,1.3336e-05,5.5373e-07,2.0142e-06,1.5181e-07,4.7697e-07,8.294e-09,1.6447e-10
5,0.12654,0.081154,0.32617,0.65107,0.27896,0.11096,0.045507,0.066096,0.083673,0.099795,0.47903,0.5,0.18414,0.09885,0.19086,0.19988,0.74293,0.82897,0.85809,0.069451,0.0097307,0.0049543,1.4222e-05,0.01487,0.0052902,0.0098807,0.019013,1.4972e-05,1.772e-07
6,0.017667,0.064777,0.14101,0.10545,0.076531,0.077138,0.003773,7.6372e-06,2.7538e-06,1.8777e-06,2.0233e-06,5.1126e-06,0.0030639,0.0052673,1.1946e-06,1.0441e-08
6,0.019534,0.010052,0.028737,0.23816,0.41664,0.45098,0.5399,0.34969,0.17788,0.11531,0.022306,0.03714,0.074919,0.11286,0.039957,0.035454,0.062718,0.03019,7.3054e-06
6,0.019505,0.016094,0.041955,0.026007,0.0067913,0.0049113,0.0037012,1.8001e-05,9.1905e-06,0.0034562,0.0027348,0.0043269,0.008107,0.013343,5.1088e-08
6,0.0051893,0.0064185,0.0062449,0.028991,0.041904,0.09892,0.071285,0.060061,0.021133,0.0069438,0.027983,0.066021,0.058767,0.41844,0.75395,0.049956,1.2122e-05
6,0.071341,0.15368,0.20443,0.3805,0.28565,0.15343,0.10568,0.087942,0.013257,0.0027375,0.0084862,0.0059223,0.011156,0.0086439,0.011179,3.0318e-07
6,0.48041,0.56433,0.73124,0.52485,0.077949,0.045488,0.045101,0.024636,0.052012,0.035819,0.053898,0.18456,0.089982,0.02449,1.3543e-05,1.9475e-06
6,0.019918,0.023882,0.070532,0.048083,0.034396,0.17378,0.047135,0.045408,0.031342,0.098642,0.014406,0.0045686,0.0027233,0.0051573,1.594e-05,2.3248e-08
6,0.048924,0.06884,0.29611,0.33,0.08508,0.12707,0.2595,0.052541,0.006672,0.0069529,0.0027555,0.0042152,0.0039402,0.0033653,1.4597e-05,1.7784e-05,1.6211e-07
6,0.14394,0.050932,0.029402,0.013716,0.032088,0.022164,0.017543,0.012038,0.010971,0.0062062,3.1026e-07,3.4769e-08,5.5388e-10
6,0.14452,0.094719,0.071242,0.048619,0.036248,0.01276,0.0079866,3.5876e-06,1.0884e-05,0.0045454,0.0056578,0.007851,0.006623,0.0087353,2.6049e-08
6,0.085198,0.016085,0.021327,0.15827,0.27915,0.21695,0.33351,0.25671,0.14178,0.06558,0.069973,0.020829,0.00603,0.0032371,8.4972e-06,5.751e-08
6,0.017222,0.011713,0.003452,0.019261,0.13133,0.071195,0.043041,0.036002,0.011848,0.041195,0.038743,0.033778,0.0112,0.012937,0.0099581,9.0846e-08
6,0.38845,0.35921,0.060653,0.081196,0.088567,0.056613,0.029612,0.016157,0.020098,0.052757,0.047843,0.037617,0.090359,0.071817,0.0046882
6,0.439,0.53345,0.55855,0.39198,0.40856,0.24777,0.31435,0.22001,0.26872,0.066004,0.36224,0.41192,0.64225,0.59686,0.31088,0.2056,0.070565,0.013143,0.013398,0.052584,0.066186,0.024734,0.068433,0.015258,0.018401,0.019399,0.031511,0.034129,0.019973,0.01675,0.0077445
6,0.049182,0.13157,0.24234,0.59755,0.62501,0.7532,0.55556,0.40985,0.37123,0.15184,0.19402,0.47434,0.65251,0.88422,0.81096,0.049897,0.040069,0.26398,0.12677,0.22646,0.14102,0.16102,0.04558,0.045338,1.8874e-05,6.7835e-08
6,0.023071,0.0091104,0.063989,0.085391,0.019286,0.019649,0.0075492,0.011667,0.020939,0.068649,0.088321,0.080988,0.17278,0.18638,0.34462,0.19146,0.0379,2.8974e-07,5.0062e-06,3.6316e-06,0.0066612,0.0085819,0.034861,0.042733,0.023155,0.0096467,0.0091219,7.4997e-06
6,0.11789,0.062061,0.063223,0.070202,0.06391,0.030498,0.040248,0.067174,0.044606,0.020082,0.0039406,3.0076e-06,0.010706,0.045974,0.07121,0.062978,0.052025,0.11805,0.12376,0.15155,0.24865,0.052624,0.019398,0.17198,0.21459,0.24474,0.12109,0.096757,0.020175,0.021927,0.0029793,1.5235e-05,2.7683e-08
6,0.33998,0.18462,0.13005,0.1512,0.11891,0.07587,0.085156,0.080139,0.10133,0.0423,0.11583,0.2797,0.18808,0.10945,0.20472,0.46228,0.13411,0.26353,0.099965,0.051582,0.084259,0.14784,0.075473,0.12541,0.041731,0.010205,0.0080846,0.0031256,0.0036913,4.7558e-09
6,0.042081,0.039976,0.004947,0.009946,0.033551,0.039537,0.0041177,0.0093168,6.9077e-06,1.7485e-07,0.0026095,0.025484,0.01714,0.01721,0.0051624,0.0080419
6,0.2389,0.13609,0.12602,0.28345,0.17122,0.14725,0.11028,0.21513,0.20015,0.06115,0.25246,0.16981,0.10652,0.23011,0.36392,0.22598,0.045914,0.0056657,1.5733e-05
6,0.028119,0.03144,0.27707,0.30104,0.33115,0.35773,0.65507,0.35809,0.35014,0.29447,0.17281,0.025659,0.0036269,1.7416e-07,4.4007e-10
6,0.17354,0.18132,0.19118,0.26728,0.12617,0.09783,0.064505,0.053223,0.014881,0.013657,0.038827,0.010323,0.0030989,6.6373e-06,0.0026515,5.3303e-07
6,0.35069,0.31656,0.43167,0.36683,0.30085,0.27588,0.20246,0.35937,0.30749,0.29153,0.39792,0.45739,0.17825,0.38005,0.32425,0.45746,0.63806,0.41914,0.48829,0.34764,0.039702,0.063634,0.065641,0.04947,0.016159,0.010757,0.0033252
6,0.0045426,0.0034173,0.0044328,0.01395,0.48294,0.6619,0.84203,0.85802,0.34531,0.14527,0.018732,0.0074454,0.0088219,0.012343,0.0082007,0.088449,0.031428,0.040932,0.064727,0.082449,0.015106
6,0.078617,0.062939,0.14683,0.1058,0.33621,0.42564,0.26314,0.52264,0.15202,0.010377,0.0098315,0.016307,0.015443,0.01938,0.021691,0.014665,0.0039545,7.2569e-06,2.7011e-06,1.8704e-06,2.1845e-09
6,0.073935,0.015792,0.0083677,0.039749,0.033873,0.56224,0.82112,0.51207,0.58192,0.52393,0.011389,0.0055608,0.0069272,0.0091561,0.021973,0.050366,0.053405,0.041857,0.02446,0.033987,0.0048417,0.010781,3.4897e-09
6,0.0762,0.064973,0.046523,0.19401,0.19747,0.10888,0.037547,0.10778,0.059152,0.1246,0.19737,0.21949,0.03758,0.01099,0.12418,0.29917,0.14782,0.26215,0.18525,0.057154,0.052835,0.016869,0.0025467,1.0238e-05,8.6638e-06,0.0095063,0.049253,0.024207,0.0063267,0.0046518,8.8739e-07
6,0.025906,0.035524,0.027333,0.035557,0.32752,0.032213,0.3365,0.22006,0.20388,0.097338,0.10628,0.04746,0.28377,0.28698,0.080391,0.17624,0.041588,0.032612,0.022925,0.051874,0.049052,0.018024,0.0046357,0.067406,2.3709e-07
6,0.096683,0.078691,0.076152,0.18079,0.20706,0.077266,0.082445,0.073436,0.076813,0.020196,0.16677,0.063772,0.41086,0.24155,0.12386,0.38042,0.0090898,0.073469,0.034732,0.015713,0.050039,0.025375,0.010049,0.0028757,1.4561e-06
6,0.0037842,8.3749e-06,9.0617e-07,0.0038836,0.016674,0.044672,0.076774,0.13842,0.041075,0.089655,0.032341,0.035734,0.023978,0.046411,0.11796,0.1429,0.22681,0.05783,0.017696,0.0048176,0.0094601,4.7431e-07,5.6326e-07
6,0.063508,0.015907,0.0278,0.04375,0.052958,0.018086,0.080285,0.082516,0.066033,0.084882,0.060681,0.027301,0.16982,0.33226,0.18795,0.26648,0.13367,0.011796,0.0048144,0.037521,0.057804,0.060375,0.3055,0.16513,0.18244,0.18274,0.13819,0.1313,0.11588,0.18404,0.052247,0.0084268,4.6289e-06
6,0.086857,0.14592,0.26131,0.43085,0.29417,0.22454,0.17758,0.12448,0.26243,0.16095,0.25966,0.097225,0.16443,0.17473,0.16368,0.059362,0.1856,0.30751,0.20084,0.13558,0.1039,0.095628,0.055521,0.14834,0.16061,0.11826,0.092869,0.22416,0.2102,0.078933,0.053149,0.0048913
6,0.004465,0.020659,0.0063387,0.014878,0.012256,0.070686,0.017809,0.010292,0.0030701,6.823e-06,7.7101e-07,0.012617,6.5249e-06,9.5459e-07,1.2406e-05,2.611e-06,0.0026671,0.011187,0.10176,0.17493,0.079555,0.014519,0.013744,3.3266e-06,0.0089255,3.6247e-06,1.2574e-07
6,0.047526,0.13532,0.21927,0.25617,0.24463,0.14643,0.010122,0.036128,0.030556,0.099582,0.15163,0.27938,0.11278,0.42239,0.19964,0.41794,0.44232,0.65175,0.5127,0.38483,0.15992,0.072738,0.0036534,0.0063988,5.3923e-06
6,0.0044943,0.0037895,0.0029291,0.0033098,1.7813e-05,4.7161e-06,3.1433e-06,5.6259e-06,0.0027699,6.1643e-06,2.0214e-06,0.0026206,1.8358e-05,0.0029722,0.0043704,0.0031461,0.0038272,0.0031073,1.6549e-05,4.3778e-06
6,0.39924,0.19955,0.21259,0.36712,0.45088,0.25934,0.098969,0.052253,0.0046748,0.0034186,0.015258,0.044181,0.076148,0.09721,0.031964,0.015725,0.067377,0.16395,0.12881,0.099473,0.094326,0.088215,0.057673,0.010996,0.0059863,9.3305e-06,7.564e-06,1.609e-06
6,1.6544e-05,0.033939,0.12756,0.12685,0.26996,0.3668,0.10397,0.16331,0.13004,0.13051,0.35824,0.66785,0.58835,0.68258,0.68554,0.69821,0.60395,0.26895,0.11979,0.0032113,0.0065397,0.069625,0.054179,0.017332,0.013431,0.0061416,1.3326e-08
6,0.10521,0.24435,0.17327,0.23224,0.21094,0.1143,0.15264,0.22981,0.33197,0.15322,0.18596,0.056416,0.081426,0.145,0.21124,0.24102,0.017636,0.010216,0.10714,0.081022,0.11734,0.18223,0.1678,0.02187,1.7957e-05,6.344e-06,7.3574e-07,2.7212e-07,1.0031e-07
6,0.72408,0.5928,0.58831,0.43961,0.23629,0.1837,0.11312,0.18087,0.22101,0.43186,0.35151,0.22938,0.14076,0.039332,0.033805,0.17307,0.11637,0.043399,0.047559,0.011196,8.4396e-09
6,0.0059529,2.1277e-06,5.0274e-06,0.0061551,0.0060675,0.0065196,0.0085574,0.0028668,4.4635e-06,8.0554e-07,0.0031778,0.0065826,0.0052207,0.04102,0.16532,0.0091731,0.0086718,1.239e-05,0.0049503,1.3597e-05,1.0404e-05,0.0035562,0.0041061,1.583e-07,3.3367e-07
6,0.029008,0.0067445,0.0051209,0.0040207,0.041269,0.064385,0.047192,0.084272,0.02438,0.0037722,2.1387e-06,3.4938e-06,2.6206e-06,1.5305e-06,5.3795e-07,0.099591,0.12565,0.066484,0.14942,0.054851,0.0058129,0.016483,6.2054e-06,0.006092,0.0033902,0.0062508,0.0081567,1.1e-05,0.0030739,2.8575e-08
7,0.071225,0.034685,0.0086416,0.041136,0.033241,0.018275,0.017368,0.013177,0.0074036,4.5495e-06,9.4547e-06,1.251e-05,0.0052664,3.6036e-06,2.0688e-07,6.9779e-07,4.3401e-07,7.7883e-08,8.3973e-12
7,0.033751,0.020504,0.019404,0.016559,0.0091027,7.411e-06,6.1422e-06,5.5837e-06,5.5974e-07,7.1555e-07,7.7014e-08,1.5002e-08,4.8174e-08,1.5627e-06,2.9844e-07,8.3894e-07,3.368e-06,1.2302e-05,7.1652e-06,1.1585e-06
7,0.024607,0.037273,0.0362,0.11348,0.26318,0.30284,0.16623,0.098168,0.051854,0.028709,0.015662,1.8547e-05,0.0073547,0.023395,0.018961,0.02477,0.041855,0.075805,0.012863,1.0174e-07,6.9467e-10
7,0.22664,0.052855,0.00616,0.01994,0.010353,0.027621,0.0073086,0.0049788,7.6428e-06,0.016362,0.026364,0.0079659,0.011582,0.0069424,0.0067625,0.0029749,0.0033871,1.5238e-06,7.839e-07,1.1857e-07,5.9814e-08
7,0.12654,0.0077082,0.016582,0.08505,0.092111,0.075918,0.0037407,0.013536,0.020545,0.020433,0.0083476,0.01878,0.05599,0.050454,0.0027795,3.72e-06,1.1153e-08,8.1609e-09
7,0.3009,0.097012,0.18219,0.032457,0.012869,0.018348,0.049514,0.02354,0.058684,0.041419,0.043112,0.0077971,0.0038177,1.386e-05,3.2737e-06,1.6903e-07
7,0.061455,0.0088141,0.029536,0.019509,0.012018,0.028087,0.012853,0.0041148,1.2021e-06,1.686e-07,2.02e-06,9.0312e-06,0.0032041,2.1701e-06,4.4136e-07,1.1082e-07,1.1856e-07,2.0173e-08
7,0.084619,0.065809,0.0070889,0.0046514,5.8456e-06,1.3916e-06,4.8387e-07,2.4278e-06,1.3005e-05,0.0053368,0.026263,0.013658,0.0083795,1.2338e-05,7.1617e-07,1.2204e-08
7,0.17224,0.006323,0.019726,0.056432,0.0026702,1.4438e-06,0.0050501,0.010849,0.0078982,0.027375,0.029507,0.0208,0.038736,0.042945,0.018946,0.0090382,0.010005,0.012069,1.4974e-05,2.3813e-06,7.3707e-10
7,0.32125,0.12735,0.077781,0.040826,0.030066,0.054537,0.083091,0.062833,0.014498,0.017942,0.015121,0.0083611,0.012544,0.0096329,0.0097795,0.008906,0.0025942,4.0203e-07,2.0499e-07,4.538e-07,6.4239e-08,6.1973e-09,2.7399e-09
7,0.029992,0.019942,0.03845,0.056516,0.012211,0.0090781,0.0060126,0.0040499,0.0040321,0.0065673,0.0080071,0.0053815,0.012148,0.0043643,0.0041861,1.4443e-05,0.0038797,5.9501e-07,4.0608e-07,1.1696e-08
7,0.29716,0.29803,0.42869,0.50908,0.21163,0.11117,0.10909,0.08397,0.13639,0.15506,0.13438,0.062476,0.1468,0.16629,0.087265,0.19573,0.099054,0.069357,0.020694,3.573e-06,1.3918e-07,0.0035677,0.0025543,0.0028724,0.0066113,0.04123,0.071176,0.074302,0.059082,0.056692,0.019238,0.02126,0.023474,0.011626,0.0074712,0.0059384,1.1065e-05,6.1964e-07,3.7049e-09
7,0.019292,3.4825e-06,0.0041863,0.035499,0.063504,0.12807,0.086879,0.035132,0.0080116,0.011196,0.0047398,0.013473,0.033716,0.04196,0.086849,0.065068,0.18181,0.044053,0.075451,0.22044,0.42124,0.18198,0.18671,0.0061754,8.2241e-06,1.0825e-05,0.018068,0.014539,0.011108,0.010263,0.037361,0.088144,0.038579,0.039035,0.055118,0.029863,0.020395,0.016944,0.011845,2.4827e-06,6.7442e-06,3.6128e-07
7,1.4762e-05,1.595e-05,0.0044003,0.010994,0.0071599,0.0040933,0.0049984,8.1489e-06,1.0093e-05,0.019173,0.064571,0.11338,0.0055011,1.7163e-06,5.1433e-08,1.6014e-06,0.0035028,0.0025824,0.003165,0.003132,3.0718e-06,3.965e-06,9.7956e-06,0.0070073,0.01231,0.014323,2.6664e-08,5.722e-08,3.2958e-08,1.9717e-06,1.2368e-06,1.8759e-05,0.0032902,0.0027667,1.7268e-05,0.0027131,0.0038117,1.5617e-05,0.002978,7.1402e-07,1.3893e-07
7,0.023139,0.0049054,0.006016,0.0087554,0.004622,0.003269,6.0517e-06,0.0040329,0.0025676,0.0067489,0.0067041,0.016249,0.026051,0.012942,0.012989,0.013272,0.0072325,0.0083869,6.4852e-06,8.3624e-07,8.5213e-06,0.0029647,5.6238e-06,0.0095682,0.0038344,0.0027246,3.3751e-06,8.4044e-06,5.7034e-06,4.7497e-06,3.2506e-06,1.8304e-05,5.9909e-06,2.378e-07
7,0.28456,0.24209,0.35611,0.11401,0.037178,0.026024,0.015926,0.024881,0.029601,0.038353,0.032421,0.027378,0.050934,0.027668,0.027104,0.045787,0.032482,0.06662,0.099076,0.0033748,0.012105,0.0075247,0.0049663,0.0093142,0.05906,0.068789,0.084819,0.089308,0.029069,0.023534,0.020789,0.0077238,0.0047066
7,0.020676,0.011152,0.033752,0.013427,0.01394,0.0078021,1.7032e-05,4.0681e-08,4.5044e-06,1.6964e-05,2.9418e-06,6.1553e-07,1.2636e-06,5.1381e-06,1.541e-06,5.2135e-07,1.0547e-06,1.0298e-05,1.5844e-06,7.172e-08,2.1521e-07,4.452e-07,1.1756e-07,6.5398e-07
7,0.35404,0.043812,0.082569,0.31542,0.14613,0.11837,0.1571,0.026009,1.6676e-05,0.027911,0.05079,0.037115,0.030524,0.028721,0.019774,0.011179,0.0038109,0.0027892,0.010992,0.0025541,0.0087942,1.783e-05,0.0029097,1.7588e-05,5.7041e-06,5.8766e-10
7,0.42797,0.19497,0.036542,0.023195,0.014334,0.0039213,0.0060522,0.012849,0.0032186,0.0030406,0.0037495,0.003311,0.0052518,0.0051724,0.0054801,0.0028945,8.8766e-07,4.3334e-06,0.0025494,5.5798e-08
7,0.6484,0.47443,0.66374,0.30026,0.41978,0.51616,0.11936,0.038741,0.14533,0.16538,0.087534,0.12831,0.13553,0.027043,0.021649,0.045613,0.10461,0.0089134,8.1612e-06,9.0174e-07,2.94e-06,1.5295e-06,6.333e-06,4.1857e-07
7,0.68982,0.5,0.65815,0.37859,0.49026,0.074666,0.043881,0.0039412,0.0033691,5.9314e-06,7.0437e-07,1.0144e-06,1.0022e-06,1.1926e-06,1.5689e-06,1.4382e-06,3.0005e-06,1.9966e-06,3.8166e-07,1.0097e-06,2.5501e-06,1.3168e-06,9.5535e-09
7,0.17875,0.058831,0.02361,0.020751,0.023733,0.009291,0.0034107,1.6855e-05,6.6759e-06,0.0062689,0.0044822,0.0090252,0.061197,0.10019,0.096659,0.035584,0.059583,0.0036021
7,0.26152,0.090858,0.089582,0.011232,0.009633,0.0089935,0.014063,0.10928,0.11257,0.01589,0.0061249,0.026377,0.029063,8.4901e-06,3.0433e-06,1.1725e-05,0.0075862,0.0057272,0.0089937,0.0094968,0.0090003,0.011807,0.0087325,0.0060351,1.1176e-05,3.9186e-06,1.934e-06,8.8608e-07,3.8241e-07
7,0.13585,0.052464,0.05303,0.039263,0.0071415,9.2543e-06,0.0040719,0.010876,0.043502,0.14841,0.22834,0.25018,0.15902,0.3107,0.080394,0.0084264,0.0047624,0.011319,0.091264,0.011477,0.0068794,0.012902,0.0090978,1.7665e-06,7.2456e-07,9.0494e-07,9.9258e-06,0.005992,6.6313e-06,8.5658e-07,1.402e-05,6.8359e-06,2.2309e-06,5.5099e-06,7.5964e-07
7,0.091357,0.071534,0.041047,0.043645,0.037643,0.094792,0.045682,0.041861,0.0040475,0.0028921,0.0032309,0.0051086,0.010642,0.012053,0.037183,0.023952,0.017413,0.011244,0.0054084,0.0026835,9.3022e-08
7,0.044082,0.038858,0.02342,0.025483,0.0080653,0.0062929,0.0058438,0.008412,0.005108,0.0068187,0.0062309,0.0091187,0.06663,0.03875,0.0080656,0.0096065,0.0065222,0.022104,0.012375,0.007189,0.010447,0.0038716,2.0846e-06,9.9506e-07,1.495e-07,5.6607e-08,8.508e-09,7.6324e-10
7,0.34806,0.16389,0.12169,0.049614,0.10725,0.050391,0.053314,0.088846,0.11032,0.10243,0.093083,0.034455,0.0047119,0.0050492,0.0054643,0.019726,0.0026743,0.0052536,0.0031467,6.3823e-06,5.7382e-06,0.0031599,0.0056703,6.594e-06,0.0028344,2.7318e-07,4.703e-09
7,0.020185,0.0077473,0.0033849,0.0097414,0.017182,0.013172,0.020223,0.0094141,0.010702,0.0066206,0.010264,0.018998,0.0089599,0.015627,4.016e-07,1.8266e-06,1.6257e-05,1.0872e-05,2.138e-06,0.003261,7.2497e-06,0.0034343,0.0041231,1.299e-05,0.002645,4.4944e-06,5.4714e-06,5.9725e-06,6.8901e-06,2.4764e-06,9.8473e-07,2.2817e-07,3.0102e-07,3.9733e-06,8.6084e-09
7,0.087641,0.081267,0.026733,0.014691,0.014348,0.025383,0.02177,0.0090059,0.028626,0.035279,0.037151,0.047341,0.062751,0.017492,0.025898,0.030682,0.13735,0.22847,0.14593,0.074242,0.11438,0.17005,0.064051,0.03385,0.031533,0.023462,0.028601,0.042765,0.02784,0.035159,0.017022,0.01394,4.4159e-07,1.3689e-09,5.6133e-10
7,0.032388,0.027598,0.012695,0.029496,0.042203,5.1645e-06,1.2845e-05,0.01381,0.017582,0.054011,0.044061,0.011321,1.5416e-05,0.0025488,0.0061833,0.0067638,0.0039222,0.0091157,0.0066319,0.01504,0.0025534,0.0075518,0.0043499,0.0036952,0.0025785,0.0048443,1.0265e-06
7,0.27337,0.26761,0.034899,0.021648,0.029938,0.051042,0.0099418,0.0045312,0.0073696,0.0098963,0.0069102,0.0073849,0.0054008,0.0049103,1.2519e-05,9.9574e-06,1.0656e-05,0.0030316,0.0082364,0.017684,0.098712,0.043561,0.050223,0.15933,0.10086,0.052182,0.031711,0.0098312,2.5329e-06,6.2751e-06,1.2092e-06,9.1851e-07,1.0998e-06,1.3303e-06,8.0604e-08,2.3377e-07,8.2825e-07,0.0030553
7,0.056274,0.0087591,1.9955e-06,3.3211e-07,1.5018e-07,2.6412e-06,1.2659e-08,2.9122e-06,0.066701,0.038845,0.02215,0.042528,0.019458,0.022115,0.0030874,1.9154e-05,0.011512,0.0090445,0.01628,0.021338,0.014242,0.004115,6.4468e-08,2.5794e-07,7.3954e-07,0.0035707,0.011104,0.0079486,0.016145,0.006486,0.0038622,1.3201e-06,1.059e-05,0.0027629,4.0479e-06,2.9615e-06,8.9369e-06,7.7629e-07,7.2253e-08
7,0.069893,1.9626e-07,5.069e-08,0.0044517,0.024026,0.12476,0.17431,0.44255,0.17495,0.090285,0.079535,0.035176,4.8159e-07,2.8728e-08,3.472e-07,0.020915,0.025701,0.068945,0.18504,0.090988,0.0064505,0.0090794,1.2174e-05,0.070035,0.049353,0.016965,0.011496,0.0962,0.023147,0.020557,0.012654,0.010588,0.0067794,0.0042383,1.823e-05,4.4494e-06,3.109e-06,2.3673e-07,7.8818e-08,2.2358e-09
7,0.012624,2.7519e-06,2.0704e-07,1.4311e-07,1.769e-06,2.7267e-07,7.2353e-06,3.1445e-06,0.0070075,0.0033864,0.0048379,0.009285,0.0046551,1.136e-05,9.0113e-07,2.6578e-06,3.4e-06,4.9025e-06,8.4794e-06,1.3098e-05,0.0043987,2.4487e-06,2.2822e-07,7.4855e-07,8.5817e-08,6.9721e-07,8.3685e-06,1.3383e-05,0.0036888,0.0041353,0.0032542,0.0069011,0.0043821,0.0054726,0.0037485,1.6769e-05,4.5718e-06,4.6764e-06,1.5113e-06
7,0.16612,0.0079215,0.0042405,0.008308,0.026693,0.019854,0.0030356,0.0037289,1.6627e-05,0.039098,0.010724,0.03731,0.050124,0.013558,0.01553,0.023071,0.019288,1.6328e-07,3.3195e-06,0.0042446,6.34e-06,2.7881e-06,1.1218e-06,4.6144e-07,2.3388e-07,3.0068e-06,1.8072e-06,1.0407e-05,0.0027005,0.0026508,0.0035106,0.0031651,0.034785,0.0072192,0.014496,0.0035094,0.0033761,0.0041547,0.0064845,0.0035624,9.9911e-06,1.7617e-05,1.6226e-06,1.0925e-06,8.8596e-07,5.5385e-09
7,0.009287,0.0044069,0.012274,0.011401,0.0059363,0.0075008,0.0054315,0.0039235,0.0026358,0.0054764,0.0055053,0.0039252,1.2297e-05,0.0047455,0.011418,0.0086413,0.003383,0.035183,0.038831,0.027443,0.013581,0.025283,0.012186,0.0036111,0.0033285,6.8952e-07,1.4555e-06,8.7834e-07,2.3778e-06,4.0154e-07,2.5692e-06,0.010974,0.0092772,0.0054551,0.0038354,0.0028453,0.0034065,0.0041619,0.0040769,0.0034815,0.0052754,0.0038178,1.0723e-05,1.4095e-06,3.5057e-06
7,0.35253,0.01014,0.010081,0.01059,0.0089975,0.081596,0.022929,0.021155,0.028993,0.076635,0.045414,0.0045545,0.003066,0.019985,0.010478,0.012577,0.027975,0.043736,0.01352,0.0085031,0.011176,0.0052499,0.0042621,0.0032429,1.0758e-05,0.0080702,0.011177,0.0087464,0.012409,0.017969,0.0076448
7,0.054722,0.022348,0.0066457,0.10987,0.11976,0.023247,0.03529,0.078406,0.018595,0.0053803,0.015173,0.00747,0.0043641,0.020211,1.1557e-05,1.0727e-05,0.034855,0.066836,0.14755,0.14028,0.020886,0.0058683,2.3749e-06,2.2087e-07,1.325e-06,7.7211e-07
7,0.046099,0.16217,0.024588,0.028989,0.00428,0.041034,0.0073154,0.01651,0.008883,0.012363,0.015686,7.0255e-07,0.0030232,8.5452e-06,1.726e-05,0.0025667,0.0038601,1.1661e-05,7.8232e-06,0.0030363,0.0092903,0.026198,0.0038992,0.004818,0.017441,0.026607,0.012977,0.0062909,0.0035015,1.5356e-08
7,0.29268,0.082356,0.0084439,1.3891e-05,0.0030941,0.025261,0.18597,0.069976,0.05072,0.067707,0.17278,0.13309,1.7123e-05,0.043465,0.039323,0.08077,0.075437,0.12986,0.035956,0.027828,0.015855,0.0039802,2.7909e-07,7.3187e-07,2.9603e-06,4.2691e-06,0.0074664,0.011319,0.014519,0.01662,0.0059113,0.0070056,0.0047919,0.0036892,8.097e-06,1.362e-05,4.2137e-06,4.3148e-07,2.0484e-07
7,0.041684,1.1124e-06,0.0030453,0.0096039,0.0087079,0.0073687,0.014099,0.0035665,3.529e-06,0.0046735,0.018578,0.0077896,1.359e-05,9.9968e-08,4.2049e-08,1.5768e-07,1.0119e-07,7.2827e-07,4.8698e-07,8.941e-07,7.0936e-06,3.0856e-06,7.7394e-06,7.608e-06,0.0030905,0.0062234,0.0047353,0.0035024,3.3238e-06,0.0025544,3.2241e-06,1.3892e-06,2.7329e-07,5.5467e-07
7,0.078607,4.6399e-06,0.0078225,0.007445,0.016743,0.031015,0.026022,0.013225,0.038,0.065416,0.024397,4.3298e-06,0.033815,0.036782,0.053449,0.05821,0.050012,0.05957,0.048112,4.1742e-07,8.7316e-07,5.8563e-07,5.7108e-06,8.7925e-06,2.9397e-06,1.4275e-07,1.4373e-08,3.7025e-11
7,0.019423,0.016775,0.011085,0.022586,0.07667,0.12101,0.14708,0.11601,0.06579,0.02255,0.0085007,0.0031134,0.0028173,0.0046518,1.8395e-06,1.0079e-06,1.6015e-06,7.3613e-06,0.0033145,1.1825e-05,1.6357e-05,3.2011e-06,1.1042e-05,1.2379e-07
7,0.23435,0.08654,0.069495,0.051751,0.011506,0.026216,0.043456,0.033489,0.039039,0.0093355,0.0029762,0.004577,0.011818,0.011782,6.7177e-07,3.1099e-07,1.5506e-06,3.1876e-06,1.5872e-05,1.3148e-05,0.0026715,1.8226e-06,9.8347e-07
7,0.0060008,7.6113e-06,8.3282e-07,3.7874e-07,1.1532e-05,0.0059082,0.0070962,0.0029522,9.5745e-06,0.0032854,1.7323e-07,9.2127e-09,9.382e-09,5.3393e-08,1.1411e-06,5.5688e-07,0.0028102,0.0052,0.0090758,0.025034,0.015374,1.7075e-05,5.984e-06,1.605e-05,4.5886e-07,3.9666e-07,4.2505e-07,1.0984e-06,1.684e-06,1.6644e-06,8.5738e-07,1.2128e-07,8.3374e-09,2.2204e-10
7,0.20358,0.071743,0.050949,0.13225,0.14423,0.046447,0.028373,0.024198,0.02885,0.0060692,0.0091523,0.0030022,0.012114,0.027212,0.18197,0.22782,0.20291,0.11295,0.093232,0.057029,7.0877e-07,3.2768e-06,1.858e-07,1.0739e-07,8.435e-08,0.0036034,5.7074e-06,1.275e-05,1.2526e-05,7.8741e-06,5.7356e-11
