1,0.11528,0.15176,0.16665,0.1052,0.41546,0.41947,0.4096,0.54197,0.83625,0.96054,0.8037,0.69305,0.44783,0.20832,0.015044,0.013749,0.027143,0.056033,0.0038921
1,0.10253,0.16851,0.052767,0.026344,0.2528,0.38926,0.18375,0.28725,0.266,0.38133,0.13157,0.12747,0.47034,0.37691,0.058992,0.21444,0.045373,4.1864e-06,0.0072454
1,0.25196,0.079304,0.51313,0.80317,0.93431,0.90223,0.7727,0.84565,0.60694,0.65407,0.29609,0.31083,0.34177,0.19822,0.23408,0.2071,0.1244,0.0045946,0.0027286
1,8.4853e-06,1.883e-06,0.0025689,0.0062634,0.037209,0.25647,0.25774,0.59349,0.48405,0.37527,0.35208,0.21999,0.26793,0.28917,0.065913,0.043848,0.4491,0.094856,0.082834,0.25993,0.036884,0.0061867,0.0031795
1,0.71615,0.70341,0.80449,0.7564,0.81418,0.63068,0.66164,0.56073,0.64814,0.68354,0.60214,0.054818,0.031602,0.022094,0.039466,6.8553e-06
1,0.75469,0.1114,0.81166,0.97419,0.96955,0.91671,0.84585,0.52933,0.36239,0.14276,0.14545,0.070552,0.0066686,0.01112,0.12559,0.030919,0.0097684,0.0055855
1,0.63653,0.04491,0.062214,0.2468,0.50918,0.61906,0.77609,0.80425,0.5708,0.14141,0.057776,0.068801,0.071286,0.22952,0.046885,0.039081,0.017347,0.0095082,0.007304,1.3191e-05
1,0.12761,0.038259,0.22853,0.51748,0.76596,0.11349,0.57159,0.63646,0.61382,0.70248,0.56893,0.52297,0.22762,0.085163,0.045712,0.055681,7.674e-06
1,0.23055,0.14087,0.1286,0.10502,0.11189,0.9505,0.89268,0.47443,0.74169,0.34991,0.75982,0.52255,0.31084,0.03543,0.037921,0.0029969,8.2368e-06
1,0.16437,0.20569,0.18752,0.76988,0.90251,0.71747,0.4444,0.4202,0.41098,0.29922,0.046503,0.023076,0.0036973,0.0072886,0.0032574
1,0.47249,0.32681,0.80869,0.94495,0.93749,0.92889,0.90997,0.77934,0.8852,0.86527,0.73004,0.47553,0.19187,0.010951,0.013349,1.7154e-05
1,0.066686,0.038272,0.024273,0.3362,0.19595,0.43417,0.26685,0.77554,0.54477,0.59847,0.5,0.64378,0.59409,0.14532,0.04113,0.033506,0.059925,0.029415,1.8713e-05
1,0.059859,0.049416,0.051023,0.14618,0.30767,0.25316,0.78607,0.66373,0.60002,0.60479,0.62942,0.87152,0.8015,0.74556,0.43113,0.11867,0.081971,0.01984
1,0.1289,0.74394,0.5,0.4658,0.83817,0.7145,0.92092,0.90089,0.96191,0.94673,0.94573,0.97326,0.97389,0.98951,0.97814,0.9507,0.94064,0.93999,0.84863,0.75424,0.31052,0.15997,0.13242,0.11822,0.080188,0.19848,0.1432,0.30227,0.16663,0.11198,0.020747,0.028913,0.045014,0.029631,0.0061818,0.0049378
1,0.77317,0.7181,0.90739,0.935,0.88501,0.74414,0.20472,0.42248,0.55157,0.8362,0.81221,0.90061,0.69407,0.82254,0.9133,0.81697,0.71851,0.058646,0.025189,0.079244,0.12143,0.056716,0.039779,0.071587,0.056643,0.0040833,3.2197e-06,0.0037772,0.0042667,0.0068829,0.010899,0.0046225
1,0.85452,0.9392,0.85425,0.78628,0.93935,0.96845,0.91274,0.91169,0.9402,0.88295,0.84184,0.30743,0.40241,0.61885,0.79803,0.92076,0.95649,0.77485,0.91954,0.953,0.92511,0.41489,0.69276,0.038153,0.18533,0.46603,0.59757,0.62162,0.63771,0.36468,0.68407,0.75018,0.52584,0.68634,0.13079,0.12084,0.094427,0.11855,0.018328,0.005951
1,0.090398,0.33688,0.22305,0.1237,0.89784,0.78393,0.066198,0.15684,0.54617,0.47653,0.41019,0.84986,0.64128,0.62396,0.84072,0.71285,0.11624,0.029861,0.010196,0.03252,0.059066,0.89612,0.77566,0.81115,0.94688,0.87505,0.32464,0.18724,0.23593,0.0037678,0.0029721
1,0.18773,0.54049,0.07284,0.12521,0.11613,0.1057,0.084331,0.75862,0.83039,0.44236,0.58858,0.5,0.41956,0.37008,0.41745,0.51874,0.32996,0.12266,0.015221,1.1975e-05,1.1393e-06,0.0048971
1,0.31961,0.2801,0.14218,0.12064,0.056551,0.10118,0.10495,0.80313,0.61248,0.48641,0.54919,0.6264,0.66907,0.83681,0.60719,0.75518,0.87012,0.76668,0.85988,0.5601,0.22818,0.018011,0.0026974,2.4526e-06,0.0060677
1,0.83567,0.57478,0.49295,0.15183,0.5549,0.53466,0.58771,0.60408,0.71243,0.56672,0.64526,0.50626,0.40724,0.30077,0.73963,0.44426,0.12352,0.058481,0.11166,6.3864e-06
1,0.34959,0.063771,0.032872,0.053187,0.11868,0.29689,0.61548,0.39619,0.72896,0.71791,0.57542,0.54294,0.23833,0.2157,0.094293,0.23952,0.33692,0.66633,0.32552,0.26271,0.06086,0.15509,0.045499,9.5725e-06
1,0.3507,0.86062,0.8676,0.86266,0.81393,0.65101,0.31115,0.38577,0.94865,0.90862,0.89792,0.89951,0.68561,0.07298,0.023152,0.065112,0.027808,0.022343,0.017991,0.023287,0.010205,0.041806,0.004585,0.01173,0.0060347
1,0.98633,0.99497,0.9803,0.96946,0.9305,0.87434,0.8534,0.68005,0.65629,0.48847,0.58986,0.42815,0.1906,0.035673,0.19304,0.12422,0.08385,0.1671,0.062309,0.07871,0.01818,9.996e-06,0.024365,0.011062,0.020422,9.8972e-06
1,0.63666,0.11045,0.11509,0.57724,0.38637,0.68072,0.89059,0.84811,0.65739,0.65735,0.57828,0.093573,0.13596,0.24947,0.064042,0.093898,0.054973,0.0078936,0.0055795,0.01063,0.0096034,0.011768,0.012092,0.02935,0.0062145
1,0.99417,0.99219,0.96327,0.9596,0.91775,0.74847,0.85281,0.85648,0.81612,0.38386,0.047527,0.13563,0.068954,0.068819,0.11103,0.29393,0.10877,0.094729,0.068883,0.029745,0.0048374,0.0048126,8.3789e-06,0.0025596,6.2524e-06,0.0037932
1,0.82576,0.88784,0.81653,0.88276,0.57607,0.099782,0.27789,0.32136,0.62327,0.71443,0.72908,0.63128,0.13469,0.083978,0.12049,0.02624,0.45465,0.30746,0.73089,0.45237,0.54079,0.41774,0.27746,0.14739,0.35718,0.10939,0.087523,0.085941,0.029686,0.020052,0.045511,0.0030011,0.0026402
1,0.23639,0.38299,0.61601,0.61035,0.87009,0.70603,0.11711,0.46503,0.83126,0.76914,0.79713,0.21913,0.11415,0.03045,0.058419,0.093123,0.086966,0.11608,0.2737,0.2192,0.24317,0.59472,0.23405,0.30405,0.61005,0.49193,0.63421,0.16253,0.33317,0.032906,0.038268
1,0.69639,0.51587,0.71069,0.80536,0.44805,0.10692,0.28032,0.5,0.57839,0.54927,0.50751,0.42773,0.60527,0.97023,0.7666,0.72264,0.6826,0.81895,0.83754,0.98089,0.91329,0.76867,0.77561,0.14545,0.042853,0.0072126,0.011692,0.0064867
1,0.98274,0.73417,0.42379,0.542,0.24772,0.46592,0.73835,0.82736,0.75907,0.65368,0.84304,0.59075,0.43461,0.63419,0.80452,0.693,0.90321,0.58487,0.4629,0.11233,0.21049,0.67005,0.40687,0.32155,0.9765,0.60701,0.24637,0.2319,0.052564,0.0072317,0.0039162,0.0045043
1,0.33032,0.24554,0.22265,0.33328,0.04502,0.039916,0.078001,0.14393,0.7487,0.34859,0.91253,0.93455,0.94262,0.94423,0.30217,0.77616,0.88968,0.85233,0.71832,0.82778,0.5236,0.045827,0.032248,0.0099002,0.12082,0.23371,0.21538,0.19714,0.12216,0.37462,0.33308,0.13176,0.16476,0.10538,0.049842,0.082277,0.069579,0.0040165,0.0073683
1,0.32407,0.59571,0.14324,0.14307,0.25819,0.14263,0.25957,0.82956,0.93801,0.91097,0.96183,0.98008,0.42139,0.62908,0.74859,0.46413,0.48749,0.11419,0.078764,0.023526,0.026141,0.057021,0.041661,0.084883,0.036511,0.072716,0.48934,0.2478,0.18874,0.080087,0.12478,0.0099341,0.0042009
1,0.45704,0.50628,0.085666,0.2678,0.53027,0.14248,0.13873,0.12309,0.44938,0.41163,0.2625,0.73628,0.58925,0.44201,0.058284,0.14072,0.30522,0.27477,0.70156,0.46303,0.29633,0.10597,0.41266,0.66728,0.97865,0.93716,0.84047,0.45544,0.37875,0.41367,0.64882,0.70876,0.80503,0.22461,0.0050909,0.0037747,1.1818e-05
1,0.28468,0.38866,0.27793,0.24286,0.48797,0.18601,0.17673,0.22497,0.85706,0.62195,0.19408,0.78475,0.70671,0.4494,0.43388,0.79285,0.80138,0.94419,0.91984,0.89684,0.43654,0.056604,0.019575,0.017039,0.02053,0.021658,0.0063819,0.017657
1,0.17517,0.034206,0.16635,0.1135,0.11719,0.26334,0.22775,0.52675,0.39902,0.57135,0.26365,0.11675,0.040206,0.053804,0.12997,0.22403,0.32096,0.3741,0.88245,0.83841,0.91433,0.95723,0.96833,0.41229,0.028978,0.01427,0.018809,1.8607e-05,0.0046517,0.0041967,0.012331
1,0.41831,0.68335,0.43127,0.51917,0.47814,0.78378,0.95044,0.94856,0.93897,0.95711,0.9135,0.73506,0.78321,0.8116,0.90814,0.33263,0.20057,0.2371,0.12721,0.05141,0.14452,0.12458
1,0.26556,0.20666,0.2305,0.056612,0.12211,0.36186,0.55235,0.30918,0.57577,0.21951,0.091341,0.093705,0.42909,0.45712,0.6331,0.24602,0.53287,0.33827,0.0033593,0.0030465,0.0043207,0.015514,0.0086522,0.0070436,0.0026655
2,0.013938,0.017544,0.019349,0.07708,0.90064,0.73484,0.65572,0.3519,0.20511,0.14829,0.27707,0.16506,0.16343,0.31313,0.12053,0.058966,0.44984,0.0085302,0.0040648
2,0.1064,0.08793,0.091565,0.053623,0.049466,0.092815,0.47854,0.19515,0.70323,0.61872,0.37766,0.1963,0.10087,0.21297,0.014452,0.0048584
2,0.051854,0.059861,0.023549,0.065509,0.10003,0.16737,0.089199,0.64454,0.24249,0.14279,0.08827,0.04893,0.029894,0.040894,0.019551,0.00721,0.0058684,0.011929,0.0064885,5.7015e-06,1.2315e-06,1.5495e-05
2,0.039756,0.023939,0.055581,0.15008,0.077841,0.033802,0.078565,0.044741,0.065861,0.084937,0.060367,0.38009,0.24662,0.090755,0.073201,0.020078,0.005622
2,0.058999,0.035468,0.023807,0.01712,0.40566,0.11395,0.1151,0.060253,0.025494,0.019945,0.0088276,0.073401,0.047906,0.052265,0.070595,0.071802,0.01247
2,0.067645,0.11206,0.017029,0.055515,0.17503,0.2133,0.22735,0.61644,0.042359,0.040199,0.030631,0.023567,0.014516,0.40317,0.22342,0.014895,0.02442,0.021878,0.0035569,8.3941e-06
2,0.17059,0.58804,0.58891,0.38672,0.30282,0.20556,0.097214,0.046888,0.28004,0.090948,0.21476,0.21171,0.047807,0.050228,0.035631,0.018637,0.041039,0.17068,0.22623,0.13636,0.59267,0.53199,0.037491,0.0088696
2,0.0093491,0.0035283,0.016193,0.06315,0.62378,0.78335,0.82047,0.62327,0.52654,0.25829,0.32444,0.33937,0.069115,0.36862,0.35419,0.4648,0.18573,0.071595,3.4612e-06,5.8596e-06,1.1236e-06
2,0.14895,0.16764,0.47619,0.5,0.33958,0.075704,0.022753,0.024237,0.010244,7.6452e-06,0.0079544,7.6622e-06,8.0207e-07,5.9232e-06,0.0054061
2,0.23206,0.084211,0.028781,0.11543,0.099385,0.25048,0.23848,0.38697,0.56439,0.32122,0.21115,0.15116,0.096042,0.35331,0.52164,0.12177,0.10337,0.041394,0.0074227,0.012949,0.0091876,0.0028214
2,0.12923,0.1955,0.32964,0.10834,0.19502,0.16373,0.1142,0.078581,0.070394,0.018767,0.024878,0.35164,0.10817,0.033462,0.058589,0.053498,0.0035993
2,0.41615,0.77097,0.51733,0.093649,0.0065136,0.0040661,0.0028374,0.0063525,0.0031342,0.3416,0.59775,0.31926,0.018724,0.019701,1.6848e-05
2,0.10041,0.10961,0.4225,0.58755,0.20438,0.21843,0.21233,0.31809,0.14374,0.24199,0.22458,0.20753,0.29127,0.48677,0.17775,0.22536,0.057142,0.0065117,1.6198e-05
2,0.3122,0.20923,0.30978,0.021021,0.053962,0.13949,0.26101,0.32092,0.41707,0.76511,0.3215,0.19366,0.35926,0.22483,0.02794,0.020103,0.096822,0.011254,0.0099585,0.029628,0.022497,0.0025249,1.0473e-05,6.6689e-06,0.013279
2,0.53624,0.45542,0.58351,0.1767,0.069274,0.16002,0.10432,0.074776,0.021201,0.16019,0.006861,0.044315,0.0043854,0.020552,0.0034598
2,0.059185,0.074725,0.052411,0.012527,0.015591,0.084053,0.043277,0.040355,0.058998,0.22282,0.4317,0.85269,0.9127,0.47556,0.363,0.22146,0.0089173,0.016367,0.0090303
2,0.031475,0.080549,0.24395,0.1838,0.46486,0.060667,0.067797,0.097406,0.33536,0.23465,0.34931,0.37039,0.63775,0.29043,0.26612,0.33554,0.2506,0.073717,0.1853,0.57859,0.16363,0.15747,0.22576,0.057973,0.014904,0.0043579,1.432e-05,0.0056416,9.3981e-06
2,0.039009,0.032033,0.044354,0.094171,0.14727,0.16781,0.089206,0.13581,0.33104,0.34695,0.18598,0.14144,0.10048,0.025469,0.0052249,0.033708,0.017823,0.0026595
2,0.051508,0.059164,0.0067024,0.0028581,0.012432,0.085099,0.16136,0.12336,0.17187,0.29041,0.020437,0.062721,0.091453,0.30926,0.16212,0.074784,0.020742,0.0025921,2.4275e-06,0.0035451,0.0036486
2,0.047226,0.062059,0.16309,0.062359,0.26008,0.36606,0.41703,0.34003,0.22914,0.034652,0.043114,0.027579,0.0064442,0.0037792,0.034591,0.10763,0.02512,0.0050003
2,0.57466,0.74003,0.53537,0.74101,0.044277,0.036505,0.010542,0.025464,0.019752,0.028644,0.63056,0.29443,0.1753,0.078644,0.20169,0.16404,0.72774,0.62905,0.71421,0.85024,0.45938,0.032931,0.22139,0.35558,0.06764,0.038192,0.0095967
2,0.083271,0.064168,0.030637,0.10639,0.058201,0.2134,0.21005,0.1527,0.067226,0.1076,0.10652,0.024501,0.0080518,0.0049856,1.4521e-06,3.9749e-06
2,0.35997,0.2511,0.63006,0.75526,0.7329,0.46005,0.19986,0.068805,0.053554,0.36124,0.46528,0.35413,0.54876,0.18066,0.17252,0.058233,0.59857,0.32644,0.86753,0.88219,0.047038,0.019284,0.021445,0.019786,0.023556,0.21682,0.080647,0.15978,0.11098,0.0085587,0.0077279,0.0043272,0.0052734,0.0058099,0.0048159
2,0.68183,0.91512,0.53567,0.10844,0.25131,0.40898,0.066684,0.20661,0.29398,0.13278,0.15145,0.17677,0.13934,0.13267,0.19856,0.078869,0.033313,0.028422,0.026975,0.035589,0.078997,0.053677,0.070114,0.07089,0.026772,0.016565,0.05049,1.2151e-05,8.0913e-06,0.0075585
2,0.050341,0.065632,0.21564,0.11357,0.25451,0.4941,0.15998,0.27597,0.67071,0.78912,0.79976,0.69894,0.21406,0.12494,0.2299,0.10288,0.11516,0.01727,0.10639,0.12357,0.33213,0.2685,0.36038,0.14265,0.043346,0.017579,0.015239,0.041655,0.0092525,0.0079104
2,0.19875,0.5,0.85735,0.75184,0.54847,0.69759,0.82597,0.62465,0.7982,0.89148,0.60984,0.1548,0.14204,0.21157,0.13379,0.02602,0.025427,0.056066,0.038145,0.017401,0.034964,0.012379,0.011968,0.021495,0.037149,0.077198,0.031356,0.064055,0.019399,0.01112,0.0082457,0.03835,0.063716,0.018784
2,0.041269,0.061682,0.16154,0.21998,0.25455,0.19199,0.5,0.35354,0.151,0.24434,0.2663,0.30423,0.46077,0.3439,0.22331,0.18886,0.24496,0.52976,0.25604,0.1339,0.11658,0.013488,0.0085255,0.058796,0.058104,0.2026,0.21823,0.11765,0.15136,0.25198,0.02665,0.040846,0.0080539,4.8251e-06,0.0096683,0.0037839,0.0049781,0.0026895
2,0.38454,0.41733,0.33216,0.37353,0.27774,0.42805,0.14145,0.13472,0.18096,0.2847,0.1786,0.090362,0.16259,0.1031,0.0072937,0.012203,0.043155,0.061666,0.049709,0.057435,0.021497,0.022946,0.030336,0.044549,0.099959,0.38502,0.32017,0.47125,0.79347,0.41093,0.2477,0.14314,0.037864,0.0040749,0.0042205
2,0.65562,0.9229,0.73961,0.31411,0.82342,0.81202,0.36711,0.74588,0.60286,0.39717,0.12444,0.5076,0.33333,0.13848,0.059273,0.25493,0.31637,0.017501,0.0064505,0.0032759,0.0033359,0.015829,0.053199,0.055708,0.050817,0.017253,0.069788,0.017052,0.024378,0.15551,0.034481,0.0053212
2,0.13793,0.26076,0.53605,0.35506,0.44747,0.56768,0.5,0.088609,0.13787,0.09069,0.097312,0.085602,0.07843,0.067666,0.14792,0.22595,0.28021,0.089804,0.26375,0.463,0.45053,0.25714,0.22841,0.16728,0.021193,0.016902,0.028645,0.024043,0.026985,0.51417,0.3877,0.22794,0.27839,0.15272,0.047426,0.01448,0.027615,0.017948,0.021435,0.0056809,0.006168
2,0.22111,0.15687,0.35483,0.39015,0.23809,0.14203,0.067818,0.013379,0.0070924,0.013879,0.06409,0.05133,0.050139,0.27306,0.1504,0.30588,0.22377,0.37485,0.046874,6.9605e-06,0.0047387,0.0026698,4.05e-06,0.011652
2,0.62393,0.82684,0.64154,0.098669,0.16927,0.33913,0.25301,0.42128,0.86685,0.70203,0.51992,0.24398,0.084885,0.066105,0.023279,0.013308,0.011965,0.013053,0.0094823,0.0095534
2,0.081949,0.34767,0.25749,0.14077,0.096772,0.040537,0.031638,0.14612,0.06719,0.036423,0.070823,0.11865,0.05943,0.055936,0.023539,0.0091843,0.0053463,0.0075754,0.024384,0.0089254
2,0.79171,0.81685,0.75033,0.74917,0.47489,0.14927,0.047282,0.11304,0.14674,0.47354,0.87371,0.73702,0.73469,0.40462,0.25362,0.40719,0.14102,0.037065,0.026158,0.0081799,0.0032361
2,0.81419,0.95217,0.79009,0.96365,0.61857,0.41989,0.16307,0.3322,0.76594,0.26648,0.23625,0.17196,0.023514,0.022836,0.04345,0.012911,0.0080482,0.0096534,0.048681,0.030018,0.0063239,0.0037308,1.1501e-05
2,0.69211,0.5593,0.58531,0.24921,0.23686,0.62898,0.64687,0.63921,0.47178,0.81183,0.77933,0.42618,0.54795,0.7605,0.38959,0.32401,0.51433,0.34226,0.050196,0.18212,0.018766,0.003926,0.0043947
2,0.087677,0.35594,0.37656,0.32478,0.18806,0.13883,0.050308,0.013642,0.009037,0.050427,0.16888,0.17876,0.24894,0.22659,0.10073,0.044416,0.04234,0.017,0.0066519,0.0075066,0.011998,0.0094894,0.0082076,1.6536e-05
2,0.61323,0.50862,0.754,0.95117,0.9835,0.76249,0.77109,0.90114,0.53357,0.19778,0.35257,0.54235,0.38193,0.47639,0.49161,0.30262,0.17941,0.047323,0.0045971,0.0093885,0.0030651,0.038781
2,0.05113,0.056525,0.088975,0.083517,0.19109,0.2299,0.11257,0.062307,0.21777,0.52397,0.55719,0.21406,0.21719,0.10384,0.0066418,0.0071747,0.036865,0.017179,0.048405,0.036986,0.18569,0.17505,0.041254,0.016189,0.0065757,0.0079023,0.025807,0.034817,0.02576,0.0054944,0.013242,0.0033906,0.0057558
2,0.9438,0.91382,0.788,0.62163,0.24173,0.53522,0.60082,0.35555,0.1408,0.12474,0.042952,0.045366,0.020705,0.019872,0.039658,0.053793,0.0069191,0.027931,0.016079,0.0051609,0.016264,0.0097231,0.0083178
2,0.12197,0.5,0.3087,0.47763,0.38955,0.59247,0.081373,0.011929,0.0038558,0.0055633,0.0069939,0.018972,0.047055,0.1225,0.15818,0.080017,0.11986,0.014849,0.0059282,0.016269,0.014203,0.002795
2,0.88879,0.88118,0.81831,0.77498,0.87678,0.71016,0.74144,0.69284,0.46964,0.21145,0.47804,0.12599,0.21164,0.1228,0.18623,0.099532,0.20944,0.07571,0.21401,0.15579,0.24678,0.30812,0.11715,0.0044675,1.224e-05,1.1982e-05,4.9008e-06,6.4193e-06,1.2244e-05,0.0063707
2,0.93209,0.86312,0.85946,0.9065,0.97047,0.97977,0.99146,0.88996,0.82137,0.7824,0.84586,0.52196,0.067575,0.061142,0.027483,0.049382,0.024768,0.19358,0.13429,0.29057,0.20689,0.20127,0.19164,0.0076533,0.0053251,0.019438,0.05017,0.014784
2,0.13518,0.086999,0.08881,0.36408,0.25645,0.37329,0.22062,0.12546,0.068241,0.052512,0.057722,0.1221,0.067149,0.10961,0.37551,0.12177,0.056743,0.37968,0.081515,0.049735,0.01952,0.013318,0.012172,0.11362,0.38983,0.08321,0.035374,0.0035557
2,0.53564,0.5,0.446,0.4537,0.5697,0.54396,0.084542,0.22224,0.24321,0.12148,0.88233,0.69621,0.33106,0.043149,0.029969,0.010847,0.066679,0.1561,0.22687,0.32061,0.15289,0.080866,0.31948,0.51662,0.14202,0.024792,0.034428,0.04395,0.086715,0.39085,0.026364,0.054169
2,0.11794,0.27948,0.27351,0.2925,0.41298,0.23455,0.33256,0.21103,0.18072,0.10518,0.046413,0.19256,0.32472,0.83561,0.87874,0.95128,0.87111,0.6204,0.64988,0.052618,0.053175,0.04803,0.058935,0.04897,0.086681,0.038866,0.013612,0.25646,0.0062714
2,0.3198,0.54717,0.59249,0.61106,0.94586,0.99384,0.82075,0.076271,0.038434,0.032796,0.08297,0.13088,0.23865,0.45489,0.25755,0.11463,0.10671,0.46476,0.49086,0.30342,0.16955,0.57601,0.5292,0.83371,0.77126,0.73185,0.25914,0.62643,0.20855,0.067253,0.17807,0.045582,0.0060411
2,0.06713,0.10612,0.11207,0.43463,0.45953,0.24657,0.078885,0.34521,0.28124,0.68954,0.91033,0.95629,0.16985,0.39135,0.54201,0.27783,0.066108,0.069035,0.016975,0.063691,0.12491,0.15212,0.25629,0.364,0.43021,0.012437,0.022004,0.0031591
2,0.26152,0.38905,0.33017,0.46383,0.22295,0.72951,0.10455,0.21121,0.26882,0.48944,0.16311,0.081351,0.033552,0.074803,0.048265,0.046318,0.046269,0.16048,0.04079,0.070867,0.055183,0.056606,0.052375,0.02972,0.006264,1.021e-05,0.0029131,7.4379e-06
2,0.15532,0.48788,0.76613,0.71294,0.89016,0.83239,0.64657,0.1414,0.098464,0.14101,0.22076,0.13773,0.13091,0.43635,0.28594,0.15069,0.13783,0.57767,0.47438,0.6352,0.41128,0.21707,0.018797,0.033247,0.021024,0.0078631,0.0076755,0.065598,0.045015,0.089949,0.032879,0.0084127,0.032382,3.9629e-06,3.359e-06,4.8461e-06
2,0.5189,0.17268,0.24822,0.18407,0.2262,0.046936,0.020176,0.14439,0.10424,0.24798,0.40316,0.073943,0.11016,0.058654,0.023759,0.013326,0.061195,0.020299,0.053751,0.022496,0.056938,0.063371,0.051223,0.016582,0.012655,0.0092368,1.7936e-05
2,0.074758,0.065548,0.16026,0.13017,0.31592,0.19693,0.14012,0.093671,0.11903,0.18521,0.20847,0.034926,0.24408,0.3168,0.45181,0.55174,0.33104,0.036961,0.044672,0.036094,0.018685,0.021593,0.25635,0.70289,0.26128,0.02877,0.0054171
2,0.11392,0.37362,0.30551,0.44914,0.72037,0.47031,0.19129,0.12979,0.17431,0.075544,0.46546,0.069338,0.17273,0.41333,0.44671,0.21609,0.092534,0.28054,0.40114,0.28235,0.13653,0.12186,0.25178,0.1793,0.14868,0.1533,0.1288,0.10418,0.14385,0.11441,0.33215,0.11102,0.82149,0.11005,0.019465,0.0034086,0.0030314,0.01889,4.8204e-06,2.7927e-07,0.0055445
2,0.07266,0.30739,0.10493,0.064858,0.1372,0.045272,0.036988,0.31798,0.48572,0.3346,0.21619,0.27855,0.2292,0.050236,0.091972,0.084111,0.086736,0.053,0.070073,0.059519,0.071062,0.051911,0.061279,0.15399,0.1716,0.059069,0.10074,0.071789,0.067349,0.18115,0.20613,0.14385,0.081639,0.02079,0.026722,0.0028266,4.5555e-06
2,0.13625,0.33891,0.20252,0.26341,0.54679,0.4731,0.22703,0.14239,0.018064,0.0033578,0.042326,0.19662,0.21498,0.26286,0.35053,0.55829,0.46841,0.061223,0.032613,0.011272,0.1038,0.042091,0.043254,0.038336,0.148,0.34296,0.87494,0.83991,0.57052,0.24232,0.056931,0.05397,0.038274,0.024184,0.022001,0.025004,0.075686,0.20095,0.33448,0.37478,0.075291,0.0090668,0.012328,0.0031955,1.3457e-06
2,0.46333,0.57669,0.23007,0.28412,0.39229,0.23144,0.080935,0.12022,0.010956,0.011044,0.0094502,0.28229,0.40218,0.21125,0.24473,0.46505,0.12307,0.025775,0.1761,0.4145,0.10105,0.10286,0.12469,0.053166,0.040087,0.046116,0.42846,0.35223,0.54849,0.86332,0.57013,0.5933,0.87402,0.2923,0.76405,0.30597,0.11022,0.048761,0.01725,0.08036,0.2114,0.27025,0.48198,0.21487,0.14965,0.61891,0.37525,0.30408,0.339,0.21566,0.012978,0.013785
2,0.097461,0.57127,0.27791,0.15559,0.20335,0.054044,0.11896,0.029439,0.11817,0.3785,0.098766,0.16224,0.81984,0.78906,0.38584,0.036278,0.079415,0.050909,0.080445,0.69637,0.72138,0.6355,0.60254,0.39807,0.087929,0.084289,0.11181,0.53599,0.072067,0.085689,0.1113,0.0051185,1.8729e-05,0.0035033,0.0034298,0.0037408,1.1201e-05,0.0031764,0.0030793
2,0.21837,0.10338,0.284,0.14202,0.086261,0.16863,0.22728,0.080217,0.064513,0.13676,0.39957,0.21551,0.43223,0.40392,0.29477,0.11216,0.4259,0.60917,0.66586,0.79061,0.74525,0.37112,0.18693,0.13798,0.20031,0.17744,0.11144,0.052164,0.1719,0.050176,0.0219,0.035276,0.072496,0.082311,0.21223,0.13177,0.085211,0.0078501,0.011051,0.012075,0.0026752
2,0.11966,0.058961,0.20285,0.29723,0.749,0.58353,0.095458,0.22833,0.28663,0.069703,0.38027,0.5,0.39176,0.17463,0.3554,0.047705,0.1796,0.057654,0.17351,0.30305,0.13376,0.0432,0.04394,0.04553,0.03544,0.013861,0.012695,0.0030175,0.0033372
2,0.25999,0.46276,0.34905,0.70312,0.2869,0.25149,0.09978,0.061795,0.068995,0.0081608,0.14234,0.16876,0.13361,0.059726,0.026792,0.045581,0.014662,0.01292,0.012402,0.042155,0.030128,0.072023,0.079262,0.10646,0.32836,0.15348,0.13359,0.01479,0.007638,0.0088853,0.005273,0.0025817
2,0.085434,0.10186,0.20754,0.20997,0.78472,0.63178,0.57165,0.56282,0.15984,0.085801,0.032892,0.029251,0.020842,0.20382,0.21003,0.11244,0.22557,0.54525,0.15302,0.020037,0.010142,0.014227,0.0035652,0.0032162,0.0060317,0.0064796,1.4658e-05
2,0.15835,0.2041,0.04593,0.044393,0.041392,0.056563,0.068853,0.89166,0.87556,0.27667,0.59575,0.44474,0.25273,0.12133,0.065071,0.018635,0.052417,0.092301,0.054535,0.019121,0.019098,0.0092654,0.0043997,0.0045402,0.38005,0.85056,0.96218,0.97215,0.96704,0.93918,0.34321,0.017884,0.0084991,0.026097,0.0028622,0.0062051,0.015466,0.015666
2,0.34887,0.46182,0.275,0.24506,0.32767,0.30641,0.04144,0.065053,0.048292,0.18393,0.40936,0.45433,0.30041,0.27312,0.18918,0.46123,0.056453,0.053608,0.019344,0.034029,0.016134,0.019647,0.026752,0.015147,0.016925,0.017611,0.091858,0.012881,0.011458,0.0063348,4.3036e-06,0.0069387
2,0.31291,0.23801,0.65438,0.70406,0.63753,0.77998,0.38006,0.25751,0.1548,0.15781,0.15089,0.27009,0.38491,0.31835,0.36645,0.35542,0.021662,0.06552,0.08866,0.035793,0.16,0.096552,0.087829,0.049899,0.18638,0.12293,0.1311,0.26504,0.10951,0.02577,0.012934,0.0085212,0.0031869
2,0.64485,0.57656,0.51433,0.33501,0.27546,0.17269,0.087001,0.017117,0.041778,0.11101,0.19273,0.39718,0.34787,0.7304,0.82335,0.49367,0.7207,0.41966,0.065466,0.022854,0.004387,0.0060274,0.013842,0.020647,0.013069
2,0.093079,0.16342,0.097003,0.3532,0.4637,0.2786,0.12927,0.101,0.24632,0.032123,0.036622,0.05862,0.016865,0.048203,0.42828,0.33996,0.67697,0.46085,0.32373,0.10613,0.028492,0.015187,0.0036879,0.0053126,0.0038484,0.0074704,0.0097408,0.014796,0.016756,0.0068782,0.0039642,0.012799
2,0.44305,0.78956,0.33821,0.20537,0.17197,0.18059,0.068932,0.059318,0.053055,0.18032,0.049573,0.082874,0.17159,0.037408,0.043807,0.030746,0.012405,0.028026,0.011284,0.0072855,0.027017,0.0027123
2,0.64071,0.51664,0.69056,0.86317,0.2769,0.58268,0.2035,0.28077,0.3503,0.41664,0.11561,0.43521,0.52001,0.46396,0.60086,0.14682,0.14155,0.017377,0.068018,0.054816,0.010157,0.0043965,0.0048937,0.0049593,0.0049048,0.003469,0.0030352
2,0.25289,0.83717,0.9239,0.70732,0.81608,0.66268,0.018047,0.065162,0.15628,0.088937,0.13725,0.72334,0.27371,0.094545,0.24846,0.40141,0.82798,0.8893,0.20614,0.050132,0.032563,0.016682,0.0027556,1.2431e-06,0.0051807,0.007967,0.0047271,0.032868,0.010671
2,0.29299,0.41367,0.7386,0.90727,0.88263,0.92297,0.71256,0.25209,0.29297,0.14834,0.26199,0.030398,0.053443,0.031973,0.024789,0.034674,0.011907,0.0067462,0.0061627,3.7298e-06,0.0059407,0.012556,0.0047864,0.014484,0.0049524,0.0035398
2,0.68435,0.30544,0.046832,0.083266,0.044953,0.046199,0.1677,0.12205,0.14268,0.083116,0.14132,0.096069,0.05615,0.03328,0.012042,5.4314e-06,6.9405e-06,0.0098436,0.012796,1.3132e-06,9.0918e-06,0.0030643
2,0.58281,0.47843,0.54741,0.079046,0.041994,0.13459,0.077539,0.074548,0.099795,0.084213,0.089608,0.23368,0.16477,0.33836,0.10436,0.062983,0.024037,0.017329,1.7485e-05,0.0043783,0.013171,0.019391,2.7411e-06,0.0030411,0.0055639
3,0.0039708,0.017713,0.0089179,0.0028808,0.0029924,3.3709e-06,7.1957e-06,3.1022e-06,1.7673e-06,1.5956e-06,1.7529e-06,1.1907e-06,1.7384e-07,3.1449e-08,2.7604e-08,2.3386e-07,0.0029677,0.0059727
3,1.4747e-05,9.6265e-06,0.019677,0.017785,0.00514,8.266e-07,1.9416e-07,5.7494e-08,2.6568e-07,0.0032386,6.4189e-07,9.2531e-07,1.1572e-05,0.020949,0.041964,0.039994,0.029989,0.017535,0.011227,0.0034126,0.003168,0.0031693,0.014773,0.015109,0.019749,0.019034,0.0064006,5.3e-06,8.1451e-06,0.0072328,1.1369e-05
3,1.2368e-06,3.4115e-06,8.7045e-06,0.0030106,0.0027274,0.0056768,0.012664,0.010052,0.0041238,1.7103e-05,0.005114,8.9835e-06,6.7609e-06,1.0987e-05,0.0068017,0.0034073,0.0030518,0.0038889,0.0050837,0.0060921,1.1625e-05
3,0.0099553,0.0090445,7.0907e-06,7.366e-07,1.0698e-06,9.7074e-07,2.4989e-06,5.7987e-06,5.4727e-06,1.0955e-06,1.4415e-06,1.3606e-06,4.2252e-06,6.2439e-06,2.7209e-06,2.8822e-07,4.9537e-07,8.66e-07,7.3004e-06,2.963e-06,0.0028007
3,0.0028679,0.0028154,0.0044207,0.0045198,0.0079636,0.0073925,0.003271,0.0037462,0.0046923,0.0054199,0.0027139,1.8594e-06,2.3513e-06,1.0243e-06,7.8835e-07,5.9205e-06,7.6268e-06,9.3925e-06,6.3493e-06,0.0027489,1.7538e-05,1.1443e-05,0.0068478,0.040464,0.020713,0.021079,0.024381,0.023768,0.015246,0.010433,0.0085672,0.0067254,0.012535,1.2912e-06,4.0771e-07,5.5884e-07,3.161e-07,6.909e-06,0.0051359
3,0.019794,0.079891,0.089198,0.070081,0.027187,0.0067811,4.4502e-06,7.2876e-07,2.1178e-06,1.1979e-05,0.0042006,1.3508e-05,2.0172e-06,1.4747e-06,1.6949e-07,1.0996e-05,0.0032734,1.3063e-05,6.5083e-06,6.7343e-06,0.0034497,0.0034727,0.0035952,0.036739,0.0057855,1.1465e-05,0.0041817,0.0077306,0.0044914,0.0062003,0.0044973,6.9671e-06,1.1205e-05,0.0035254,1.6769e-05,0.0028228,0.0051045,8.7158e-06,1.205e-05,7.4217e-06,1.3365e-05,1.7872e-05,0.0025841,0.0086775,0.01119,3.3234e-06,1.0947e-05,6.8351e-06,5.331e-06,4.2966e-06,3.7341e-06,9.2812e-06,1.6796e-05,1.2769e-05,0.0083048,1.3341e-05,1.0278e-05
3,0.0062421,0.0069068,0.013115,0.028707,0.028968,0.031557,0.018508,5.3009e-06,3.5986e-06,5.8855e-06,0.002937,0.0061603,0.0040081,1.6646e-06,5.1974e-06,8.5423e-06,8.0977e-06,0.0065649,1.0534e-05,1.1251e-05,0.021563,1.3763e-05,6.9671e-06,0.0035085,0.0030861,6.8391e-06,4.6811e-06,2.6557e-06,0.0042387,0.0086556,0.008614,0.011434,0.0034607,1.4469e-05,8.0718e-08,5.8259e-08,2.4646e-07,1.2393e-06,4.7184e-06,0.0038707,0.014087,0.0080651,0.0064178,0.0049833,0.0035604,5.4717e-06,1.1738e-06,0.0062206,1.3413e-05,0.0038927,0.095969,0.074946,7.0474e-06,0.0050893
3,0.10738,0.067038,0.061336,0.062683,0.02261,0.016666,0.012202,0.0035717,0.0055392,0.0091222,0.0093501,1.6755e-05,6.4371e-06,0.0043575,0.0088325,0.0086734,0.010442,0.0079992,1.8353e-05,6.1166e-06,4.7238e-06,0.0061186,7.0927e-06,7.1565e-06,1.4635e-06,3.4285e-06,1.1609e-06,1.8311e-06,6.134e-07,3.7144e-06,7.8154e-06,0.0095992,0.011901,0.014929,0.01342,0.0092071,0.0041175,2.815e-06,7.9157e-06
3,0.01773,0.0097493,0.013192,0.0096438,0.0058626,0.0043618,0.003819,0.0041242,1.8945e-05,0.0055182,0.0051611,0.0039512,7.0828e-06,8.065e-06,0.0033487,0.0032697,0.0039512,0.0042512,0.0048593,0.0053449,0.0026205,2.5435e-06,3.8035e-06,0.010846,0.0045936,0.021981,0.025025,0.035629,0.064544,0.045285,0.016513,0.038328,0.020754,0.0073143
3,0.02849,0.031329,0.033761,0.0085922,1.1168e-05,0.0028616,1.5199e-05,7.4197e-06,0.0026574,0.0034441,0.0026989,1.5444e-05,1.013e-05,3.752e-06,2.3009e-06,1.1866e-05,1.4757e-05,0.0027574,1.5896e-05,2.2819e-06,5.2559e-07,7.8988e-06,6.5038e-06,0.0037967,0.0044532,3.6761e-06,4.503e-06,4.7335e-06,1.6619e-06,9.902e-06,1.3565e-05,6.3748e-06,0.024785,0.0075538,9.3883e-06
3,1.8159e-05,0.033226,0.070948,0.76361,0.87943,0.68358,0.02351,0.0046418,1.4195e-05,2.3705e-06,1.7611e-05,1.4816e-05,0.002793,0.0026381,1.2703e-05,1.6203e-06,0.0059349,0.0028104,0.0044979,0.0038002,0.0036128,0.0048505,4.8397e-06,8.6855e-06,0.0043087,0.0038917,0.0033329,0.0050225,0.0075852,0.0086665,0.0081685,0.0080121,9.1566e-07,2.7413e-06,1.5916e-06,3.8466e-06,1.2947e-05,1.6241e-05,3.3372e-06,3.3404e-06,4.6898e-06,3.4661e-06,0.0046793,9.6176e-06,0.0028521,0.0054572,0.0055055,0.0044331,1.4867e-06,1.2232e-06,4.3452e-06,2.4865e-06,1.5193e-06,2.3933e-06,3.0683e-06,2.256e-06,1.0895e-05
3,0.058658,0.039555,0.020174,0.014125,0.035742,0.052138,0.054172,0.027434,0.0050593,1.0042e-05,1.0041e-06,1.5501e-06,6.3516e-06,0.0063259,0.0042636,0.003617,0.0027337,0.0030279,0.023281,1.121e-05,3.4443e-06,2.0315e-06,5.3402e-06,0.0078975,0.010937,0.0056281,0.005106,0.0065175,0.0047476,1.7018e-05,0.0027323,7.5241e-06,1.9527e-06,5.3639e-06,9.3823e-06
3,0.061191,0.067403,0.10475,0.1235,0.14438,0.18391,0.062451,0.030395,0.021295,0.0056939,0.0048928,0.011666,0.0068217,0.0048093,0.0072384,0.00317,3.1711e-06,2.3355e-06,5.5835e-06,0.010218
3,0.026095,0.0096206,0.0067057,0.006991,1.0007e-05,4.1261e-06,3.8358e-06,9.5128e-06,5.0343e-06,4.3827e-06,4.1188e-06,2.0616e-06,0.0025393,0.0025603,8.529e-06,1.5341e-05,1.3278e-05,0.0044968,1.438e-05,3.4655e-06
3,0.0047834,0.0050859,0.025287,0.046835,0.041833,0.029267,0.028198,0.0062777,0.0030966,1.8756e-05,0.0035047,1.6953e-05,6.9705e-06,0.0025269,9.3729e-06,1.5868e-05,0.0027546,0.0055771,0.0033133,0.0080381,0.015388,0.0027742
3,0.005574,0.016352,0.020091,0.096828,0.16364,0.14587,0.17412,0.15371,0.032015,0.0035497,4.0189e-06,5.8797e-06,7.6398e-06,0.0074124,1.7959e-06,5.1239e-06,1.2317e-05,1.0255e-05,8.9922e-06,0.0025968,0.0031721,0.004037,0.0048243,0.0063954,0.10213,0.002727,0.0025235,1.8455e-05,0.0033405,5.3102e-06,0.0044687,0.0046965,0.0078109,0.0091041,0.013588,0.012316,5.935e-06,1.0631e-05,1.7882e-05,0.0051228,8.2087e-06
3,0.016694,0.017752,0.024628,0.023969,0.014582,0.0087885,0.0073876,0.0062952,0.01527,0.029083,0.034375,0.042343,0.13531,0.042615,0.010314,0.0040174,1.3339e-07,6.414e-06,0.071256,0.028193,0.032816,0.0093503,0.0098476,0.003545,0.0030834,0.0040711,0.0048305,0.0034261,1.8072e-05,1.3682e-05,1.6328e-05,0.026599,0.046657,0.032038,0.021369,0.0064143,2.2822e-08,5.0764e-07,1.1976e-05,7.7171e-06
3,0.04874,0.052405,0.0096676,0.0027687,1.7551e-05,0.0036053,0.0038924,0.014164,0.012206,0.0082837,0.010181,0.0035061,5.1319e-06,1.2996e-05,0.024257,0.0028704,0.0042775,0.0052261,0.0073596,0.0047325,8.0793e-06,2.0908e-06,1.5919e-06,1.3831e-05,0.0068412,0.015791,0.036956,0.049245,0.0074299,0.003408,3.5708e-07,5.4836e-06,5.4133e-06,0.0040854
3,0.011542,0.021293,0.018811,0.014467,0.010855,0.011703,0.0075466,0.011401,0.0042954,0.0041699,1.1908e-05,3.7923e-06,9.9977e-06,0.0049217,0.0033661,1.8754e-06,2.3297e-07,9.1789e-08,1.8913e-07,1.234e-06,3.1619e-06,1.3484e-05,4.5447e-06,4.742e-06,4.0159e-06,4.5916e-06,4.7436e-06,9.2095e-06,1.1685e-05,0.0076343,0.012272,0.0077547,0.0060761,0.0045074,0.0029854,0.0057566,0.0084668,0.0028976,7.802e-06,2.7194e-06,2.2898e-06,3.6137e-06,2.5997e-07,3.2644e-07,8.1689e-07,4.061e-07,9.7553e-08,2.8736e-07,8.5001e-06,0.0039445,3.3498e-06,0.0077628
3,0.017614,0.012749,0.012494,0.012651,0.011107,0.031079,0.013365,0.022618,0.015592,0.007251,0.019206,0.016344,0.024222,0.02961,0.029637,0.029105,0.013114,0.013543,0.011383,0.0064703,0.0038112,0.0094333,0.011465,0.0037343,0.01875,0.019268,1.5648e-05,5.1208e-06,1.1535e-05,0.003728,0.0028744,0.0025784,0.0046827,0.002734,4.7956e-06,0.010205,9.2831e-06
3,0.015551,0.065874,0.045917,0.042058,0.015699,0.0058216,4.0059e-06,2.059e-07,7.6724e-06,4.246e-06,1.0305e-06,4.1377e-06,1.1881e-05,1.5125e-05,0.0048647,0.06542,0.015762,0.047506,0.062997,0.024171,0.025156,0.0085172,0.0035908,0.0025834,0.0030507,0.0090713,0.009329,0.0031326,4.8378e-06,1.4688e-06,2.172e-06,1.2006e-06,0.0033905,0.0064442,0.0034883,0.0063176,0.0066874,0.0044171,0.0033705,1.7877e-05,1.1914e-05,5.0107e-06,4.5454e-06,0.024009,0.012961,0.013725,0.018672,0.013869,0.0061898,2.8228e-07,8.3064e-07,3.7949e-06,6.5927e-06,0.0027491,0.0027498,1.2169e-05,1.1607e-05,1.7555e-05,0.0032166,0.005917,0.12591,0.019644,0.032371,0.057582,0.056369,0.017462,0.01337,0.0043367,0.0033474,0.0025604,0.0032302,0.0027376,0.005627,0.007289,0.028284,6.1469e-06,1.2883e-06
3,0.077857,0.051595,0.074657,0.054573,0.066115,0.10444,0.020712,0.014067,0.0025817,2.8118e-06,4.6257e-06,1.3917e-05,0.003039,0.0057848,0.0079734,0.00398,0.0031414,0.0046527,0.010191,1.0632e-05,5.057e-06,0.0037244,0.0047214,0.0058823,0.0067133,0.0044587,0.0061041,0.0057787,0.011222,0.0026693,1.4164e-06,3.3732e-06,1.4311e-06,2.3633e-06,7.4407e-06,1.8323e-05
3,0.012813,0.010136,0.021362,0.018212,0.015116,0.012269,0.031467,0.0056758,0.0031915,0.0072491,0.015849,0.015871,0.011327,0.012559,0.013625,0.0055565,0.0030803,0.0031067,0.005656,0.00804,0.004413,0.02414,0.004345,0.0039708,0.0051988,0.0041787,0.0051381,0.0049525,0.0063524,0.011697,0.0070364,0.0044898,0.0048211,2.5908e-06,1.3546e-06,6.1015e-07,1.2102e-07,0.0060052,4.5849e-06,1.1007e-05,1.1353e-05
3,1.4276e-06,0.0035361,3.3136e-06,2.5129e-06,1.7103e-06,3.6979e-06,2.4009e-06,1.6336e-06,2.2954e-06,1.8779e-06,3.9009e-06,1.2044e-05,1.6676e-05,1.5792e-06,4.105e-06,8.6374e-06,8.1479e-06,3.0926e-06,4.7405e-07,3.5082e-06,2.2377e-06,9.6935e-07,2.2335e-06,1.5388e-06,3.6832e-06,3.6474e-06,0.0057081,0.0049388,0.0027855,0.0028978,0.0068524,0.050117,0.005606,0.0048976,0.0042148,0.013207,0.0098016,0.017085,0.02528,0.050977,0.085358,0.067875,0.063404,0.083138,0.0029829,0.0025746,0.0026895,6.1992e-06,0.0029766,0.012792,0.014794,0.0050721,0.0040394,3.7186e-06,3.5452e-07,6.3416e-06,6.4907e-06,0.009552,0.019163,0.0065318
3,0.0040053,8.3667e-06,1.2869e-05,0.0030033,1.0069e-05,0.0026111,0.0069135,0.021069,0.081648,0.076944,0.031686,0.0059666,1.4367e-06,4.6447e-06,5.8337e-06,4.9244e-06,2.1423e-06,3.2786e-06,1.5986e-06,9.3259e-07,3.4996e-06,1.1282e-05,5.1634e-06,7.6396e-06,2.016e-06,2.7757e-06,2.1189e-06,1.4493e-06,9.1226e-07,2.0552e-06,1.2116e-05,4.8642e-06,6.1998e-06,0.004848,1.5274e-05,0.0037739,0.0033618,0.0050302
3,0.0093411,4.2929e-06,0.0075493,0.0070557,5.5301e-07,4.5786e-08,7.4868e-08,1.5177e-07,8.0415e-07,5.8383e-07,2.6897e-06,3.2124e-06,0.0040593,0.0034635,1.2912e-05,1.5888e-05,0.002766,6.2299e-06,9.2756e-06,0.0042441,0.0086854,1.3362e-05,1.9006e-05,4.047e-06,1.012e-05,1.3946e-05,7.612e-06,7.6908e-06,1.3066e-05,5.8853e-06,4.5692e-06,8.6913e-06,4.9242e-06,7.1564e-06,7.3806e-06,9.3126e-06,5.4281e-06,0.0029126,0.0056969,0.007824,0.013119,0.015937,0.0093732,0.0083223,6.0503e-06,0.0064652,0.0038749,0.003978,0.0073969,0.032779,0.010915,0.0074735,3.6436e-06
3,0.0108,0.0067078,0.0052975,0.002851,0.0043423,1.4e-05,1.371e-05,9.2482e-06,1.9231e-06,1.6481e-06,1.2895e-06,1.7901e-05,1.893e-06,4.67e-06,0.0027097,0.0029845,0.0076729,0.012901,0.022328,0.0089002,0.0047496,0.0046873,3.1089e-06,1.9507e-06,1.3771e-06,1.6231e-06,0.0086844,0.0027462,0.004638,0.0036688,0.0052588,0.004114,0.0043691,0.0054798,0.0083706,0.010892,0.005432,3.9601e-06,3.1688e-06,3.3043e-06,1.3441e-05,1.365e-05,1.5455e-06,9.9525e-07,6.728e-07,2.6931e-06,0.0559,0.004274,0.0048988,0.0098096,0.0070118,0.0081623,0.0087187,0.005979,0.0060211,0.018624,1.4661e-05,0.0044136,0.004114,0.0052554,0.0043134,4.8798e-06,3.7162e-06,1.1428e-05,4.3256e-06,0.0025923,0.084984,0.005024,0.0055527,0.047423,0.0096281,0.0064539,0.0061128,1.4567e-06,7.6197e-07,9.3379e-07,5.7424e-07,0.0042308,9.1036e-06,0.0025351,3.1316e-06,1.5322e-05,1.7934e-06,5.7577e-07,3.8822e-06,6.0793e-06,0.042579,0.032453,0.051667,0.0032352
3,0.0027645,2.5708e-06,3.4119e-06,4.6245e-06,8.5939e-06,0.0084947,0.0049206,3.3353e-06,0.0037132,0.0025776,7.9434e-06,0.0026794,0.0059529,1.4147e-05,0.0026925,1.0727e-05,5.5671e-06,5.1065e-06,9.4623e-06,7.8999e-06,0.010317,0.017713,0.011854,0.011784,0.011928,0.0047417,0.0032674,7.5453e-06,6.8606e-06,1.1211e-06,2.4069e-07,2.2073e-07,6.5756e-07,0.0026366,0.0097711,0.0038122,0.0027812,0.0043805,5.4398e-06,3.8775e-06,2.3693e-06,5.9822e-06,0.0029908,6.0667e-06,7.51e-06,1.604e-05,9.8692e-06,2.4137e-06,1.993e-06,1.1071e-05,4.4696e-06,5.1822e-06,2.3986e-06,1.362e-05,1.4311e-05,0.0045146,0.0057742,0.0032094,0.0044281
3,0.16159,0.14248,0.12632,0.01764,0.019143,3.7529e-06,1.5081e-06,2.4399e-06,1.8767e-05,0.0034389,0.0085252,0.0083711,0.011637,0.011048,0.005138,0.0049532,0.0032956,0.0040437,0.0070113,0.0047733,0.003969,6.0951e-06,7.9041e-06,0.0059444,0.031298,1.5977e-05,1.0325e-05,1.1046e-05,0.0045785,0.0072375,0.0067612,0.0053361,0.0036359,0.0039277,0.006276,0.0086886,0.01588,0.023341,0.0042727,7.4433e-06,9.5521e-06,0.0027084,0.0060623,4.7674e-06,0.00374,1.3215e-05,3.1288e-06,0.0050273,0.0047173,2.2021e-06,1.202e-05,0.0039944,1.876e-06,2.2742e-06,4.8191e-07,4.4842e-07,1.5485e-05,0.0085181,0.010316,0.0063535,0.0072723,0.0049235,0.0027618,4.064e-06,8.7982e-06,0.0030355,0.0028712,1.4138e-05
3,0.033229,0.036152,0.024939,0.040073,0.025383,0.031888,0.06912,0.010184,0.0039187,0.011407,0.019713,0.019863,0.0044162,1.2268e-06,1.5072e-06,3.8762e-06,0.0042774,0.0030909,0.003432,0.0034548,0.0031602,1.4076e-05,1.2584e-06,1.1251e-06,7.2462e-06,9.8193e-06,2.3024e-06,2.7715e-06,5.7409e-06,5.0862e-06,6.3021e-06,4.9809e-07,2.7109e-08,5.8149e-08,3.5434e-07,7.0448e-07,4.7141e-06,0.0041488,0.0032572,0.0043658
3,2.2552e-06,0.0033352,1.6447e-05,0.0056379,0.0028615,0.017861,0.0072875,0.0074169,0.022957,0.0031999,0.0037721,9.9819e-06,6.2201e-06,1.7463e-06,8.7349e-07,4.7067e-06,0.0030243,0.002997,7.9981e-06,7.8118e-06,1.5347e-05,0.0045246,1.4768e-05,7.8695e-06,6.4341e-06,8.6952e-06,3.0079e-06,0.010771,7.2274e-06,1.053e-05,0.0034281,0.0048916,0.004076,0.0026534,0.0026635,0.0029287,0.0041447,0.0030468,0.0030518,0.0027776,9.2213e-06,0.0025868,4.714e-06,5.4453e-06,5.901e-07,1.3255e-06,3.903e-06,0.0093454,0.0029161
3,0.0083191,2.4672e-06,0.0025497,0.0048307,0.0026141,9.2035e-06,1.3277e-05,1.6535e-06,2.7059e-06,7.2706e-06,0.0030539,0.0032242,1.6034e-05,1.749e-05,0.0037658,0.0032546,1.1352e-05,2.8531e-07,2.8719e-06,0.0084794,0.0090264,0.068227,0.027121,0.01489,0.015828,0.011871,0.0087161,0.0094887,0.019071,0.0082729,0.0053151,0.0070498,0.0027311,0.008466,0.0076825,0.0039417,0.0090719,0.01994,0.0095048,1.0402e-05,1.4772e-05,1.9548e-07,2.7778e-07,1.335e-06,2.1481e-06,1.3956e-05,4.6438e-06,4.0344e-06,0.019742,0.0094598,0.030233,0.014428,0.017641,0.0085434
3,0.047719,0.0036908,0.0087693,0.0056859,0.0043992,0.0046605,0.0033933,7.9633e-06,5.15e-07,6.7008e-07,1.0991e-05,1.874e-05,0.0027551,6.4443e-06,0.0041689,0.0028895,0.01822,7.0584e-06,6.0734e-06,0.0027966,0.0030922,0.0037885,0.0045108,0.0056451,0.0026439,0.0028065,0.014853,0.028026,0.017824,0.0065879,1.8793e-05,3.9721e-06,1.2624e-06,0.003663,0.011569,0.010764,0.0054916,0.026687,0.025662,2.0973e-06,9.9023e-07,9.9435e-07,5.1239e-07,4.5452e-06,0.0032065,0.0080881,4.7405e-06
3,1.2569e-06,0.0039537,2.1003e-06,6.0902e-07,6.9123e-07,6.5152e-07,2.2761e-06,4.939e-06,5.7821e-06,0.0035212,0.012581,0.0099894,0.010277,0.011909,0.0058581,9.002e-06,1.4798e-06,7.4318e-06,0.0059447,0.0028915,9.7966e-06,0.0099647,3.4512e-06,5.5937e-06,0.0029908,0.0030851,0.004121,0.003941,0.022464,0.022879,0.020855,7.6268e-06,1.254e-06,7.594e-07,3.1564e-06,3.0713e-06,4.3941e-06,0.0093918,0.0053504
4,0.28125,0.14459,0.43886,0.073587,0.030069,0.11831,0.10013,0.038395,0.021224,0.018473,0.013028,0.01723,0.011631,0.065461,0.044081,0.016388,0.0073706,3.8408e-06
4,0.13604,0.18094,0.030878,0.066622,0.031475,0.010595,0.012356,0.01102,0.0078527,0.0027802,0.0046001,0.016557,0.017122,0.012421,0.018907,0.030581,7.6071e-06
4,0.0053886,0.0044811,7.7293e-06,0.016069,0.011669,0.0083013,0.0072153,0.0064689,0.074289,0.046107,0.043227,0.049611,0.012488,0.0025736,0.0061965,0.0027512,0.0074194,1.6889e-05
4,0.16961,0.061919,0.069804,0.095294,0.083741,0.086473,0.11509,0.034457,0.015063,0.0059061,0.018683,0.0048234,0.044601,0.026981,0.037575,0.01103,0.012551,8.9136e-06
4,0.051818,0.023723,0.14409,0.095844,0.038305,0.19344,0.32614,0.1154,0.052737,0.024275,0.03904,0.0070724,0.010228,0.042979,0.015484,0.0031138
4,0.019208,0.018599,0.0083155,9.9202e-06,8.6805e-06,0.028118,0.076755,0.049585,0.033744,0.093501,0.01774,0.027536,0.031643,0.032637,0.015078,1.5055e-05,0.01106
4,0.5,0.16029,0.28202,0.18788,0.37754,0.18341,0.071746,0.11596,0.030007,0.02596,0.11374,0.044624,0.015884,0.0081168,1.7375e-05,7.2213e-06,0.0038974,0.004333
4,0.22357,0.10692,0.20063,0.053246,0.010166,0.020435,0.011328,0.007338,1.4997e-05,8.7846e-07,0.0063169,0.0071201,0.0049888,0.0084481,0.015105,0.025834,0.026007
4,0.14753,0.039659,0.061423,0.15972,0.090114,0.051337,0.042452,0.067106,0.035017,0.04903,0.044007,8.0437e-06,7.8588e-07,2.8292e-06,1.0163e-05,8.7741e-06,0.004181,0.013369
4,0.17483,0.08588,0.096185,0.072544,0.0085104,0.0065031,0.012163,0.012879,0.003479,1.325e-05,1.1255e-05,9.7448e-06,1.5137e-06,0.0080543,0.0066188
4,0.081844,0.03696,0.10532,0.070548,0.14153,0.093694,0.091486,0.05566,0.013622,0.014104,0.0061104,0.0042575,0.0094754,0.013836,0.0049086,0.013978
4,0.0094522,0.013805,0.0067619,0.020614,0.048397,0.0086547,0.013179,0.0095885,0.013346,0.031155,0.054616,0.08476,0.039562,1.7213e-06,1.0706e-06,8.8958e-07,1.7221e-05,9.2943e-06
4,0.0025788,8.8389e-06,0.0038142,0.0031295,7.2967e-06,0.0032772,0.0044027,0.0041105,0.005315,0.0073915,0.0081534,0.014383,0.0093499,0.011125,7.3774e-06,1.1947e-05,8.5937e-06,2.46e-06,0.0053292,0.0077538,0.0037281
4,0.073409,0.044319,0.042836,0.018633,0.020033,0.012949,0.022225,0.024372,0.15883,0.21689,0.011172,9.8127e-06,0.0053226,5.3463e-07,0.0057551,0.0064272
4,0.076693,0.045357,0.11085,0.069097,0.053463,0.1122,0.040463,0.048123,0.14169,0.15598,0.16884,0.16574,0.16237,0.046781,0.01854,7.9996e-06,1.3271e-05,3.6019e-06,1.4112e-05,0.0063724,0.0085618
4,0.021487,0.011388,0.0038354,0.0088053,0.002967,0.0037394,0.014465,0.015294,0.01532,0.019346,1.4319e-05,3.2216e-06,1.5149e-05,0.0033849,0.0083464,0.0026216,4.3191e-06
4,0.7313,0.081032,0.1532,0.095185,0.38299,0.2852,0.035958,0.1647,0.13159,0.10914,0.083575,0.055979,0.062897,0.040603,0.12145,0.25535,0.18281,0.084296,0.046347,0.013924,0.010739,0.0040903,0.0091764,2.0091e-06,5.4646e-06,1.3905e-05,0.051288,0.10442,0.17144,0.28765,0.1876,0.06199,1.0749e-06,6.5428e-06
4,0.66523,0.74773,0.81492,0.68401,0.4242,0.16767,0.026047,0.049563,0.27817,0.29594,0.25392,0.27436,0.69684,0.083992,0.045124,0.02445,0.026274,0.014052,0.0059687,0.0043015,0.0065912,0.0049826,0.013917,0.024837,0.048961,0.014831,0.012951,0.015588,0.021214,0.036738,0.16712,0.0047441,3.4216e-06
4,0.24301,0.30201,0.35171,0.24473,0.059916,0.018801,0.051561,0.27292,0.22989,0.14109,0.068061,0.15952,0.017125,0.022332,0.025586,0.013051,0.045052,0.0066421,1.9075e-06,0.0026372,0.0043712,0.0040673,6.1951e-06,0.0031703,0.0031852,0.004435,1.4725e-05,0.003583,0.0034417,0.0092111,0.0028657
4,0.16492,0.3216,0.64926,0.32226,0.20359,0.028633,0.043367,0.11985,0.10105,0.12,0.080193,0.041793,0.013085,0.2343,0.52759,0.61932,0.4371,0.033643,0.0029384,0.01355,0.014502,0.010016,0.034948,0.02217,0.0039716,0.0045624,0.0050315,0.0033423,9.9332e-06,0.0082777,9.0218e-06,1.4689e-05
4,0.73833,0.61301,0.77823,0.62053,0.12485,0.013686,0.0047093,0.030891,0.070396,0.030015,0.1759,0.20846,0.3322,0.392,0.48779,0.18079,0.29985,0.0074767,0.0038501,0.0085389,0.0050859,0.0068604,0.024219,0.032247,0.029409,0.036592,0.012761,0.0074851,0.0098113,0.02441,9.698e-06,1.6795e-05
4,0.29457,0.15042,0.23259,0.68875,0.49179,0.29423,0.20031,0.032683,0.10302,0.086634,0.16377,0.18906,0.156,0.15682,0.083733,0.038984,0.013902,5.4133e-06,8.4944e-07,0.0036854,1.3453e-06
4,0.036399,0.042576,0.097876,0.14533,0.21971,0.029826,0.0097936,0.015845,0.012685,0.0048194,0.019816,0.019637,0.058624,0.043868,0.018274,0.0035372,4.0441e-06,0.0051598,0.0049417
4,0.036959,0.068465,0.10879,0.087902,0.055551,0.036551,0.0065381,0.0052219,0.026602,0.020914,0.029299,0.031187,0.030713,0.011397,0.0038541,3.2923e-06,2.5749e-06,0.0087468
4,0.12743,0.071212,0.11306,0.083585,0.16249,0.30657,0.16778,0.26936,0.51621,0.55256,0.16571,0.080213,0.024511,0.018357,0.023466,0.18845,0.12814,0.061951,0.0082028,5.1968e-06,2.7407e-06,3.7911e-06,0.0082352,6.8095e-06
4,0.17377,0.10173,0.056498,0.072992,0.021053,0.023878,0.054123,0.043562,0.045997,0.06058,0.030879,0.0079601,0.003234,0.0029164,0.0028878,1.4729e-05,0.0055877,0.0056364,0.0085138,0.005223,0.0035314,1.2428e-06,3.357e-06,1.3358e-05,1.4138e-05
4,0.51749,0.085632,0.045541,0.01072,0.035072,0.045879,0.045645,0.05675,0.17028,0.049618,0.0086334,0.014953,0.012344,0.015389,0.02987,0.011085,0.044604,0.010908,0.005644,1.7073e-05,8.588e-06,0.0027854,0.0079712,4.0451e-06
4,0.11768,0.088521,0.11143,0.11496,0.10277,0.042683,0.022632,0.038945,0.089972,0.019882,0.02567,0.023569,0.0069699,0.017646,0.017577,0.033746,0.020294,0.0176,0.0088553,1.9768e-06,1.8536e-06,5.3771e-06,1.1473e-05
4,0.025494,0.0068918,0.019083,0.075398,0.071531,0.15083,0.017344,0.0098974,0.074293,0.23683,0.28637,0.26816,0.21353,0.33786,0.0097781,0.011141,0.0074165,0.0040136,9.5953e-06,0.0041611,0.0060913,0.0067584,2.7549e-06,6.3096e-06,2.3657e-06,1.1444e-06,7.936e-06,9.2745e-06,0.0027884,4.2596e-06
4,0.03528,0.02047,0.011069,0.014277,0.0079709,0.013354,1.074e-05,9.0885e-06,0.019599,0.15866,0.074843,0.12241,0.018857,0.022869,0.024559,0.032949,0.0082007,0.048573,0.0069597,0.010821,0.0041305,0.0037246,6.9028e-06,8.6102e-06,6.92e-06,3.5493e-07,1.8108e-05
4,0.0026958,0.0048631,0.016923,0.018278,0.057796,0.07865,0.070465,0.07878,0.12438,0.27675,0.029902,0.0075386,0.0069604,5.7928e-06,0.00275,4.9315e-06,5.5401e-06,0.0028059,0.004029,0.0043459,1.8219e-06,1.0986e-06,9.2685e-07,6.1862e-07,2.4325e-06,1.1921e-06,1.9916e-06,6.0973e-06
4,0.45741,0.20848,0.23343,0.3061,0.34934,0.062525,0.0086023,0.015025,0.0187,0.0081343,0.0056953,0.0058471,0.010553,0.015045,0.082111,0.094421,0.038868,0.023434,0.047168,0.053207,0.0089279,0.013067,0.0055502,0.004239,2.7591e-06,0.0028775,1.3988e-05
4,0.56882,0.28487,0.217,0.53946,0.31633,0.20534,0.022399,0.092245,0.052908,0.21711,0.33468,0.70769,0.53709,0.59766,0.48111,0.16631,0.14243,0.20147,0.0966,0.1102,0.2377,0.19422,0.1101,0.030891,0.01032,0.0037638,0.0038041,1.7428e-07,2.9085e-06,4.9749e-06
4,0.39337,0.43045,0.21905,0.25942,0.18324,0.36277,0.1563,0.10594,0.39785,0.33319,0.42242,0.162,0.32064,0.080036,0.2352,0.052261,0.0375,0.030447,0.065993,0.038509,0.053972,0.027037,0.05096,0.012462,0.016185,0.0096261,0.0031332,0.0037485,1.7804e-05,0.0035376,1.4628e-05
4,0.06241,0.041977,0.028714,0.030146,0.014022,3.5447e-06,0.00884,1.5629e-05,0.031912,0.042219,0.20679,0.31224,0.30258,0.11485,0.053486,0.012564,0.00629,0.01864,0.066074,0.073742,0.024208,0.010485,0.010749,0.058673,0.32674,0.29194,0.42551,0.43848,0.16594,0.020127,0.021044,0.029001,0.043969,0.016282,0.0077053,0.011619,0.0119
4,0.19047,0.10365,0.041852,0.036513,0.025296,0.060469,0.31256,0.38287,0.48123,0.19602,0.21634,0.20977,0.18866,0.16833,0.05751,0.056991,0.042941,0.147,0.086899,0.049527,0.024175,0.010346,0.018524,0.023795,0.1394,0.25469,0.24458,0.19286,0.09687,0.044486,0.034915,0.061804,0.057123,0.03078,0.022794,0.0042899,0.0038673,6.3214e-06
4,0.019876,0.023289,0.010104,0.0046788,1.5113e-05,3.4861e-06,3.7906e-06,0.0026799,0.0050623,0.0087732,0.024108,0.035775,0.025724,0.057131,0.007027,0.019506,0.022138,0.017225,0.034085,0.32466,0.018256,0.036195,0.022922,0.031822,0.017899,0.046226,0.0059477,0.022349,0.029447,0.017918,0.0093174,0.0060162,0.0030982,0.0030999,6.0038e-06,0.0028077,7.7048e-06,1.8576e-05,9.5291e-06
4,0.034843,0.016491,0.010069,0.036828,0.062282,0.043573,0.04037,0.054579,0.20506,0.059312,0.10287,0.021571,0.044397,0.012368,0.0066578,0.0084423,0.034216,0.023056,0.024117,0.028659,0.025584,0.0079028,4.4407e-06,6.2967e-06,0.0034354,0.032727,0.0067899,0.062589,0.037742,0.0059626,0.0059971,0.0040142,3.4867e-06,3.5775e-06,1.499e-06,2.0397e-06,9.0928e-06
4,0.034304,0.060284,0.15579,0.13785,0.32504,0.13902,0.098285,0.041055,0.015798,0.0052441,0.0083139,0.0092957,0.032681,0.027084,0.014434,1.2934e-05,0.0032535,0.0057112,1.243e-06,5.3288e-07,3.8197e-07,3.2959e-07,1.9862e-06,0.0033849,3.522e-06
4,0.1763,0.035338,0.082452,0.06486,0.11425,0.056987,0.05051,0.015099,0.057945,0.12622,0.014785,0.14569,0.15832,0.096676,0.24074,0.65299,0.24495,0.49458,0.5332,0.25322,0.16608,0.082951,0.038991,0.018016,0.011991,0.0034534,1.6737e-05,0.0058822,1.1138e-05
4,0.32019,0.19862,0.17639,0.033882,0.11005,0.0054174,0.091426,0.063995,0.054457,0.016223,0.0089181,0.0052691,0.0071917,0.0082895,0.018937,0.0044955,0.0059513,9.3037e-06,2.8687e-06,9.0906e-06,2.477e-06,0.0025776,1.8915e-05,0.0049607,1.1912e-05,1.5021e-05
4,0.0042568,0.0040803,0.0056102,0.0056964,0.015891,0.0030413,0.0028078,0.002688,1.1062e-05,7.2619e-06,5.0949e-06,3.4431e-06,6.7427e-06,9.0664e-06,0.0031843,0.0078993,0.005167,0.0040321,0.0042217,0.027095,0.0060615,1.0739e-05,7.8114e-06,5.0901e-06,6.1485e-07,2.7643e-06,1.4392e-05
4,0.028092,0.010205,0.02533,0.056078,0.077971,0.19505,0.099701,0.042238,0.04971,0.031631,0.040366,0.073181,0.067707,0.061605,0.020398,0.0057137,8.036e-06,2.9895e-07,1.0926e-06,3.214e-06,2.4556e-06,1.0648e-05,0.0071947
4,0.011718,0.0049875,0.011808,0.01685,0.10061,0.35918,0.57046,0.37995,0.57534,0.64078,0.51634,0.6293,0.32493,0.026572,0.01682,1.7966e-05,1.1293e-07,5.674e-06,1.6824e-05,3.0759e-06,2.5881e-06,0.01067,1.5875e-05
4,0.044658,0.093742,0.036724,0.040628,0.12844,0.23061,0.26496,0.56996,0.36721,0.12682,0.086183,0.097033,0.070426,0.056801,0.010011,0.0033628,1.567e-06,2.2802e-06,3.6861e-06,2.6532e-06,1.7281e-05,0.0025532,0.003099,3.6356e-06
4,0.005677,0.054638,0.039742,0.30067,0.44707,0.42601,0.14229,0.11092,0.025908,0.034093,0.033732,0.030857,0.030855,0.0074688,2.3863e-06,1.576e-06,4.4048e-07,1.5599e-06,1.1157e-05,0.0033941,0.0035434,0.010469
4,6.6728e-06,3.2418e-06,8.5328e-06,0.0094731,0.04,0.079741,0.059754,0.12548,0.039374,0.050417,0.014802,0.10669,0.071077,0.021259,0.0069491,0.0037065,3.391e-06,1.2328e-06,3.4898e-06,0.0025881,5.2442e-06,0.0032489,0.0058122
5,0.15106,0.038873,0.11827,0.41514,0.45626,0.5993,0.15404,0.084044,0.071991,0.14514,0.33557,0.17348,0.26693,0.17168,0.03504,0.025901,0.030124,0.030421,0.031504,0.010623,0.0051805,0.034773,1.4239e-05,1.444e-05,6.0167e-06,2.9896e-06,9.3545e-06
5,0.0025914,0.032213,0.068503,0.02276,0.021236,0.043945,0.095361,0.23426,0.17042,0.28267,0.31721,0.55868,0.25897,0.1725,0.28234,0.11062,0.043203,0.33013,0.32011,0.11229,0.11257,0.19806,0.037372,1.4505e-05,0.013156
5,0.41003,0.25563,0.63183,0.37412,0.23601,0.045788,0.61543,0.13013,0.16944,0.41986,0.40323,0.12532,0.10733,0.46189,0.078787,0.002608
5,0.058475,0.037662,0.064145,0.11015,0.18934,0.083993,0.033107,0.044119,0.043319,0.012037,0.051713,0.060148,0.11719,0.028257,0.034813,0.0084381,0.035079,0.026208,0.033451
5,0.010265,0.014364,1.112e-05,1.6131e-05,0.011047,0.017838,0.074221,0.11769,0.092682,0.039155,0.07511,0.06311,0.62148,0.75627,0.77443,0.22305,0.062877,0.015913,0.0056133,0.0033214,0.0030148,0.0029578,0.0093307,0.011048,0.0047249,0.0049122,1.8564e-05,0.003501,0.030077,0.077959,0.0083888,0.012012,0.0044139
5,1.6938e-05,0.0059274,0.030253,1.6589e-05,0.027451,0.092964,0.42213,0.62806,0.5485,0.20988,0.555,0.43283,0.22874,0.43284,0.42203,0.12289,0.045474,0.027496,0.091841,0.029355,0.030831,0.056378,0.019603,0.0097944,0.050633,0.048407,0.030034,0.084262,0.028237,0.036135,0.021625,0.023022,0.012286,0.0098939,0.012418,0.016728,0.017886,0.0094722,0.0059055,0.0081482,0.0085684,0.018457,0.021212,0.039416,0.022088,0.0093664,0.0053572,0.01809,0.009743,0.0050173,3.2889e-06,3.5511e-06
5,0.15401,0.030305,0.022827,0.031714,0.0082341,0.032768,0.012858,0.0065588,0.021542,0.076551,0.015568,0.0086935,0.0046235,0.018642,0.041246,0.030318,0.014378,0.013116,0.043302,0.43631,0.15155,0.24542,0.013881,0.0079812,0.010793,0.0070763,0.015062,0.024,0.0045267,3.6864e-06,1.1784e-06,6.3922e-07,5.4934e-06,0.0044333
5,0.010097,0.0085606,0.054022,0.061813,0.13033,0.14114,0.11705,0.18406,0.12138,0.10419,0.049,0.036512,0.013724,0.38214,0.16226,0.55661,0.68616,0.39645,0.090428,0.11765,0.43123,0.45559,0.2446,0.31123,0.43638,0.4605,0.5,0.49182,0.069996,0.074904,0.0097384,8.8862e-06,0.014694,0.014462,0.0061203,0.0067775,0.058229,0.0056735
5,0.058289,0.037065,0.094538,0.052084,0.14815,0.080171,0.27108,0.49012,0.46939,0.44724,0.20252,0.11267,0.034692,0.046472,0.023002,0.022706,0.015032,0.016288,0.0092072,0.0027646,0.0054192,8.1247e-06,0.014972,0.019067
5,0.026459,0.010992,0.0031783,1.0711e-05,5.3704e-07,1.0928e-05,0.0095932,0.027561,0.13885,0.15943,0.048429,0.013166,0.011351,0.08056,0.054474,0.074528,0.19262,0.077207,0.01813,0.012328,0.027028,0.029938,0.063678,0.090442,0.018072,9.7605e-06,8.109e-06,0.0035295,9.4153e-06,0.0032067,0.0027659
5,3.4347e-06,0.015721,0.023755,0.024921,0.091668,0.215,0.020233,0.0057796,4.3176e-06,2.0719e-06,1.6102e-05,1.2117e-05,0.0093905,0.036359,0.01224,0.010274,0.023824,0.0061982,0.0026654,0.0057189,0.073154,0.04408,0.13705,0.21638,0.16354,0.23841,0.08673,0.0096561,0.0067945,0.016617,0.0043417,0.0034862,0.0035337,0.0032359,0.0098981,0.0037118,0.013676,0.016295,0.010928,0.0033457,0.0070591,0.02146,0.0054129,0.01318,0.019262,0.042302,0.049509,0.013359,0.080315,0.18044,0.11576,0.51542,0.18186,0.086692,0.049556,0.0045879
5,0.0055538,0.0073358,0.004176,0.068485,0.064809,0.52801,0.47146,0.39961,0.13233,0.098593,0.080427,0.35158,0.26339,0.28986,0.27999,0.008914,0.017973,0.1222,0.22546,0.34445,0.27394,0.28044,0.2622,0.10812,0.11571,0.03256,0.44722,0.065768,0.0080715,0.035619,0.095988,0.067907,0.05702,0.14343,0.14941,0.13728,0.41471,0.7017,0.34704,0.24126,0.028021,0.063993,0.068017,0.030187,0.059562,0.045825,0.015327,1.7407e-05,0.006059,0.0028682,0.0033584
5,0.011452,0.014825,0.037231,0.052802,0.057763,0.12138,0.14599,0.043205,0.0086467,0.006392,0.010722,0.0082112,0.022798,0.052191,0.039277,0.059711,0.03056,8.7577e-06,5.4456e-06,0.002864,0.008185,0.011841,0.047154,0.07431,0.13139,0.079408,0.030232,0.02582,0.034989,0.3224,0.35828,0.38489,0.047885,0.014045,7.7785e-06,2.6511e-06,8.3784e-06,9.9993e-06
5,0.074421,0.13552,0.1582,0.18383,0.24417,0.1301,0.089822,0.063975,0.11462,0.098939,0.28678,0.2982,0.083425,0.083281,0.096273,0.037683,0.028658,0.025771,0.027167,0.057127,0.067418,0.12741,0.032174,0.033843,0.033466,0.032005,0.0142,0.0053723,0.0060393,0.0030015,8.1815e-06,1.1609e-05
6,0.0087665,0.044077,0.098259,0.060005,0.06224,0.092189,0.027619,0.026252,0.011123,0.0056982,7.372e-06,3.896e-06,0.0048653,0.0061474,7.4495e-06,1.1362e-05
6,0.027782,0.012024,0.016045,0.3538,0.23577,0.32016,0.35221,0.39608,0.30833,0.26858,0.14288,0.1679,0.13773,0.19506,0.049788,0.065479,0.14069,0.035573,0.0042613
6,0.029254,0.020278,0.072437,0.024454,0.0037955,0.0062729,1.2468e-05,1.2831e-05,0.0046786,0.004725,0.0037797,0.0053083,0.026165,0.028706,7.0328e-06
6,0.010043,0.0079607,0.0039921,0.013833,0.017955,0.044824,0.043186,0.021241,0.052441,0.027169,0.064472,0.080051,0.079338,0.67153,0.88299,0.14718,0.014331
6,0.53678,0.61036,0.77595,0.53718,0.11144,0.057924,0.18334,0.11573,0.25322,0.1134,0.098206,0.085557,0.016125,0.0062892,1.7636e-06,0.0071239
6,0.011258,0.024021,0.049841,0.055775,0.082151,0.15761,0.12711,0.18703,0.02555,0.046157,0.0070782,0.0029842,0.0029915,0.0054505,1.8677e-05,6.7911e-06
6,0.030089,0.057755,0.36233,0.354,0.061044,0.082989,0.3605,0.15035,0.02472,0.016704,0.0040032,0.0030831,2.8684e-06,2.6996e-06,3.8291e-06,0.0053014,4.0978e-06
6,0.11224,0.062245,0.057508,0.045223,0.2635,0.21036,0.084295,0.057383,0.057209,5.9102e-06,2.7213e-06,9.098e-06,0.032735
6,0.20067,0.062999,0.047387,0.26965,0.28267,0.16529,0.33506,0.3782,0.22049,0.097624,0.04253,0.025363,0.0074593,0.0090641,1.548e-05,0.0026268
6,0.56767,0.74569,0.24494,0.32065,0.28769,0.1537,0.078134,0.016639,0.023346,0.079553,0.059245,0.035338,0.14217,0.03939,0.012838
6,0.76475,0.91535,0.84043,0.65203,0.59543,0.18575,0.11026,0.028799,0.078464,0.090343,0.56871,0.62921,0.81587,0.89441,0.51874,0.29871,0.084802,0.036937,0.0054344,0.026907,0.10471,0.04279,0.042002,0.012035,0.008106,0.0039018,0.0042776,0.0046525,0.0026948,0.0082977,0.0044332
6,0.03083,0.14918,0.31699,0.75846,0.7216,0.6299,0.38915,0.19481,0.31957,0.17086,0.13243,0.41891,0.81878,0.9062,0.56373,0.029456,0.022124,0.14163,0.045949,0.11623,0.060071,0.063898,0.0060561,0.0045849,0.0029612,2.3258e-06
6,0.5,0.28525,0.26923,0.23241,0.15227,0.013768,0.033225,0.031291,0.029772,0.011974,0.0037063,1.1913e-06,0.0053626,0.024563,0.026568,0.019088,0.034325,0.27865,0.29994,0.21579,0.1487,0.02,0.010717,0.097072,0.097966,0.18921,0.091758,0.12137,0.0084729,0.0051055,0.0043327,0.010279,0.0096126
6,0.67695,0.45777,0.36766,0.42405,0.164,0.11021,0.082624,0.086929,0.11726,0.015622,0.087399,0.26306,0.15928,0.11883,0.29531,0.60055,0.22751,0.27062,0.10089,0.059993,0.19861,0.29979,0.24624,0.40461,0.11806,0.0039406,1.6175e-05,0.010304,0.0062846,1.2702e-05
6,0.024658,0.072943,0.045863,0.080218,0.1223,0.097794,0.02259,0.021396,0.034121,0.033821,0.019093,0.011318,0.013421,0.0094306,1.0648e-05,0.0096357
6,0.12114,0.10876,0.067693,0.3965,0.15259,0.19556,0.21615,0.62985,0.69288,0.17456,0.38138,0.19113,0.10831,0.14573,0.60372,0.33561,0.02765,0.0032665,0.0034932
6,0.0074891,0.0079106,0.2276,0.14286,0.27395,0.3554,0.60966,0.47846,0.37584,0.43557,0.32027,0.053501,0.016278,1.0627e-05,5.2155e-06
6,0.12741,0.18913,0.35375,0.45827,0.13474,0.14857,0.025349,0.015826,0.0069105,0.0083869,0.01363,0.0041132,7.4813e-06,4.9042e-07,7.5176e-06,4.4838e-06
6,0.64055,0.60565,0.63653,0.43396,0.23375,0.2554,0.13988,0.12346,0.11868,0.08549,0.12815,0.18697,0.056828,0.28824,0.19375,0.34159,0.4861,0.13604,0.12378,0.15305,0.026305,0.080811,0.054827,0.0088217,8.28e-06,1.1247e-05,7.6527e-06
6,0.0033284,0.0053279,0.0086969,0.0079764,0.19067,0.45282,0.60159,0.50866,0.27739,0.23908,0.08111,0.043731,0.053877,0.039645,0.056115,0.31198,0.085766,0.041063,0.032169,0.04465,0.025433
6,0.29435,0.25498,0.5,0.27247,0.66213,0.66238,0.17408,0.73242,0.23673,0.080034,0.042005,0.066207,0.040103,0.047727,0.011758,0.0068815,5.8062e-06,3.6633e-07,1.9278e-06,1.1664e-05,1.1332e-05
6,0.30325,0.22811,0.17149,0.51393,0.29711,0.17414,0.097668,0.19351,0.070979,0.33043,0.71081,0.84712,0.48045,0.10859,0.1419,0.095983,0.054745,0.11682,0.23375,0.10083,0.066226,0.049502,0.0387,0.035304,0.029763,0.049524,0.15311,0.071545,0.011116,0.018429,0.0051429
6,0.016366,0.02027,0.013952,0.018426,0.42205,0.045187,0.25568,0.18309,0.25082,0.15904,0.19642,0.12455,0.33098,0.31324,0.18109,0.14239,0.10331,0.071611,0.042525,0.058462,0.0452,0.020668,0.0043821,0.067368,3.3907e-06
6,0.2515,0.28306,0.29925,0.47052,0.29393,0.065319,0.087567,0.042234,0.063619,0.018466,0.20424,0.1261,0.50766,0.40982,0.32378,0.43476,0.050645,0.076444,0.0248,0.015465,0.037244,0.031774,0.0072215,0.0075764,0.0072306
6,0.011874,0.0047765,1.1824e-05,0.0078201,0.01996,0.013987,0.072482,0.18622,0.036874,0.11424,0.060083,0.032498,0.032165,0.039588,0.073341,0.17541,0.35121,0.10547,0.066541,0.0033849,0.0053418,1.0478e-06,0.0091866
6,0.041708,0.11161,0.39353,0.2804,0.1602,0.14767,0.13023,0.17471,0.35086,0.096353,0.12404,0.036213,0.08371,0.11986,0.17796,0.028126,0.14266,0.31304,0.1815,0.24107,0.27021,0.17733,0.12843,0.25971,0.21704,0.17453,0.030041,0.097969,0.052877,0.030575,0.037113,0.011085
6,0.016403,0.12348,0.27932,0.38054,0.23919,0.060733,0.0097824,0.037575,0.031701,0.059592,0.049618,0.11566,0.12169,0.64692,0.5067,0.73751,0.69669,0.61792,0.17715,0.072447,0.017997,0.0084233,3.5893e-06,0.0055742,0.0042733
6,0.0054123,0.0029251,9.0838e-06,1.5606e-05,3.1716e-06,4.1954e-06,3.0734e-06,0.0040172,0.010335,0.0063429,0.0051316,0.031242,0.019377,0.016103,0.015379,0.0051107,4.946e-07,6.073e-07,3.6954e-06,1.4548e-05
6,0.39624,0.19838,0.30108,0.58508,0.64545,0.095951,0.033089,0.013994,6.5232e-06,5.7028e-06,0.017929,0.018308,0.055637,0.079755,0.021616,0.011527,0.14053,0.20991,0.22545,0.090238,0.049975,0.024717,0.0075659,1.0173e-06,3.5841e-07,6.5183e-07,0.0030242,0.0025643
6,4.8504e-06,0.014915,0.093372,0.062658,0.16096,0.31754,0.09673,0.18647,0.19976,0.17173,0.42862,0.55897,0.16817,0.28201,0.3852,0.41476,0.30999,0.12248,0.097591,0.054151,0.11263,0.0071861,0.0050692,0.0029453,0.0044731,0.013324,2.8378e-06
6,0.096957,0.14109,0.23195,0.17368,0.11613,0.080716,0.045545,0.064993,0.052913,0.18312,0.23441,0.024181,0.010726,0.011624,0.0041052,0.01042,0.015406
6,0.015798,0.043295,0.036517,0.2253,0.27315,0.20343,0.43934,0.51987,0.55822,0.20587,0.14616,0.093848,0.093513,0.1573,0.27455,0.23457,0.0519,0.040034,0.11254,0.12672,0.18,0.37309,0.27163,0.020708,0.004022,0.0034821,1.8445e-05,0.003007,0.012714
6,0.87896,0.76566,0.82366,0.84884,0.52112,0.46482,0.23078,0.049572,0.070277,0.11372,0.093883,0.12055,0.087415,0.028231,0.04036,0.047013,0.022831,0.0066011,0.038042,0.018155,0.0045015
6,0.0028839,0.0030456,0.003899,0.0074884,0.013957,0.0099656,0.0055851,5.965e-06,1.0015e-06,3.1391e-07,0.0030483,0.0026263,0.0069666,0.03513,0.17343,0.073051,0.11649,0.068503,0.0052977,5.1459e-06,5.3227e-07,2.4893e-06,0.0053057,1.0686e-05,1.2337e-05
6,0.0053419,0.0083007,0.0051907,0.0030136,0.025964,0.048384,0.051596,0.081243,0.029561,1.5714e-05,1.0496e-06,9.4691e-07,0.0034664,9.864e-06,9.2892e-06,0.0088739,0.023468,0.025625,0.052514,0.081314,0.047339,0.062974,0.022155,0.0069956,5.5637e-06,9.8967e-06,1.8111e-05,0.0025813,0.0072801,0.0033163
7,0.033259,0.016911,0.0066432,0.017138,0.015186,0.010948,0.010261,0.0093592,0.0070721,0.0038877,0.0035846,0.0034146,0.014457,0.016972,0.010455,0.015653,0.019103,0.024544,0.028477
7,0.047113,0.11859,0.093901,0.13413,0.50684,0.27413,0.13479,0.083365,0.059773,0.017725,0.013505,0.0040476,0.012675,0.044351,0.036097,0.040769,0.11475,0.20121,0.029008,5.5406e-06,1.022e-05
7,0.092186,0.055463,0.018876,0.036266,0.047685,0.05288,0.042603,0.0094329,1.428e-06,0.0081805,0.01851,0.022586,0.034612,0.033417,0.016402,1.1643e-05,0.0026929,1.607e-06,1.5257e-06,9.6793e-07,1.1903e-05
7,0.21865,0.047586,0.045977,0.10919,0.12984,0.13963,0.013444,0.034893,0.027291,0.036964,0.01416,0.028747,0.021704,0.009372,1.3914e-05,1.2613e-05,0.0039764,0.014336
7,0.070929,0.031431,0.013877,0.0025402,1.2529e-05,0.0091844,0.0071288,8.9982e-06,1.792e-05,0.0070712,0.003004,3.7028e-06,9.7075e-06,1.7969e-06,0.0044123,5.279e-06
7,0.15639,0.036404,0.027212,0.0047127,0.002879,0.0040185,0.011284,0.0083501,0.013576,0.0080988,0.0091226,7.5887e-06,2.1609e-06,2.6252e-06,0.0028736,0.0027718
7,0.061274,0.062303,0.028208,0.027303,0.0085355,0.0070726,0.0052523,1.3986e-05,2.5778e-06,1.2318e-05,0.0043271,0.0028095,0.002563,3.0301e-06,3.4063e-06,1.4592e-05
7,0.1336,0.039386,0.039665,0.12256,0.029003,0.0070375,0.011424,0.010497,0.0078036,0.014928,0.021886,0.027942,0.063099,0.10471,0.030765,0.0070756,0.0073128,0.0048435,1.5855e-05,1.6282e-05,0.013739
7,0.25564,0.035947,0.014226,0.0081999,0.0026369,0.0026687,2.5365e-06,6.1527e-06,0.0029414,0.0030574,4.39e-07,1.6633e-07,2.885e-07,8.4186e-07,0.002797,0.0082994
7,0.027756,0.013389,0.026951,0.028083,0.0049375,0.0042385,1.7533e-05,4.216e-06,1.6153e-05,1.5318e-05,0.0042779,0.011092,0.023564,0.007856,0.0097531,0.0031415,0.0054032,7.3881e-06,0.0054406,0.010234
7,0.40302,0.35299,0.59222,0.74539,0.31265,0.13835,0.043328,0.034687,0.041384,0.05881,0.067107,0.071571,0.16104,0.29702,0.091227,0.30145,0.37796,0.27261,0.055934,0.010347,0.0046844,2.8672e-06,1.1279e-06,1.3188e-06,1.1024e-05,0.010386,0.021286,0.015737,0.023,0.027626,0.0092677,0.011153,0.011944,0.0077623,0.0027276,0.0049496,0.0043271,0.0031246,0.010661
7,0.014426,0.034349,0.039564,0.2814,0.29947,0.38279,0.079687,0.033213,0.0047604,0.0085872,0.0035839,0.0086957,0.0068366,0.015365,0.036048,0.017319,0.15897,0.045013,0.029163,0.29821,0.71822,0.22089,0.27815,0.0080378,7.4726e-06,3.1464e-06,0.0050473,0.0096915,0.0053176,0.0063503,0.049392,0.068195,0.019613,0.024728,0.028849,0.012509,0.010982,0.010549,0.013942,1.13e-05,0.0051575,7.2887e-06
7,0.31601,0.5876,0.43611,0.19425,0.043571,0.020036,0.0033111,0.0044514,0.0057079,1.8922e-05,1.6661e-05,1.0349e-06,0.0049052,0.0037912,0.0032296,0.0033102,0.0038605,0.0078165,0.016405,0.0088362,5.9094e-06,1.2863e-05,1.7582e-05,9.0316e-06,4.0512e-06,3.3683e-06,2.0218e-06,2.501e-06,2.777e-06,9.6935e-06,7.678e-06,0.0050011,0.0079181,6.7927e-06
7,0.0037885,0.0099294,0.018996,0.026405,0.018916,0.00854,0.0067412,1.7218e-06,0.0053999,0.020406,0.081683,0.08836,0.034076,0.0036297,4.599e-06,2.2679e-06,4.2117e-06,2.1624e-06,1.1105e-05,8.1803e-06,1.1404e-06,1.0144e-06,4.7643e-06,0.0028288,0.0047264,0.0041344,1.7265e-05,0.010226,0.028361,0.017219,0.015079,4.8118e-06,9.4338e-06,1.5933e-05,7.5699e-06,1.146e-05,0.003362,1.2013e-05,0.0051997,1.6939e-06,7.1139e-06
7,0.1975,0.19155,0.16325,0.061241,0.014147,0.0082136,0.0063173,0.0062598,0.0046213,0.0075942,0.011295,0.0078155,0.026243,0.013079,0.011277,0.025434,0.014841,0.019251,0.030571,3.2113e-06,1.5724e-05,9.0734e-06,7.226e-06,0.0034867,0.018764,0.037231,0.064037,0.067132,0.038573,0.035881,0.046914,0.015429,0.0072102
7,0.013057,0.019225,0.05876,0.043201,0.045829,0.032126,0.010089,0.0097853,0.0028932,1.2374e-05,0.002714,9.8332e-06,0.0029072,1.2843e-05,8.8404e-06,1.5564e-06,2.8751e-06,3.7181e-06,1.9449e-06,9.3741e-08,5.9419e-07,1.8423e-06,4.492e-06,0.0045934
7,0.10414,0.10694,0.081232,0.18477,0.15489,0.09223,0.11726,0.011274,1.6563e-05,0.0051439,0.026914,0.014836,0.027156,0.044444,0.032229,0.01698,0.0034634,0.0031046,0.009618,1.5134e-05,0.003932,3.4534e-06,1.1214e-05,1.581e-05,0.0044692,4.6782e-06
7,0.089003,0.032186,0.0097093,0.014182,0.0099866,1.819e-05,0.0042962,0.0037324,8.6652e-06,7.2098e-06,1.3268e-05,1.3672e-05,0.0032742,0.0039819,0.0044852,1.2564e-05,3.2125e-07,3.7605e-06,0.004375,2.044e-06
7,0.21196,0.48581,0.7453,0.49097,0.28906,0.10491,0.0091247,0.012337,0.080033,0.10312,0.15862,0.18654,0.1451,0.025082,0.019408,0.057132,0.11175,0.013233,1.3269e-05,5.2434e-06,1.3525e-06,3.0694e-06,0.0045073,0.0056852
7,0.075854,0.036513,0.022481,0.019075,0.021058,0.0039606,5.6142e-06,2.372e-06,1.7994e-06,0.0025682,1.7409e-05,0.0066554,0.070447,0.13655,0.11395,0.024086,0.054718,0.036101
7,0.29223,0.14601,0.13282,0.03289,0.029826,0.0063145,0.0080144,0.03465,0.032891,0.0026436,3.4921e-06,0.0071274,0.0056431,1.446e-05,5.2443e-06,9.115e-07,2.871e-06,3.7329e-06,3.1227e-06,1.1846e-05,1.0332e-05,0.0025884,1.3346e-05,9.0997e-06,2.6097e-06,4.5416e-06,1.21e-05,0.0031976,0.0039378
7,0.24865,0.16153,0.15762,0.062195,0.017407,0.0067506,6.5133e-06,0.005637,0.033007,0.08822,0.22094,0.38007,0.075236,0.055226,0.012022,0.0092365,0.0098181,0.021985,0.029259,0.0076124,0.0045434,0.0086733,0.003622,9.5975e-07,3.6226e-06,9.0543e-06,1.4443e-05,1.1253e-05,1.1021e-06,1.8441e-07,1.5234e-06,2.6945e-06,1.3269e-06,6.1735e-06,0.0029226
7,0.039562,0.017841,0.01011,0.011678,0.008209,0.01718,0.0061664,0.0044897,1.0915e-05,1.0576e-05,9.566e-07,3.3514e-06,1.318e-05,0.0033462,0.018294,0.0091173,0.010554,0.0065046,0.0046127,0.010145,5.2583e-06
7,0.05916,0.066014,0.056204,0.051954,0.031862,0.019877,0.011458,0.025491,0.019892,0.028295,0.039521,0.032352,0.036318,0.044634,0.016709,0.0042474,0.0028592,0.012681,0.0063853,0.0069124,0.0091641,0.0028389,9.2961e-07,8.91e-08,1.9495e-07,3.2299e-07,9.1267e-07,1.6064e-06
7,0.086857,0.036183,0.015092,0.039255,0.02744,0.018821,0.040844,0.01049,0.0041311,6.0844e-06,1.5876e-05,0.004487,0.0026871,0.009832,1.5943e-05,4.7228e-06,1.1214e-05,3.1407e-06,2.1516e-07,3.6322e-06,2.0952e-06,4.7912e-06,3.1632e-06,2.5009e-06,5.3416e-06,1.5228e-06,3.2233e-06,5.5393e-06,8.6176e-06,2.6791e-06,1.6262e-06,1.0028e-06,2.6421e-06,0.0059354,0.0036145
7,0.12012,0.1373,0.033775,0.042953,0.038872,0.047483,0.031811,0.016982,0.022578,0.016829,0.026424,0.066647,0.083323,0.032035,0.067991,0.020617,0.12477,0.18275,0.12089,0.063467,0.094091,0.14244,0.022078,0.016635,0.021404,0.011256,0.013909,0.031057,0.024205,0.034343,0.024316,0.019579,5.6054e-06,8.6176e-06,0.0039333
7,0.022392,0.0087464,0.0070959,0.050303,0.056769,0.012298,0.011292,0.010974,0.010075,0.03837,0.046644,0.0052235,0.0030481,0.0034422,0.0033961,1.5717e-05,3.767e-06,0.0036174,0.0061453,0.0036087,1.5884e-06,0.0049563,0.0030442,0.0038744,0.0025725,0.011961,0.0026865
7,0.052555,0.014531,0.016265,0.0089165,0.0062599,0.0079054,0.01264,0.01274,0.024647,0.012979,0.0090966,0.020313,0.0084925,0.018168,0.018897,0.012702,0.017284,0.008531,0.009956,0.0097421,0.0092114,0.0026247,1.4396e-05,1.1483e-05,1.1739e-06,0.0040957,0.010887,0.0091876,0.018911,0.0055399,1.2512e-05,1.5988e-06,2.3685e-06,0.0027012,1.9799e-06,1.0731e-06,5.1134e-06,5.1087e-07,0.0062654
7,0.069418,0.032211,0.02901,0.013364,0.046485,0.10474,0.10105,0.24946,0.097814,0.099104,0.11183,0.091046,0.016672,0.025582,0.024655,0.031408,0.01762,0.044228,0.24636,0.21001,0.01184,0.0076453,0.0043141,0.1367,0.062531,0.024011,0.019332,0.13823,0.016556,0.021986,0.013564,0.013819,0.0055781,0.004203,0.0025439,2.7677e-06,0.0028371,7.5668e-06,7.7727e-06,0.0047317
7,0.0074595,0.033115,0.029961,0.027792,0.010501,9.6448e-06,1.5207e-05,2.1677e-06,1.0048e-06,0.0030702,0.009218,0.0031359,0.0027631,1.4165e-05,0.0056947,0.0063755,0.0031923,0.003044,0.0057403,0.0056329,0.0040391,0.0025356,3.158e-06,8.5318e-07,1.1517e-06,1.1211e-06,1.2922e-05,1.0735e-06,0.0068921,0.0068938,0.0074503,0.011662,0.005682,9.6872e-06,0.0032316,0.0027177,1.0689e-05,0.010973,6.8211e-06,5.0207e-06
7,0.056031,0.048909,0.040204,0.045129,0.057259,0.030391,0.011115,0.014729,0.010025,0.039032,0.033856,0.021986,0.010562,0.0038911,0.0080948,0.016447,0.014781,0.015906,0.022809,0.015572,0.0056933,0.0040091,0.0036595,0.004039,0.0043788,8.6864e-06,1.4323e-05,0.0036354,0.004648,0.0045843,0.0042618,0.0062426,0.03937,0.0072101,0.008066,1.5343e-05,1.6567e-05,0.0038329,0.0085436,0.0048161,0.0044403,0.0048402,4.4751e-06,3.1972e-06,5.4261e-06,0.0081779
7,0.0065558,0.0044985,0.0092121,0.0050481,1.7408e-05,0.002917,6.6132e-06,2.3765e-06,1.5483e-06,4.6338e-06,8.7478e-06,4.3644e-06,6.475e-06,1.5396e-05,0.010607,0.0098531,0.0081017,0.045421,0.040615,0.010875,0.0037204,0.0069107,9.5942e-06,1.2196e-05,8.0823e-06,4.4466e-07,8.1965e-07,5.4731e-07,4.4714e-06,0.0061624,0.0036148,0.043418,0.03755,0.026611,0.0028789,0.0043167,0.0030732,0.0045015,0.0061175,0.0044034,0.0090934,0.0069534,8.2036e-06,1.3502e-05,0.010636
7,0.24541,0.035737,0.038311,0.025768,0.028042,0.14483,0.039892,0.05952,0.044405,0.060861,0.023741,3.5459e-06,2.525e-06,0.0060932,1.4174e-05,0.0042537,0.016969,0.047484,0.033356,0.027386,0.032048,0.0088792,0.0031492,9.4434e-06,1.902e-06,0.0029656,0.0059739,0.0062684,0.011464,0.034578,0.021911
7,0.017203,0.087733,0.04475,0.032837,0.027371,0.0072907,5.6652e-06,0.0031371,4.971e-06,9.7786e-06,0.0058509,0.0082554,7.523e-06,2.273e-06,4.6733e-06,1.8127e-05,0.0063362,5.3711e-06,4.0267e-06,3.4779e-06,0.0028736,0.013475,8.3041e-06,3.6363e-06,0.0038184,0.0071017,0.010394,0.011147,0.0053952,1.0166e-05
7,0.13044,0.0888,0.016949,0.0046755,0.0033128,0.017301,0.14363,0.019657,0.019284,0.012974,0.045491,0.028879,0.012969,0.021579,0.040706,0.071864,0.062909,0.071137,0.021888,0.016497,0.017518,0.0071793,0.0082784,1.4296e-05,1.5981e-06,1.6356e-06,0.0044546,0.011178,0.0104,0.0091498,1.3657e-05,1.7141e-05,4.2969e-06,4.2091e-06,1.9835e-06,5.826e-06,1.9732e-06,2.6005e-06,1.5404e-05
7,0.0088327,0.037258,0.024053,0.013726,0.0080481,0.023916,0.023154,0.0059872,0.0038163,0.0134,0.0066115,0.0026848,4.731e-06,2.4137e-06,5.2118e-07,7.1298e-07,6.4137e-07,6.9803e-07,1.1668e-06,3.2984e-06,1.4296e-05,4.4528e-06,6.5711e-06,1.7658e-06,5.3487e-06,2.8724e-06,4.5063e-07,8.3068e-07,2.5637e-07,1.8846e-06,1.966e-06,4.5782e-06,5.8939e-06,0.0057393
7,0.045475,0.027344,0.0047582,1.6731e-05,0.006294,0.025431,0.019859,0.025718,0.14999,0.15043,0.05814,0.016713,0.04276,0.0098472,0.0078669,0.012599,0.0095372,0.011321,0.013187,0.0080054,0.0030081,1.6506e-05,3.2443e-06,4.2753e-06,1.6634e-06,1.5183e-06,3.3953e-06,0.0074503
7,0.13203,0.043271,0.023933,0.025403,0.0047407,0.022477,0.034323,0.028294,0.024992,0.013891,0.0049852,0.0043772,0.0078706,0.0089927,1.4621e-06,1.5848e-06,1.0441e-06,3.862e-07,2.9164e-06,4.8776e-06,0.0028659,0.0026982,0.0037473
7,0.0053642,1.3753e-05,6.1324e-06,4.9433e-06,0.0028843,0.0049293,0.017968,0.013412,0.01126,0.008326,0.0027317,3.8849e-07,2.8948e-07,2.9065e-07,2.6263e-06,1.6875e-06,6.5301e-06,1.1281e-05,0.0056343,0.0080229,0.0040034,0.0082591,0.010655,0.014412,0.0046244,7.8751e-06,1.1451e-06,2.8017e-07,3.4346e-07,2.9026e-07,5.8456e-07,1.4409e-06,1.713e-06,5.4933e-06
7,0.15586,0.057985,0.030477,0.10716,0.21378,0.074358,0.096057,0.073938,0.10231,0.0052906,0.0034202,1.5828e-05,0.0074819,0.028093,0.15656,0.18725,0.12318,0.12045,0.09766,0.076081,0.019496,0.021918,0.017095,0.006709,0.0036051,9.4035e-07,3.627e-07,1.1824e-06,9.0954e-06,0.0063305,6.2941e-06
