1,0.00015438,4.3445e-05,3.6085e-05,8.9115e-05,7.3818e-05,0.00025881,0.00011952,1.5613e-05,2.1474e-05,3.3231e-05,5.2183e-05,0.00014287,0.0029976,0.0010854,0.00051847,0.016116,0.027532,0.014863,0.00012967
1,0.00059652,0.00039896,0.0050541,0.044477,0.20575,0.17558,0.26532,0.1668,0.15018,0.093762,0.074635,0.067063,0.1851,0.26448,0.35586,0.30769,0.3094,0.03752,0.00096747
1,0.0031584,0.0064644,0.031024,0.030139,0.0039705,0.0035786,0.0073182,0.038988,0.037005,0.081818,0.086713,0.036575,0.02332,0.0032853,0.00024196,0.00029382,0.011714,0.008475,0.015961,0.034412,0.031184,0.0074936,0.014651
1,1.3071e-05,3.0275e-06,4.9361e-06,5.7765e-06,0.00037826,0.00033148,0.00024826,0.00018983,1.0973e-05,2.9072e-05,9.9828e-06,2.4923e-05,0.00014071,0.0048106,0.010617,0.021196,0.24259,0.2878,0.016531
1,0.0011786,0.00084621,0.00099265,0.0006419,0.00064896,0.00049517,0.00081663,0.0011598,0.0020261,0.01346,0.014174,0.11701,0.29542,0.26409,0.072503,0.0027673
1,9.0457e-06,5.3536e-06,8.3596e-05,0.0006201,0.0011266,0.0036718,0.0014958,0.00029621,0.0010023,0.0018586,0.0025151,0.00098769,0.0078301,0.0046496,0.014414,0.056052,0.038091,0.038737,0.061839,0.050629,0.003328
1,0.00019203,7.005e-05,0.0012232,0.0023732,0.0018381,0.0020616,0.0057346,0.0071219,0.0025342,0.0039375,0.017916,0.041977,0.033805,0.013972,0.036086,0.06367,0.055774,0.0067979
1,0.0015241,0.00034673,0.022108,0.043144,0.11586,0.058157,0.11657,0.035454,0.051782,0.061111,0.075543,0.11487,0.24743,0.57896,0.30963,0.03514,0.015406
1,1.4228e-05,5.482e-05,0.00010403,0.00020487,0.0025273,0.012424,0.011315,0.023435,0.06178,0.027412,0.017661,0.021358,0.024453,0.0064138,0.011963,0.18932,0.13413,0.017683
1,4.9702e-05,6.4973e-05,0.00016122,0.00062608,0.011416,0.014798,0.0032725,0.0012065,0.0014929,0.001724,0.00064257,0.0066551,0.066455,0.057645,0.075277
1,0.00069249,0.0014944,0.0016021,0.0031472,0.0055766,0.0077418,0.0071259,0.0080792,0.0081121,0.011666,0.0086098,0.0064628,0.026943,0.17899,0.0011629,0.00045017
1,1.335e-05,1.6886e-05,3.7598e-05,0.00037223,0.0015204,0.0082082,0.018818,0.076726,0.075551,0.068143,0.05278,0.073262,0.17478,0.15904,0.093677,0.28512,0.15265,0.038005,0.0022002
1,0.0022062,0.0013557,0.0011631,0.0028533,0.048922,0.30232,0.31284,0.20346,0.20165,0.15463,0.2527,0.34987,0.26742,0.18698,0.23781,0.66053,0.28228,0.0061208
1,0.0011431,0.001103,0.0054186,0.0094732,0.039877,0.083852,0.098267,0.021142,0.0085979,0.0077865,0.011381,0.0087998,0.0091276,0.018246,0.031776,0.0091522,0.0049309,0.0059878,0.001562,0.004532,0.0041705,0.068858,0.020013,0.0068795,0.0007204,0.00048774,0.00016346,0.00054769,0.0014081,0.0044298,0.018839,0.10098,0.073068,0.022157,0.0092502,0.0019427
1,0.00019556,0.00045693,0.0011735,0.0012834,0.0029266,0.002627,0.0030823,0.0046485,0.0036439,0.010717,0.010402,0.00164,0.0050996,0.0036847,0.0034546,0.0011814,0.0038165,0.0017455,0.003451,0.0039649,0.000966,0.0028384,0.00064836,0.0143,0.060631,0.011296,0.0026915,0.0015865,0.00021563,0.00048951,0.00062626,0.00058171,0.0039314,0.010844,0.040882,0.089328,0.032757,0.2389,0.10213,0.0042281
1,0.0010076,0.00074983,0.00059959,0.00037118,0.0082676,0.032045,0.075975,0.1793,0.17489,0.095419,0.086654,0.089984,0.043786,0.001513,0.0028161,0.0010731,0.0021273,0.0073853,0.26114,0.33853,0.31636,0.05844,0.037675,0.0047787,0.020282,0.018331,0.020552,0.060111,0.062672,0.12009,0.031604
1,0.00062337,0.00095403,0.00041993,0.0010677,0.0053352,0.0077222,0.021358,0.14777,0.076031,0.024532,0.0047163,0.0032928,0.0083445,0.0072189,0.032829,0.011941,0.02777,0.08843,0.030432,0.016699
1,0.0024439,0.0026696,0.00061982,0.00063254,0.0013291,0.00062855,0.0016744,0.0054056,0.0047721,0.0017973,0.0014345,0.0011978,0.00030256,0.00020676,0.0013,0.0003882,0.00045971,0.0251,0.20527,0.033291
1,0.0098572,0.0029369,0.0014588,0.002036,0.003965,0.0098613,0.038175,0.019219,0.014646,0.027154,0.0070774,0.0051224,0.0042368,0.013741,0.040569,0.10711,0.13205,0.047832,0.11425,0.18622,0.18859,0.28825,0.27198,0.077429,0.00031701
1,0.011895,0.017454,0.017413,0.082425,0.075991,0.098246,0.06366,0.012985,0.02617,0.00059408,0.00068372,0.00041732,0.0042791,0.001633,0.0063031,0.0065805,0.0048132,0.0029397,0.004054,0.031512,0.024143,0.017914,0.035026,0.08358,0.10087,0.0069406
1,4.8667e-05,4.6561e-05,0.00027264,0.00028465,0.0012359,0.00081939,0.00034989,0.00054659,0.00020589,0.00045697,0.00025694,0.0002948,0.0026163,0.0023671,0.0048006,0.01463,0.033161,0.022132,0.018695,0.02407,0.047083,0.13775,0.31028,0.2288,0.20517,0.13065,0.012583
1,0.0077299,0.002538,0.00084089,0.010211,0.0089849,0.018272,0.021217,0.044722,0.0034631,0.0076279,0.0039385,0.059642,0.013168,0.092359,0.055865,0.22141,0.18962,0.19119,0.15163,0.13983,0.399,0.44222,0.33779,0.086397,0.048499
1,0.0016048,0.0037236,0.0020748,0.006599,0.0069266,0.014408,0.023601,0.056402,0.049468,0.020656,0.0084996,0.0081126,0.0090774,0.0030159,0.0019871,0.0020255,0.0023524,0.0041986,0.0033054,0.0049788,0.0082132,0.039408,0.04849,0.13122,0.052967,0.0071627
1,0.00071872,0.0013704,0.0017603,0.01086,0.018473,0.057623,0.052719,0.093598,0.059396,0.040803,0.021337,0.021906,0.014317,0.038414,0.25751,0.19854,0.41719,0.17585,0.20517,0.15708,0.14675,0.046758,0.22674,0.19525,0.19578,0.39666,0.34428,0.13132,0.041887,0.025416,0.0060729,0.005147,0.005862
1,0.032065,0.019058,0.010116,0.047722,0.021963,0.010543,0.011344,0.0032165,0.00049239,8.6638e-05,0.00013256,0.00014024,0.00029184,0.0025195,0.0054392,0.018282,0.048569,0.019773,0.011697,0.0058283,0.0027727,0.0095148,0.052735,0.032593,0.063217,0.18858,0.15027,0.095222,0.11989,0.1242,0.12908,0.053348,0.053801,0.10183,0.00073568
1,0.00046581,0.00010844,0.00046053,0.00012337,0.00025856,9.4783e-05,0.00019922,0.00027868,0.00086244,0.00076816,0.0021378,0.017652,0.040093,0.0073949,0.0020323,0.0071941,0.00080376,0.0003407,0.0013743,0.00026627,0.00025062,0.0017213,0.0022501,0.0034891,0.0013713,0.0019952,0.0021911,0.022249,0.032759,0.018235,0.01969
1,0.00015968,0.0001786,0.0015995,0.01304,0.0056617,0.0028039,0.0082586,0.0010712,0.0002436,0.00016729,0.00010864,0.00031015,0.0011048,0.020958,0.01084,0.0067917,0.002047,0.0019665,0.0019792,0.0097149,0.073557,0.026198,0.017155,0.06999,0.12422,0.13214,0.1483,0.013224
1,0.005583,0.0054586,0.0081501,0.013759,0.013913,0.01916,0.017939,0.016284,0.00098073,0.00017502,0.00011648,7.2118e-05,0.00025161,0.0005653,0.00045885,0.00046972,0.00049347,0.00024548,7.5357e-05,4.1154e-05,3.8615e-05,2.6038e-05,6.9621e-06,8.3463e-06,0.002988,0.005014,0.0023932,0.0045681,0.0090888,0.024314,0.033843,0.0078449
1,0.10387,0.1517,0.073039,0.049693,0.023004,0.0080737,0.060126,0.024461,0.05673,0.016656,0.014392,0.0089236,0.015629,0.010211,0.0065137,0.0082001,0.013922,0.023033,0.024218,0.036823,0.055366,0.13954,0.12413,0.017173,0.014297,0.00095956,0.00045261,0.00088509,0.00078149,0.0011342,0.10873,0.14058,0.19856,0.14559,0.20859,0.037487,0.0077487,0.046199,0.00053089
1,0.0039607,0.0088558,0.0073044,0.0026277,0.0052581,0.012619,0.017471,0.028674,0.019287,0.0023382,0.00025448,0.0001378,4.7717e-05,0.00013635,0.00057541,0.0022686,0.0078068,0.015788,0.01383,0.003549,0.0004666,0.00010223,2.555e-05,5.0287e-05,1.9046e-05,4.698e-05,0.0088801,0.08593,0.036048,0.10282,0.19575,0.24239,0.032527
1,0.00013094,9.8879e-05,0.0013092,0.0015965,0.0014292,0.0015701,0.0031583,0.032468,0.012911,0.004306,0.001618,0.00039464,0.00033789,0.00022737,0.00015599,0.0011714,0.0002371,0.00015775,0.00040498,0.0026096,0.0038613,0.0010843,0.00062144,0.00025986,5.4275e-05,0.00024672,7.2991e-05,0.00046034,0.00022061,0.0015922,0.0081538,0.07107,0.069638,0.20785,0.31349,0.61186,0.31601,0.38176,0.02941,0.0014565
1,0.00098803,0.00042219,0.0022963,0.0038498,0.0025256,0.01891,0.02301,0.087472,0.14467,0.13579,0.13501,0.22437,0.23722,0.19951,0.1988,0.20452,0.17796,0.045338,0.014982,0.0084341,0.0063819,0.0047286,0.0029963,0.0024053,0.0052054,0.0016527,0.0073424,0.12871,0.3512,0.19592,0.049257,0.049533,0.0066261,0.0065034,0.0016312,0.010596,0.012711
1,0.010804,0.033008,0.014346,0.017858,0.0025877,0.00075991,0.00069299,0.013318,0.012959,0.0053979,0.0060105,0.0042287,0.0010075,0.0044992,0.0084806,0.0016185,0.00039802,0.00015681,0.00022562,0.00048958,0.004932,0.0032463,0.011656,0.042868,0.035218,0.042114,0.069934,0.19701,0.018234
1,0.029708,0.089731,0.061173,0.23705,0.29101,0.073971,0.037875,0.080287,0.040873,0.0040686,0.0058709,0.0039901,0.00063924,0.0015822,0.00063592,0.00038605,0.00069932,0.00058488,0.0036677,0.023346,0.06928,0.08939,0.072682,0.32976,0.2705,0.12518,0.17589,0.34118,0.26869,0.0045449
1,0.00014918,0.00033157,0.001661,0.0031144,0.0023129,0.00062498,0.00070584,6.3045e-05,0.016797,0.021153,0.12091,0.064123,0.017536,0.0093043,0.024978,0.010359,0.0087784,0.017406,0.055149,0.080773,0.14995,0.41039,0.36353,0.28198,0.3586,0.69374,0.45039,0.0037775
1,0.018442,0.0025531,0.016188,0.022948,0.0089954,0.0073982,0.0026673,0.0014752,0.0011286,0.0070776,0.015312,0.028762,0.10191,0.027938,0.0060028,0.0027728,0.00073665,0.00019189,0.0030675,0.0016177,0.0094629,0.029034,0.038925,0.029757,0.03604,0.094176,0.10658,0.27101,0.2328,0.018998,0.0017775
1,0.00010148,6.1895e-05,5.1504e-05,2.6646e-05,0.00039487,0.00062339,0.00054755,0.00084985,0.0024644,0.0042333,0.00067829,0.00045611,0.0007502,0.00060921,0.0008509,0.0037352,0.081773,0.057321,0.088337,0.1976,0.11279,0.011503
1,0.0045923,0.0053881,0.0058268,0.038451,0.040599,0.024522,0.0445,0.011027,0.0054449,0.018239,0.0088674,0.014016,0.016147,0.0090183,0.0070954,0.0056121,0.0080487,0.016219,0.054564,0.094433,0.22154,0.013771
1,0.0030115,0.0031434,0.0073847,0.0065962,0.061763,0.18105,0.033865,0.03024,0.020566,0.009868,0.011802,0.040934,0.0009493,0.00035687,0.00039219,0.00073838,0.0033376,0.017528,0.24527,0.2595,0.30477,0.43186,0.28238,0.051995,0.0077027
2,8.1954e-05,7.3392e-05,9.2319e-05,0.00024265,0.0014708,0.0012045,0.00249,0.0015142,0.0057208,0.0096692,0.0089623,0.01401,0.030613,0.075396,0.031594,0.017495
2,0.011036,0.001151,0.00079732,0.0030672,0.010182,0.017074,0.020527,0.036329,0.0013207,0.00081894,0.00047758,0.00034472,0.00010355,0.00022245,0.0012304,0.00044638,0.00019886,0.00059645,0.0011609,0.00093522,0.003487,0.00099932
2,0.00082447,0.00044727,0.0004474,0.0074109,0.03045,0.0057429,0.00048742,0.00034144,0.00017059,7.29e-05,0.00034107,0.0038112,0.002348,0.011178,0.13294,0.013177,0.091295
2,0.026615,0.0026507,0.0014734,0.0011519,0.0029388,0.0019988,0.0059228,0.0055718,0.0073229,0.0067291,8.1668e-05,4.6618e-05,5.2811e-05,7.9979e-05,2.2712e-05,3.7556e-05,0.00044533,0.0010692,0.0014469,0.0025887,0.047241,0.22301,0.03521,0.023204
2,1.6707e-06,3.7901e-07,1.3743e-06,4.0179e-06,0.000419,6.6267e-05,1.5553e-05,3.9348e-06,7.67e-07,9.0787e-07,6.4498e-06,5.9741e-05,3.0293e-05,8.777e-05,0.017541,0.034047,0.045001
2,0.00067876,0.00031755,0.0005333,0.00085903,0.00087201,0.0035099,0.0026077,0.00317,2.1794e-05,2.6379e-05,9.657e-06,5.9985e-06,6.3892e-06,0.00069273,0.0027147,0.0034983,0.063699,0.087656,0.008169,0.00078196
2,0.0034893,0.0028866,0.012142,0.014815,0.011249,0.014807,0.012655,0.0030283,0.0056542,0.0019078,0.0069342,0.0029674,0.0002013,9.8045e-05,0.00028412,1.8339e-05,7.6288e-06,0.00012765,0.00016069,0.00017261,0.00085395,0.01434,0.0021961,0.0028486
2,0.028932,0.035632,0.014992,0.0065144,0.021831,0.0069874,0.0026816,0.0068708,0.0062188,0.0024471,0.0028251,0.0040315,0.0080795,0.027846,0.022816,0.074325,0.060595,0.031025,0.020571,0.027801,0.0079436
2,0.0044396,0.0024006,0.0054092,0.0022852,0.0015766,0.0002856,0.00021137,0.00022914,0.00089266,0.00049943,0.013802,0.050621,0.16639,0.25755,0.012975
2,7.0488e-06,2.0675e-05,0.0023497,0.0019576,0.0012241,0.0013015,0.00075546,0.0024674,0.0021969,0.0017328,0.01525,0.017305,0.079044,0.1135,0.3478,0.21896,0.031677
2,0.0049565,0.0056472,0.015354,0.014902,0.026502,0.030852,0.00086524,0.00044966,0.00032379,0.00027091,0.0003606,0.032412,0.06462,0.13742,0.17743,0.18837,0.0090869
2,2.2533e-05,1.4156e-05,0.002279,0.0026475,0.0040675,0.0011674,0.0010022,0.00021737,0.00028815,0.00026749,0.00053959,0.0048452,0.049929,0.11273,0.13137,0.28153,0.19433,0.066713,0.039683
2,5.5301e-05,1.246e-05,0.00060644,0.00099419,0.0012811,0.0022825,0.0024957,0.0012577,0.00032961,0.0001965,8.7886e-05,4.4165e-05,0.00012401,4.356e-05,3.9033e-05,9.0303e-05,0.00029381,0.0017317,0.0011231,0.0021049,0.012794,0.019164,0.083901,0.046123,0.0002073
2,0.0019105,0.002024,0.00038772,5.1432e-05,3.3324e-05,0.00029631,0.0005949,0.0019294,0.013564,0.098697,0.080628,0.067106,0.1767,0.45036,0.0095126
2,0.00033652,6.2883e-05,3.9237e-05,2.7961e-05,2.5861e-05,0.0070954,0.041679,0.010683,0.018898,0.0064879,0.0036475,0.026033,0.019547,0.004974,0.02142,0.26952,0.31835,0.11822,0.00032775
2,0.0064231,0.021853,0.026291,0.065648,0.045926,0.037375,0.0015615,0.0028925,0.00016766,0.00012694,0.00012315,0.00019488,0.00080484,0.0056269,0.0076066,0.042807,0.022919,0.0093588,0.010686,0.0082192,0.0090132,0.0039968,0.011038,0.0011739,0.00068192,0.00087922,0.0067933,0.048908,0.0024095
2,6.5362e-05,0.0002762,0.00086354,0.00060569,0.00011177,0.0001073,7.8617e-05,7.6138e-05,8.0844e-05,0.00013461,0.0011826,0.0002846,8.4186e-05,4.3909e-05,5.7446e-05,4.3467e-05,0.0067559,0.018908
2,7.491e-06,3.1827e-06,7.0195e-06,1.0185e-05,2.1584e-05,9.3861e-05,0.00016925,7.8372e-05,0.00018957,9.607e-05,1.4607e-05,4.7822e-05,0.00011484,4.5265e-05,0.00012372,0.1328,0.23451,0.022044
2,0.0098524,0.0035341,0.0004757,0.00029013,3.6194e-05,1.2696e-05,1.2001e-05,4.3115e-05,1.2548e-05,8.7504e-06,0.005661,7.9482e-05,7.9721e-05,9.3651e-05,0.00015169,0.00015003,0.0014457,0.00051719,0.00042236,0.0027164,0.0031371,0.002321,0.0034954,0.015946,0.10286,0.17443,0.011395
2,0.00025564,0.00032903,0.00030728,0.00014613,0.00038367,0.0014208,0.0005689,0.0016259,0.00030789,0.00066588,0.0016408,0.0018537,0.00037685,0.0019747,0.44728,0.15668
2,0.00071865,0.00069966,0.0012179,0.0023942,0.0016194,0.0013995,0.0026097,0.0031093,0.0044718,0.012174,0.0067504,0.0030657,0.0038326,0.0098683,0.011118,0.0025282,0.0025333,0.01395,0.051835,0.1029
2,0.00024892,0.00096918,0.00086967,0.00020508,0.00089327,0.0055715,0.0022069,0.0017894,0.0027725,0.00054685,0.0001404,0.00010087,0.0001245,0.00013879,0.00013377,0.00011944,7.9395e-05,0.018706,0.0053359,0.00080468,0.0013468,0.00044948,0.0010238,0.0013275,0.015226,0.018768,0.01857,0.017425,0.065385,0.00014036
2,0.0075436,0.016165,0.0091622,0.010056,0.062013,0.07022,0.13241,0.20259,0.11596,0.12919,0.062882,0.07794,0.037959,0.0098309,0.0054559,0.01558,0.024937,0.16138,0.16136,0.084125,0.036005,0.010175,0.013162,0.0037174,0.012002,0.021323,0.030647,0.16389,0.027621
2,0.00066668,0.00069657,0.00081155,0.0014412,0.0031244,0.0095875,0.1122,0.059825,0.028961,0.069324,0.0938,0.014483,0.029902,0.032481,0.02287,0.0011659,0.00059181,0.00021149,6.6749e-05,1.5587e-05,0.00019754,0.002196,0.015858,0.0048571,0.0038277,0.0021043,0.00065892,0.00038023,0.00023176,0.0017471,0.0019048,0.0049824,0.017084,0.025768
2,0.078558,0.050263,0.11485,0.15665,0.19181,0.14096,0.22582,0.11225,0.11969,0.27824,0.27884,0.038906,0.076749,0.080798,0.044207,0.034343,0.046283,0.0055931,0.007456,0.010567,0.0078828,0.0066552,0.0015868,0.0022006,0.001273,0.0020252,0.00080185,0.0028752,0.0037431,0.0057889,0.0059191,0.0042367,0.013265,0.0014771,0.0060275,0.0041264,0.0034659,0.0080232
2,0.000219,0.00026903,0.00067248,0.00076529,0.00026366,0.00092756,0.0010503,0.0020077,0.00099568,0.00092886,0.00058647,0.00035413,0.00025375,0.00043347,0.00040234,0.00027795,8.3875e-05,5.5422e-05,0.00014984,0.010011,0.059948,0.05361,0.016911,0.0020186,0.0009977,0.002812,0.00054427,0.00034651,0.0016959,0.0039467,0.011822,0.013552,0.21508,0.035922,0.0057906
2,0.00019615,0.00042471,0.00070538,0.00038678,0.0028729,0.0036484,0.00060454,0.00098216,0.0019769,0.0035216,0.0041098,0.0035775,0.0025914,0.0008464,0.00088226,0.00056969,0.00036366,0.00028792,0.0027513,0.0090064,0.012803,0.001457,0.00065654,0.00035016,0.00018452,0.00035703,0.0085048,0.070206,0.064916,0.1508,0.061864,0.0039698
2,0.00034597,0.00010751,7.0354e-05,0.0016271,0.0019282,0.0031645,0.0063697,0.0059219,0.0009854,0.005838,0.002526,0.0036937,0.0042177,0.0062173,0.00052899,0.00052881,0.00033668,0.00012483,0.0001024,0.00025547,0.00027986,0.0013512,0.0008876,0.00039566,0.00059501,0.00015524,8.5985e-05,0.00031639,0.0025195,0.0018471,0.0032955,0.029886,0.059988,0.016339
2,0.04608,0.051943,0.075927,0.18065,0.21206,0.16667,0.2594,0.06779,0.013083,0.0098117,0.025407,0.15401,0.23614,0.3178,0.096596,0.16065,0.027788,0.026423,0.0024141,0.0028275,0.0012389,0.00022685,0.00012441,0.0016969,0.0081729,0.14111,0.096703,0.065532,0.0388,0.013019,0.0020245,0.0026802,0.0043873,0.0022853,0.0022047,0.0020384,0.0028367,0.0054725,0.0036824,0.022644,0.0013271
2,0.12135,0.17881,0.12198,0.039961,0.017489,0.015819,0.013158,0.0089227,0.0011303,0.0023119,0.0015868,0.0010172,0.00083674,0.0028777,0.0013118,0.0014866,0.00030938,0.0010097,0.00017956,0.000106,0.00036695,0.07828,0.043707,0.0030275
2,0.0006707,0.0017231,0.00073015,9.1085e-05,0.00051364,0.00066816,0.0013526,0.0010749,0.0023603,0.00050087,0.00065228,0.00021251,7.6629e-05,9.8596e-05,0.00017657,8.5919e-05,0.00017994,0.06463,0.67856,0.035244
2,0.061338,0.0961,0.023386,0.020163,0.013397,0.012316,0.0089211,0.038371,0.010063,0.028021,0.0053505,0.0046446,0.0052022,0.00021619,7.5471e-05,1.7865e-05,5.5836e-06,2.8403e-06,0.0053373,0.0074343
2,0.016251,0.025728,0.064672,0.03789,0.0070417,0.0085336,0.0058091,0.0050383,0.0058562,0.010004,0.013883,0.0098384,0.0036962,0.001539,0.0014519,0.00045024,0.00053264,0.0015086,0.0008397,0.00060507,0.042979,0.20856,0.0039445
2,0.011349,0.019242,0.0090999,0.0029485,0.001183,0.00066607,0.00053799,0.00093096,0.0021905,0.00096646,0.00035542,0.00041024,0.00020636,1.9146e-05,9.5631e-06,1.4549e-05,3.7823e-05,5.5404e-05,0.00062291,0.26778,0.21431,0.035376,0.0076439
2,0.0017928,0.0012274,0.0068154,0.0028256,0.0031745,0.01351,0.013927,0.0015842,0.0012149,0.0014272,0.00042903,0.00017458,0.00038815,0.0004965,0.00029125,0.00040106,0.0013837,0.0027311,0.0011978,0.0084722,0.20727,0.017384,0.0030667
2,0.06335,0.047498,0.089533,0.011659,0.0033008,0.007954,0.010017,0.0023051,0.0045438,0.0094781,0.018193,0.0083527,0.0051708,0.0051008,0.0020238,0.00032365,0.0002353,0.00070947,0.00028745,0.0004566,0.024715,0.27268,0.10108,0.0061291
2,0.0054784,0.00092663,0.00039603,0.00049171,0.00026425,0.00056092,0.00022119,0.00026707,0.00052576,0.0061711,0.0036325,0.00395,0.0065856,0.006113,0.0061117,0.00053609,0.0008528,0.00080571,0.00118,0.00096156,0.01372,0.0055843,0.0090146,0.0071541,0.0089371,0.0062417,0.091166,0.19826,0.1179,0.17695,0.273,0.25863,0.073661
2,0.0038663,0.0040824,0.0017789,0.0016244,0.0016021,0.0054394,0.0075659,0.0061621,0.00031364,0.00024496,0.00016544,0.00043752,0.0010661,0.040454,0.054947,0.071047,0.040945,0.20572,0.29434,0.4184,0.5,0.2279,0.0010058
2,0.00056732,0.00016018,0.00012383,0.00035649,0.00033623,0.00010851,0.0016935,0.00037664,0.00023188,0.00011502,0.00038424,0.0010036,0.0012386,0.0019348,0.003363,0.0044326,0.0038207,0.022407,0.019077,0.028606,0.15695,0.53478,0.001213
2,0.0011898,0.00051004,0.001978,0.00078504,0.00089786,0.0047275,0.0045294,0.00089483,0.00097907,0.0021042,0.0051373,0.0042915,0.034593,0.034792,0.028224,0.034574,0.08129,0.082195,0.056374,0.14002,0.1618,0.0068897
2,0.00090098,0.00086599,0.00081286,0.0040057,0.0048661,0.014478,0.020609,0.010203,0.029196,0.0036655,0.013297,0.007167,2.8406e-05,7.7789e-06,7.1673e-06,3.4939e-05,4.5133e-05,0.00021999,0.00044275,0.0003794,0.001556,0.0090995,0.013348,0.04621,0.060226,0.34763,0.20764,0.0024961
2,0.10836,0.083878,0.036856,0.025009,0.06231,0.014248,0.011364,0.0048113,0.0080363,0.0010004,0.0003421,0.00021156,0.00012483,0.00033582,0.00069101,0.010213,0.0043554,0.00058555,0.00012192,0.00092813,0.00014013,0.00016174,0.00079312,0.010932,0.018876,0.0023567,0.0048405,0.0038969
2,1.7808e-05,1.1517e-05,1.3997e-05,2.0803e-05,7.6702e-05,0.00054819,0.00035963,0.00045804,0.00030119,9.1354e-05,0.00015925,0.0013291,0.0024454,0.0013357,0.00054084,0.00089101,0.00052017,0.00040003,0.0032817,0.008858,0.006907,0.007117,0.0092642,0.014733
2,0.035673,0.062105,0.099035,0.19476,0.14374,0.080653,0.072126,0.060772,0.052398,0.058168,0.054604,0.029283,0.0035994,0.0024084,0.0085364,0.0093145,0.0098523,0.011319,0.0015547,0.00053804,0.00039862,0.00015419,0.00015217,0.00043475,0.0006161,0.0017673,0.0022375,0.018612,0.0040268
2,0.0027126,0.0018436,0.001802,0.001279,0.0014925,0.0010613,0.00072939,0.00031019,0.00035644,0.0014953,0.0011258,0.00098336,0.00054754,0.0015416,0.0016177,0.006189,0.00055735,0.00042659,0.00034995,0.00020269,5.5866e-05,0.00046545,0.0045031,0.0040575,0.0023075,0.0033055,0.023879,0.016559,0.0084617,0.011784,0.041158,0.0061649,0.00096672
2,0.00049266,0.00033178,5.1824e-05,4.6086e-05,0.00022771,9.5171e-05,0.00022693,0.00099615,0.0026312,0.0003462,0.00018289,0.00043529,0.00015655,0.0002675,0.0006291,0.00022131,7.8462e-05,0.00016523,6.0807e-05,4.6963e-05,9.2408e-05,0.00015654,9.6493e-05,0.0017358,0.0072217,0.016131,0.033633,0.0050713
2,0.0086661,0.0039702,0.00412,0.0058799,0.016971,0.0049416,0.0047719,0.027542,0.010427,0.008384,0.013529,0.0052995,0.0056294,0.014717,0.076506,0.082792,0.070239,0.0057691,0.033827,0.011539,0.0082916,0.0063143,0.010404,0.014912,0.068278,0.080574,0.031363,0.0032476
2,0.00528,0.017169,0.014047,0.024052,0.013845,0.011138,0.001512,0.00016276,0.0015997,0.014196,0.04192,0.025294,0.006297,0.0005188,0.00012114,0.00018506,9.2551e-05,0.00029607,0.00080388,0.00017671,4.5214e-05,0.00034917,1.3052e-05,0.00010337,7.855e-05,8.0465e-05,7.0816e-05,0.00083028,0.00095909,0.023338,0.030149,0.06462,0.029458,0.0053117,0.0053095,0.026444
2,0.0072771,0.0024886,0.00034335,0.00010021,2.1984e-05,2.2443e-05,3.6365e-05,0.0013644,0.0049787,0.0047815,0.0043106,0.0084868,0.0074669,0.019088,0.035597,0.01355,0.019879,0.037427,0.067731,0.06133,0.020151,0.01551,0.030335,0.10102,0.054141,0.0084913,0.0078705
2,0.056542,0.044001,0.018261,0.013163,0.014627,0.025662,0.012441,0.012161,0.024894,0.20553,0.19726,0.22628,0.039077,0.019971,0.025765,0.0089013,0.0014244,6.5143e-05,2.3838e-05,4.0753e-05,2.0537e-05,1.3341e-05,0.00018389,0.003665,0.0027369,0.0044627,0.0010019
2,0.017924,0.012698,0.017039,0.024296,0.029393,0.075797,0.089253,0.1014,0.11132,0.1314,0.12826,0.058894,0.053479,0.061682,0.017314,0.021431,0.04709,0.04159,0.045909,0.1447,0.12277,0.048275,0.033072,0.025815,0.03781,0.066555,0.048837,0.0077907,0.00025312,0.00038131,0.00024009,0.00036663,0.0030744,0.21475,0.18844,0.13497,0.10622,0.18939,0.019616,0.0026514,0.0032459
2,0.0431,0.011615,0.028545,0.022961,0.020617,0.019956,0.02882,0.04439,0.035331,0.0067774,0.0027231,0.00051343,0.00020017,7.104e-05,0.00010555,0.00024116,0.00098817,0.00051474,0.00041073,0.00075323,0.00061032,0.00057647,0.00096979,0.0006063,0.00010693,0.0002211,0.00014301,0.00021043,0.00048049,0.021287,0.028703,0.038814,0.032066,0.11438,0.033652,0.048485,0.036635
2,0.015296,0.028487,0.064433,0.030192,0.012257,0.022097,0.020275,0.011856,0.01712,0.011594,0.043616,0.062773,0.053314,0.025755,0.04776,0.060749,0.081445,0.037986,0.017064,0.039298,0.090513,0.15227,0.16513,0.065156,0.0058449,0.0012539,0.00086333,0.00069725,0.000314,0.0003455,2.9487e-05,5.5111e-06,2.3622e-06,1.4483e-06,2.2916e-07,3.9127e-06,0.00011222,6.1739e-05,0.00057631,0.0012932,0.0022639,0.0022652,0.026547,0.039785,0.0010604
2,0.00021892,0.00024462,0.0017567,0.00096587,0.0030671,0.0021897,0.0041387,0.010812,0.010919,0.0079328,0.017071,0.0053461,0.0024385,0.0019938,0.0023587,0.0016228,0.0036308,0.0018076,0.00147,0.00070807,0.0004379,0.0001177,0.00016032,5.5932e-05,8.9564e-06,1.7374e-05,0.00092776,0.0020424,0.0028428,0.0079995,0.040716,0.10251,0.041252,0.0097234,0.0064112,0.0016639,0.00039336,6.6015e-05,3.5016e-05,0.00037184,0.00026774,0.00036193,0.017974,0.05997,0.23963,0.016361,0.010259,0.0040609,0.0046862,0.0018048,0.0074409,0.00066908
2,0.0022677,0.0029854,0.0070931,0.0030052,0.0060365,0.0084038,0.022368,0.047322,0.028304,0.021254,0.0013078,8.0202e-05,2.0237e-05,2.8289e-06,3.3779e-06,3.6332e-06,3.5808e-05,0.0017917,0.001258,0.0012063,0.00096343,0.00029386,0.00044307,0.00024113,0.00015127,0.00050076,0.00069619,0.001976,0.010631,0.014858,0.029562,0.026424,0.035207,0.066838,0.059099,0.019929
2,0.049724,0.060507,0.012878,0.012608,0.013746,0.020707,0.031844,0.042672,0.08922,0.055665,0.036844,0.035615,0.019801,0.02863,0.018213,0.0020645,0.0015769,0.009987,0.005666,0.006156,0.0040786,0.0021638,0.00066862,0.00022525,0.00064837,0.00030786,2.046e-05,2.3144e-05,5.0852e-05,2.7454e-05,2.7744e-05,0.026093,0.095331,0.13065,0.31789,0.18878,0.12725,0.105,0.081454,0.17538,0.024992
2,0.077408,0.173,0.12791,0.20662,0.01706,0.006502,0.0021191,0.00044878,4.6804e-05,0.00019612,0.00096674,0.0017527,0.005556,0.0019846,0.0014402,0.00035919,3.5822e-05,2.1867e-05,5.2741e-06,2.6253e-06,6.5914e-06,1.2513e-05,4.0863e-05,8.3761e-05,0.010627,0.039554,0.021078,0.041431,0.17788,0.32959,0.27764,0.0067199
2,0.00080849,0.00030546,0.00092212,0.0045392,0.015719,0.079893,0.033045,0.028421,0.0064793,0.0019561,0.0039495,0.0044465,0.00077156,0.00078352,0.00051976,0.00031205,0.0019459,0.012435,0.029212,0.012286,0.033706,0.036435,0.055257,0.1205,0.38224,0.014441,0.0061382
2,0.00081089,0.00010851,1.6569e-05,1.1883e-05,5.805e-06,7.3921e-06,2.5416e-05,0.0010218,0.0018927,0.00060231,0.00048263,0.00022781,0.00014512,0.00015922,0.00076602,0.00068467,0.00025068,0.00015296,0.00030503,0.0002766,7.5333e-05,5.1292e-05,3.9964e-05,1.8937e-05,0.000194,0.0012734,0.0013633,0.0038452,0.010442,0.039518,0.017707,0.0072612,0.064582,0.074159,0.067269,0.11833,0.28771,0.099855
2,0.00016861,0.00061897,0.0001251,8.2776e-05,0.00013324,2.5227e-05,8.0494e-06,3.5736e-05,0.00011779,0.00022068,0.0001019,1.6958e-05,0.00017043,0.00028446,0.00014943,0.00041385,0.0051887,0.0065272,0.0069528,0.04245,0.082356,0.1204,0.25678,0.14147
2,0.0050799,0.0097864,0.011532,0.011496,0.0069425,0.025687,0.023946,0.01422,0.021491,0.0090695,0.0069801,0.0081033,0.0076603,0.0065712,0.0024004,0.010314,0.0028053,0.0018453,0.0017021,7.52e-05,3.2293e-05,5.0314e-06,2.2518e-06,7.4238e-07,1.6563e-06,5.3906e-06,6.1751e-05,0.0013687,0.0025223,0.0071317,0.056661,0.13485
2,0.059336,0.077556,0.10356,0.23508,0.12904,0.17156,0.10415,0.060142,0.067719,0.048071,0.043621,0.12034,0.058225,0.017708,0.002513,0.00024279,8.6887e-05,0.00010825,0.00014876,0.00041612,0.00010481,0.00018238,0.00023398,0.00010342,0.00012758,8.9668e-05,0.00045836,0.012179,0.039866,0.090656,0.48316,0.61413,0.049954
2,0.0045924,0.0034317,0.0068835,0.0028351,0.0021159,0.0012809,0.0015287,0.010574,0.0042188,0.0024553,0.0070481,0.0021647,0.00046078,0.0009299,0.00081676,0.0005235,0.00084202,0.0026056,0.0015976,0.0083372,0.010289,0.017299,0.14927,0.17824,0.00025016
2,0.033811,0.056725,0.049746,0.0071552,0.0019258,0.0012785,0.0003194,0.0002835,0.0005734,0.00014483,4.7729e-05,7.2938e-05,6.419e-05,0.00010704,0.00022637,0.0020914,0.003655,0.0024545,0.0018679,0.00087462,0.00022268,0.00060546,0.0006044,0.0011602,0.18578,0.22944,0.13208,0.27353,0.5,0.3508,0.35993,0.0014643
2,0.0004162,0.0012571,0.00049333,0.00054447,7.4304e-05,5.3425e-05,1.6546e-05,5.5754e-05,4.4897e-05,0.0034704,0.0078092,0.00069104,0.00039165,5.2995e-05,4.0263e-05,0.00055867,0.016328,0.0522,0.082096,0.22957,0.45888,0.10892
2,0.011931,0.028699,0.044437,0.10382,0.16073,0.19395,0.17571,0.065491,0.0055565,0.0076616,0.0073789,0.030655,0.061793,0.049654,0.0079726,0.0019643,0.00060003,0.00023991,0.00017778,0.00023944,0.001768,0.0026672,0.0045125,0.016714,0.10059,0.029931,0.0067969
2,0.002254,0.002573,0.0035926,0.00062968,0.0011128,0.00059004,0.00023145,0.00013332,0.00020303,0.00010164,0.0001576,0.00027808,0.00018738,0.00062427,0.0015617,0.004781,0.0051186,0.0042494,0.0027392,0.001944,0.0015298,0.013402,0.062203,0.02232,0.059857,0.25253,0.10885,0.086901,0.0036617
2,0.0020828,0.0026127,0.010235,0.0013501,0.00091579,0.00047027,0.00033052,3.6402e-05,4.2807e-05,5.1953e-05,0.00055834,9.1328e-05,7.1452e-05,4.5282e-05,5.9658e-05,5.1106e-06,0.00052976,0.00058939,0.00051167,0.00024852,0.0020461,0.01587,0.049414,0.20549,0.012563,0.0020082
2,0.00014574,0.00032587,0.00033567,0.00041383,0.00057654,0.00026718,0.00023315,0.0001791,0.00071019,0.00082529,0.00079333,0.00012968,0.00040484,0.00057305,0.00020887,0.00029447,0.017878,0.056099,0.045554,0.27143,0.62447,0.026978
2,2.4263e-05,8.1929e-06,7.3622e-06,7.3358e-06,5.6287e-06,9.2645e-05,0.00035904,0.00014851,0.00023906,0.00012423,0.00071777,0.002374,0.0010038,0.00011127,4.3119e-05,2.1691e-05,3.6367e-05,0.00011505,0.00031397,0.0052535,0.0176,0.014583,0.015889,0.0485,0.02766,0.28507,0.026183
3,0.0022323,0.0036278,0.0059406,0.11148,0.29448,0.13855,0.11888,0.04335,0.029316,0.012746,0.0063213,0.0098475,0.040634,0.036827,0.095084,0.083056,0.11914,0.024986,0.0034174
3,0.041615,0.020786,0.0015547,0.006002,0.034284,0.012172,0.014006,0.015262,0.065614,0.0099224,0.012791,0.02105,0.010654,0.056567,0.017993,0.020631,0.0068885,0.0070052,0.0046917,0.027324,0.023238,0.020187,0.032271,0.038154,0.13114,0.18777,0.061606,0.039879,0.068129,0.06311,0.022123
3,0.082913,0.084728,0.11688,0.2702,0.36531,0.47154,0.38077,0.15645,0.011654,0.023732,0.012026,0.019277,0.038172,0.060437,0.11678,0.074785,0.042491,0.041336,0.014186,0.011672,0.0043588
3,0.012123,0.0029112,0.0028113,0.0036342,0.014373,0.0081516,0.0057881,0.0014091,0.00057422,0.00021576,0.00055556,0.00092966,0.0028845,0.0019661,0.0029799,0.0060833,0.013517,0.022442,0.051462,0.060866,0.019901,0.022274,0.13245,0.021546,0.0079259,0.0041012,0.017612,0.012749,0.00056807
3,0.074588,0.041763,0.060379,0.033804,0.043418,0.024696,0.0078265,0.013454,0.0062846,0.0088331,0.0041577,0.0027431,0.0031053,0.0073099,0.012624,0.0030779,0.0026489,0.0035095,0.0044607,0.0031607,0.0027986,0.0022349,0.0033112,0.059321,0.21453,0.23911,0.064726,0.074992,0.16099,0.083429,0.06196,0.25209,0.14642,0.036867,0.021436,0.060737,0.13142,0.16886,0.035893
3,0.044021,0.023343,0.040955,0.093869,0.036303,0.051688,0.055103,0.14923,0.050544,0.033545,0.030972,0.028022,0.0093083,0.01066,0.0010527,0.0037272,0.0018463,0.0015366,0.0022716,0.0021038,0.00053943,0.00083111,0.0011208,0.0010385,0.0386,0.065779,0.074847,0.077195,0.022103,0.015641,0.047473,0.041612,0.07054,0.052312,0.031614,0.031044,0.13239,0.14757,0.10102,0.08507,0.36247,0.4657,0.52562,0.74582,0.6736,0.46086,0.312,0.085895,0.069056,0.044992,0.0091312,0.0093385,0.022919,0.017937,0.025899,0.10968,0.0060228
3,0.13323,0.090468,0.022391,0.10898,0.097293,0.19064,0.10386,0.08199,0.062783,0.089048,0.05577,0.059925,0.085892,0.036647,0.0043131,0.0034119,0.010483,0.0086011,0.0033982,0.0024285,0.011976,0.2317,0.20551,0.26727,0.3945,0.30083,0.23197,0.14377,0.13761,0.04733,0.12536,0.13971,0.28111,0.68876,0.20104,0.13707,0.010054,0.03063,0.097255,0.10936,0.21981,0.37502,0.47057,0.34442,0.13799,0.13303,0.18552,0.02249,0.032533,0.069275,0.015898,0.0077769,0.003766,0.001833
3,0.0066009,0.0065964,0.0046656,0.0016579,0.003258,0.0085643,0.0035017,0.0062432,0.0061217,0.016439,0.026575,0.07052,0.034833,0.047658,0.046249,0.01168,0.017603,0.01938,0.026561,0.09703,0.17269,0.17541,0.53855,0.30776,0.28389,0.25469,0.09355,0.22487,0.082367,0.049654,0.071272,0.010591,0.0036495,0.0038651,0.0038753,0.0036291,0.0064971,0.0068277,0.0086571
3,0.053223,0.027226,0.016951,0.025717,0.00841,0.0094193,0.01342,0.0032489,0.0079235,0.017293,0.014821,0.025731,0.13372,0.085302,0.10825,0.063271,0.098563,0.12957,0.18011,0.18036,0.61837,0.39601,0.2794,0.44746,0.60818,0.17564,0.044923,0.023,0.0058085,0.002011,0.0044034,0.047142,0.036968,7.8513e-05
3,0.014753,0.007983,0.0050803,0.006815,0.011086,0.015061,0.011085,0.011627,0.015561,0.0036259,0.011891,0.019899,0.028686,0.076368,0.29928,0.095111,0.1411,0.14293,0.2082,0.093677,0.084439,0.092461,0.064304,0.023296,0.1148,0.17832,0.060233,0.0273,0.01388,0.040297,0.05709,0.14691,0.1481,0.11985,0.07861,0.019491,0.0034513,0.0018083,0.00024489,0.00014624,0.00025285,0.0017747,0.0014467,0.0017887,0.0024225
3,0.022085,0.00049932,0.0049751,0.039022,0.18895,0.15838,0.51216,0.2585,0.26876,0.21846,0.30571,0.39947,0.22316,0.11308,0.059438,0.018606,0.011536,0.002629,0.0034849,0.0052068,0.0059584,0.018227,0.3033,0.30917,0.28184,0.3673,0.36776,0.18154,0.12203,0.17415,0.42346,0.48822,0.27066,0.38065,0.16966,0.14168,0.016046,0.0035064,0.0019485,0.0021598,0.0026231,0.0033781,0.0090316,0.040114,0.17733,0.34708,0.3033,0.52148,0.42651,0.11189,0.14361,0.069436,0.05465,0.064869,0.12676,0.0041845,0.018797
3,0.050652,0.043156,0.010497,0.0019156,0.0078947,0.0077335,0.0057934,0.018794,0.095208,0.032139,0.0058392,0.0026137,0.004634,0.0018038,0.00096901,0.00063027,0.001115,0.00090698,0.0025004,0.15138,0.12117,0.036083,0.089328,0.017784,0.020765,0.01065,0.020585,0.0048143,0.0057417,0.011336,0.012864,0.0083057,0.056511,0.31539,0.014033
3,0.046553,0.014806,0.028182,0.098815,0.13821,0.079248,0.074469,0.0018077,0.010245,0.0073111,0.010599,0.013651,0.058187,0.097234,0.19035,0.041822,0.024351,0.0074331,0.07193,0.0029329
3,0.47935,0.62733,0.25007,0.40657,0.47607,0.27824,0.30381,0.29008,0.19408,0.19939,0.051554,0.01825,0.038433,0.0074508,0.0039356,0.0043479,0.0082763,0.037062,0.0032002,0.0012767
3,0.091714,0.083808,0.05724,0.14173,0.52044,0.16996,0.10111,0.05098,0.026109,0.027584,0.049599,0.035895,0.019661,0.0055554,0.012408,0.012094,0.0042424,0.0056733,0.0081657,0.020727,0.01091,0.0010359
3,0.020931,0.067759,0.091363,0.06351,0.025692,0.030609,0.016005,0.010436,0.010314,0.073255,0.057789,0.042396,0.019765,0.024401,0.014337,0.001913,0.0012225,0.0011216,0.0014658,0.001104,0.0004728,0.00036405,0.0004322,0.00043056,0.0004548,0.0099192,0.037369,0.011707,0.0455,0.030148,0.0066547,0.0035752,0.0097744,0.013847,0.0043283,0.0031454,0.0022374,0.0066536,0.015166,0.0043859,0.01009
3,0.12577,0.26695,0.039322,0.026947,0.031156,0.029723,0.0059269,0.0053675,0.0083901,0.020309,0.022516,0.013652,0.03294,0.020345,0.011675,0.014199,0.019125,0.01845,0.040912,0.018422,0.033328,0.096102,0.23554,0.0024625
3,0.0070433,0.0054875,0.038276,0.14395,0.32765,0.1187,0.0096189,0.028141,0.0022599,0.0022322,0.011427,0.02035,0.079414,0.13564,0.33065,0.16359,0.13534,0.0073126,0.0011336,0.0016703,0.0033537,0.0081792,0.021052,0.15662,0.06219,0.12036,0.26203,0.28417,0.11325,0.15941,0.067871,0.0093563,0.013959,0.025623,0.018504,0.020817,0.012079,0.16996,0.083442,0.031415
3,0.076598,0.042012,0.074864,0.0020947,0.0020387,0.0053104,0.016426,0.015467,0.022885,0.013617,0.0079982,0.0035078,0.0070257,0.004702,0.0074708,0.018713,0.071081,0.098482,0.011832,0.0046617,0.034228,0.072281,0.052829,0.23772,0.45344,0.41507,0.32021,0.4087,0.51912,0.2485,0.32142,0.14048,0.10497,0.12088,0.073258,0.033701,0.0026721
3,0.0019237,0.00050247,0.0010809,0.0020475,0.0019196,0.0027786,0.0011641,0.0017567,0.0016718,0.0079937,0.0066926,0.0018894,0.0015864,0.001549,0.00074919,0.00067403,0.00051895,0.0032562,0.016537,0.064073,0.02637,0.059245,0.0075371,0.0058852,0.011943,0.012391,0.0098809,0.014257,0.024577,0.013422,0.014483,0.025339,0.0062309,0.0064282,0.0035383,0.0015712,0.0015211,0.001697,0.0017307,0.0010967,0.002021,0.0016889,0.0016107,0.062586,0.042764,0.089652,0.048436,0.013125,0.0041797,0.018683,0.0023575,0.0031708,0.004258,0.010044,0.0057385,0.0011218,0.00088021,0.00081274,0.0010652,0.00042771,0.0077012,0.038318,0.016763,0.038247,0.020866,0.037316,0.17474,0.49093,0.26126,0.051545,0.042918,0.012695,0.024465,0.023055,0.017985,0.0080363,0.010696
3,0.024166,0.067897,0.2043,0.035117,0.0039008,0.010452,0.04589,0.0158,0.071295,0.077444,0.11289,0.1337,0.29292,0.14812,0.063293,0.035007,0.016015,0.010512,0.0027455,0.027539,0.091797,0.25844,0.12557,0.13383,0.32312,0.31051,0.21599,0.33109,0.59842,0.66734,0.38205,0.12595,0.14877,0.17493,0.051584,0.0016841
3,0.22739,0.060817,0.016005,0.028791,0.028979,0.071716,0.1982,0.13676,0.072592,0.028437,0.11373,0.087458,0.074936,0.0074276,0.0096921,0.058503,0.06359,0.11413,0.20642,0.19318,0.16696,0.035972,0.13117,0.06055,0.14828,0.047979,0.024181,0.013094,0.01667,0.030687,0.013385,0.016289,0.039489,0.041219,0.068577,0.029111,0.0629,0.026436,0.0073098,0.010767,0.012765
3,0.3095,0.5,0.37201,0.20515,0.14948,0.24746,0.42677,0.46891,0.53968,0.24944,0.44828,0.38183,0.42521,0.15514,0.24337,0.2792,0.28358,0.21131,0.13937,0.28296,0.39345,0.31961,0.60171,0.42316,0.3411,0.42745,0.081788,0.03669,0.01625,0.014158,0.028604,0.0076701,0.001422,0.0011503,0.0011332,0.00045665,0.00037588,0.00031051,0.00038686,0.00013303,0.0014858,0.022554,0.019993,0.037658,0.19036,0.10036,0.027124,0.16355,0.14778,0.037232,0.10639,0.251,0.33398,0.33924,0.36407,0.13001,0.042216,0.0091632,0.018552,0.00056702
3,0.33807,0.055077,0.083395,0.13302,0.11869,0.03167,0.002483,0.0053147,0.016043,0.006769,0.0043951,0.02769,0.053659,0.03759,0.06631,0.05842,0.041347,0.16015,0.11266,0.11128,0.17543,0.20888,0.086126,0.13121,0.029098,0.075024,0.023583,0.049613,0.12717,0.080297,0.12896,0.090714,0.055406,0.043385,0.012569,0.016594,0.0026202,0.0020279
3,0.037324,0.014776,0.027322,0.01969,0.039835,0.030061,0.040603,0.024382,0.027583,0.056993,0.032378,0.039592,0.05279,0.0026913,0.0024662,0.0022404,0.0012061,0.00050283,0.026268,0.11384,0.14277,0.24894,0.077705,0.039158,0.016143,0.018921,0.0087552,0.0064897,0.091042,0.12207,0.039656,0.038829,0.0020607,0.0058873,0.036046,0.21811,0.22604,0.075758,0.18604,0.21822,0.03538,0.014971,0.012292,0.0053956,0.0071882,0.0059837,0.0019314,0.0028344,0.0015169,0.00075838,0.00061648,0.00041549,0.00046526,0.00056606,0.00057035,0.010095,0.042339,0.021093,0.010192,0.028028,0.022524,0.054108,0.013045,0.0038505,0.00087844,0.0016695,0.000585,0.0003671,0.00040491,0.0010413,0.0048753,0.017287,0.027991,0.023535,0.01769,0.0032111,0.0009434,0.00057037,0.0019497,0.0048899,0.012779,0.09434,0.19843,0.14019,0.085079,0.048453,0.015046,0.005936,0.0090975,0.0021513
3,0.28503,0.24562,0.27017,0.25748,0.32155,0.38582,0.42224,0.24514,0.16109,0.059114,0.058902,0.012095,0.0081027,0.0014711,0.0019934,0.0011976,0.0021994,0.0046384,0.089327,0.3437,0.055176,0.034871,0.016165,0.021021,0.015884,0.01897,0.066832,0.24852,0.13137,0.075672,0.10883,0.19519,0.070219,0.13524,0.038212,0.065673,0.0088685,0.0018828,0.00084116,0.00067229,0.00050328,0.0005715,0.015732,0.25544,0.14002,0.16542,0.12417,0.050991,0.090877,0.078829,0.10248,0.12229,0.355,0.23791,0.36212,0.27014,0.26175,0.025008,0.028344
3,0.060757,0.10881,0.033145,0.053378,0.080761,0.021252,0.020845,0.023576,0.020866,0.063287,0.028627,0.0023177,0.0018076,0.0025262,0.041163,0.043847,0.044135,0.0065221,0.0016013,0.001866,0.0084309,0.011554,0.0084244,0.0066708,0.038572,0.080956,0.080323,0.05576,0.066951,0.12005,0.067476,0.024555,0.0096922,0.010631,0.016811,0.03239,0.069825,0.078655,0.046466,0.0614,0.041058,0.065906,0.0077484,0.0033605,0.0065546,0.0065179,0.0086647,0.082952,0.11161,0.031203
3,0.014649,0.018828,0.028041,0.0045399,0.00039529,0.0019475,0.00061932,0.00041265,0.0010706,0.057393,0.43759,0.28211,0.2751,0.025164,0.014183,0.0029541,0.0060628,0.014367,0.10645,0.11835,0.11334,0.072686,0.026464,0.056221,0.020732,0.0042658,0.0025533,0.0012461,0.00062005,0.00083906,0.0007742,0.00067325,0.00064271,0.018923,0.030393,0.011348,0.0051061,0.0046232,0.0083152,0.0058838,0.014422,0.028714,0.063867,0.029263,0.012059,0.0096935,0.10438,0.067598,0.055702,0.064556,0.036654,0.01494,0.0076328,0.010987,0.010939,0.022772,0.14517,0.095234,0.21886,0.50787,0.57576,0.64511,0.47126,0.36663,0.2567,0.33832,0.13195,0.0075886
3,0.07995,0.042941,0.03598,0.05746,0.035,0.01069,0.18997,0.15764,0.079212,0.039469,0.050138,0.1155,0.091857,0.12546,0.050648,0.043788,0.013344,0.0024645,0.0015158,0.0011691,0.0011983,0.0023025,0.0021588,0.0026593,0.00079317,0.00094607,0.0012897,0.0012714,0.15732,0.18637,0.16396,0.28688,0.37833,0.31447,0.068327,0.042879,0.060245,0.0095793,0.029347,0.17496,0.080506,0.085567,0.27011,0.15959,0.11958,0.24155,0.20463,0.045465,0.005142
3,0.0027012,0.0046396,0.019465,0.032214,0.055427,0.050826,0.019476,0.044008,0.090579,0.15947,0.29779,0.24746,0.031748,0.028977,0.062651,0.30029,0.69406,0.33083,0.092481,0.024245,0.014416,0.0018498,0.00039664,0.00055995,0.00044839,0.017157,0.05304,0.075756,0.047432,0.068361,0.12837,0.13313,0.0061363,0.0053368,0.0013864,0.0021111,0.017157,0.096964,0.10226,0.085922,0.060912,0.0095518,0.024349,0.12239,0.1945,0.28601,0.45782,0.57636,0.074897,0.015341,0.03489,0.01893,0.017216,0.059853
3,0.010441,0.03213,0.016875,0.0068033,0.011687,0.01459,0.0077274,0.0027819,0.0074474,0.0077725,0.0046382,0.0020993,0.0060121,0.0044227,0.015057,0.013504,0.0061399,0.0024791,0.0022421,0.00053612,0.00034531,0.0004324,0.00037927,0.00028274,0.0006084,0.0022744,0.079805,0.1459,0.33676,0.23965,0.19839,0.088919,0.027642,0.053536,0.069218,0.097835,0.065419,0.089532,0.11105,0.093104,0.020819,0.0096603,0.011484,0.034126,0.037841,0.011249,0.035842
3,0.23358,0.030822,0.014601,0.016547,0.0064685,0.043987,0.037379,0.079602,0.046265,0.057745,0.03075,0.0057261,0.020756,0.0063129,0.011482,0.0049685,0.0058784,0.0095645,0.0067401,0.00041876,0.00061713,0.0014649,0.063456,0.39171,0.51651,0.44631,0.68957,0.54707,0.40832,0.30421,0.15591,0.05723,0.037264,0.027486,0.012808,0.030203,0.01374,0.0037073,0.0011577
4,0.0049448,0.028725,0.090164,0.37348,0.36332,0.4204,0.32086,0.22545,0.21265,0.14674,0.10239,0.079546,0.03609,0.046398,0.024115,0.047075,0.055638,0.034162
4,0.18873,0.1088,0.062242,0.12065,0.35563,0.43768,0.52512,0.28047,0.20736,0.06114,0.047657,0.02801,0.023857,0.045374,0.063684,0.16289,0.035435
4,0.015423,0.014648,0.011125,0.041792,0.022766,0.12471,0.15807,0.23569,0.15862,0.088491,0.030844,0.012708,0.014301,0.011225,0.016556,0.014771,0.0065487,0.01144
4,0.0030177,0.004659,0.0062658,0.050758,0.03979,0.17019,0.23021,0.33743,0.3305,0.12998,0.15602,0.11194,0.092996,0.14153,0.10673,0.061719,0.052362,0.0086622
4,0.069935,0.20003,0.21062,0.3185,0.30566,0.24591,0.067648,0.046821,0.06362,0.025557,0.042989,0.079468,0.14521,0.41776,0.055347,0.0086847
4,0.048997,0.087455,0.044898,0.3123,0.43763,0.21385,0.48714,0.38319,0.48845,0.24605,0.19713,0.16671,0.17882,0.11363,0.013693,0.0076513,0.0032575
4,0.016285,0.0071561,0.055935,0.13814,0.18203,0.21826,0.18027,0.093137,0.081738,0.14197,0.23801,0.40154,0.44233,0.2398,0.13318,0.053537,0.14832,0.054948
4,0.043744,0.06054,0.064617,0.069664,0.16545,0.15423,0.13431,0.28057,0.25053,0.45899,0.14498,0.05678,0.034242,0.10134,0.10651,0.018834,0.018343
4,0.025007,0.00082393,0.0034799,0.0089851,0.017825,0.01893,0.036531,0.031803,0.085174,0.099049,0.23023,0.40645,0.36033,0.24447,0.29546,0.10193,0.032532,0.00027234
4,0.52902,0.49279,0.4808,0.36129,0.39318,0.25201,0.19205,0.5,0.5,0.28502,0.17957,0.21439,0.22885,0.049734,0.0079867,0.00012084
4,0.0024396,0.0043942,0.016038,0.06898,0.035832,0.014162,0.14567,0.16967,0.17976,0.15055,0.5,0.72227,0.42981,0.30593,0.20715,0.011196
4,0.16477,0.046411,0.014349,0.0091769,0.10455,0.28282,0.41861,0.17348,0.11479,0.059055,0.17186,0.49311,0.35972,0.13431,0.11539,0.21684,0.042758,0.0031815
4,0.12733,0.2023,0.13572,0.045516,0.07407,0.17599,0.20036,0.19365,0.26146,0.4521,0.42739,0.65099,0.79722,0.78276,0.55961,0.14928,0.066308,0.0265,0.015867,0.0070909,0.0054948
4,0.0057707,0.012243,0.016337,0.028674,0.068209,0.36038,0.53869,0.57296,0.5173,0.58332,0.40464,0.30424,0.25605,0.31526,0.22565,0.081971,0.23657,0.48373,0.19289,0.059818,0.03177
4,0.14678,0.067651,0.055689,0.44678,0.59616,0.44743,0.69544,0.54002,0.52308,0.64458,0.14329,0.084429,0.1345,0.17489,0.099175,0.036063,0.0018546
4,0.091416,0.6417,0.54765,0.69079,0.17114,0.21301,0.060754,0.17124,0.36795,0.43872,0.44638,0.17748,0.32051,0.31405,0.09655,0.076098,0.12813,0.36113,0.20859,0.77188,0.89031,0.67806,0.40486,0.32918,0.10715,0.20396,0.01188,0.0031984,0.0045909,0.0050072,0.0010623,0.010617,0.0039518,0.0042063
4,0.04836,0.11984,0.13584,0.14297,0.28146,0.3287,0.23249,0.14973,0.3128,0.5,0.55849,0.27589,0.42621,0.12268,0.21595,0.091385,0.1131,0.15171,0.8278,0.8575,0.89894,0.78571,0.78773,0.2905,0.18475,0.29977,0.25894,0.18746,0.27355,0.408,0.13154,0.045694,0.050661
4,0.082643,0.1357,0.16514,0.22981,0.38134,0.41658,0.16498,0.35861,0.44989,0.51368,0.6,0.5,0.16861,0.39467,0.32086,0.31531,0.3293,0.8013,0.69791,0.7999,0.81047,0.83687,0.45308,0.10675,0.16109,0.14844,0.10088,0.14136,0.16972,0.04482,0.060843
4,0.012431,0.037999,0.031983,0.2841,0.44309,0.3635,0.088166,0.11682,0.10754,0.11645,0.40121,0.34565,0.37327,0.3552,0.33707,0.48601,0.35656,0.47145,0.69502,0.5746,0.79797,0.71045,0.72366,0.49467,0.29229,0.46022,0.13828,0.13353,0.25106,0.23004,0.053357,0.033443
4,0.077134,0.23094,0.14072,0.08545,0.09981,0.077824,0.027109,0.040102,0.030976,0.045388,0.057971,0.069334,0.041785,0.13559,0.041333,0.071033,0.035754,0.089488,0.15685,0.27833,0.18003,0.24449,0.24816,0.13945,0.20038,0.25933,0.14622,0.23571,0.26912,0.11017,0.02233,0.018463
4,0.1092,0.10418,0.030503,0.033551,0.074974,0.056774,0.023995,0.27776,0.15719,0.29488,0.2889,0.15476,0.063304,0.1423,0.20348,0.50881,0.1564,0.27674,0.31385,0.40291,0.08846
4,0.17566,0.059684,0.17052,0.26821,0.161,0.098629,0.04429,0.088903,0.044818,0.056826,0.036609,0.096836,0.28375,0.14917,0.086098,0.088871,0.34752,0.1399,0.0011358
4,0.251,0.24359,0.082139,0.14785,0.28979,0.2698,0.29393,0.36416,0.26996,0.10528,0.066215,0.043109,0.096793,0.20915,0.31297,0.21967,0.17142,0.56817,0.042882
4,0.0065197,0.0028519,0.0047548,0.050063,0.096873,0.12284,0.45772,0.18388,0.15378,0.21991,0.24074,0.059427,0.13097,0.063122,0.05914,0.03048,0.020861,0.02049,0.046306,0.29554,0.19979,0.12093,0.034669,0.0025947
4,0.045217,0.050535,0.032975,0.10227,0.10752,0.058211,0.12975,0.38933,0.43732,0.26477,0.14382,0.36512,0.25924,0.33119,0.28616,0.31676,0.15121,0.23835,0.49203,0.39805,0.43024,0.51707,0.30625,0.12691,0.032585
4,0.11924,0.15177,0.11142,0.35835,0.19924,0.14052,0.41541,0.3113,0.19059,0.29799,0.53223,0.59569,0.48109,0.60447,0.30711,0.28647,0.36476,0.25962,0.21608,0.17255,0.33953,0.07056,0.0067938
4,0.093167,0.2141,0.12602,0.10022,0.15472,0.040342,0.10939,0.363,0.37826,0.35694,0.48755,0.2772,0.1007,0.12927,0.19622,0.1003,0.10065,0.12043,0.24725,0.13593,0.44469,0.1454,0.11355,0.084486,0.024807
4,0.24426,0.01747,0.0063035,0.030205,0.0517,0.051988,0.1124,0.2124,0.074224,0.16887,0.15236,0.29967,0.42909,0.19285,0.52463,0.5,0.34956,0.18479,0.70469,0.76311,0.58394,0.7095,0.37385,0.37692,0.61209,0.18271,0.056373
4,0.59466,0.4551,0.5053,0.16846,0.064426,0.022904,0.051321,0.074412,0.21488,0.31999,0.54401,0.43093,0.47231,0.2144,0.53943,0.55651,0.44238,0.25255,0.35104,0.47057,0.37726,0.54185,0.12725,0.14001,0.11458,0.03244,0.001198,0.00039414
4,0.57495,0.21982,0.30369,0.44635,0.2277,0.12419,0.10031,0.085041,0.11986,0.16345,0.2766,0.30709,0.23374,0.23229,0.45489,0.50984,0.5575,0.43818,0.64231,0.75493,0.53689,0.3896,0.25394,0.17742,0.047799,0.041302,0.011133
4,0.091905,0.050629,0.018238,0.027373,0.075379,0.058264,0.098116,0.062157,0.067172,0.02139,0.010194,0.0037941,0.0037077,0.010527,0.0066013,0.0025551,0.012873,0.016384,0.0096906,0.033335,0.022552,0.073931,0.058112,0.073121,0.051744,0.049977,0.10394,0.04019,0.047381,0.022004
4,0.062621,0.044295,0.032023,0.069026,0.10288,0.031547,0.029338,0.050302,0.083588,0.07425,0.07268,0.15079,0.21456,0.18975,0.34156,0.17475,0.089431,0.047698,0.087012,0.11133,0.14472,0.13896,0.26614,0.11111,0.13509,0.17373,0.22643,0.30551,0.21485,0.065563,0.0064212
4,0.068113,0.029673,0.017949,0.039432,0.01112,0.02058,0.06077,0.22715,0.305,0.1424,0.12694,0.11557,0.35791,0.35866,0.38038,0.5,0.5169,0.28296,0.59371,0.54617,0.29707,0.33805,0.27025,0.28325,0.14367,0.085883,0.12604,0.0077158
4,0.31593,0.20579,0.14195,0.087578,0.12466,0.11089,0.31837,0.35603,0.39327,0.33569,0.42402,0.66761,0.6121,0.33177,0.12296,0.056404,0.065147,0.10309,0.45049,0.40597,0.17326,0.096156,0.060635,0.022728,0.1165,0.031268,0.056995,0.11366,0.15088,0.18918,0.14899,0.20551,0.33989,0.069225,0.10513,0.036481
4,0.047314,0.034132,0.066884,0.059812,0.027873,0.099255,0.11429,0.32761,0.17297,0.14029,0.35296,0.13783,0.11451,0.14983,0.39939,0.41782,0.31625,0.28619,0.10077,0.019726,0.016234,0.014799,0.036768,0.052355,0.067144,0.11729,0.14758,0.05294,0.098394,0.40815,0.21777,0.37277,0.2452,0.23815,0.04585,0.041078,0.032123,0.0060801
4,0.40553,0.30429,0.72917,0.71771,0.45498,0.43209,0.31513,0.57827,0.54273,0.57713,0.63829,0.46671,0.33106,0.35747,0.58663,0.33279,0.28058,0.15978,0.16028,0.11301,0.13002,0.20753,0.2898,0.42315,0.35156,0.36947,0.20466,0.34802,0.11766,0.1907,0.20335,0.26786,0.12995,0.077441,0.12246,0.17952,0.062805,0.16234,0.010767
4,0.26389,0.35176,0.10304,0.048465,0.071791,0.076758,0.10175,0.27487,0.42045,0.067893,0.14771,0.13403,0.20245,0.15373,0.5,0.31863,0.39368,0.54581,0.52062,0.49166,0.62364,0.47976,0.15717,0.15969,0.18954,0.30313,0.11832,0.35221,0.57265,0.40979,0.44475,0.19468,0.081741,0.014053,0.0087228,0.0084233,0.0028769
4,0.10371,0.25152,0.086625,0.016945,0.019141,0.0081301,0.010147,0.014911,0.41492,0.28559,0.18481,0.14471,0.18979,0.13102,0.23574,0.44691,0.62881,0.57153,0.76863,0.44576,0.36325,0.30136,0.023259,0.0051369,0.0025538
4,0.037222,0.061948,0.11768,0.1589,0.11711,0.12258,0.19693,0.24677,0.24896,0.5817,0.46865,0.19962,0.057557,0.06354,0.060309,0.0055613,0.071604,0.26,0.40193,0.57412,0.80035,0.40356,0.39095,0.39346,0.21554,0.076728,0.0042013
4,0.042245,0.0171,0.18151,0.21811,0.079899,0.028668,0.016322,0.014167,0.11265,0.1296,0.43737,0.33118,0.17765,0.063768,0.25999,0.30721,0.072519,0.21141,0.18807,0.23532,0.26091,0.43584,0.41801,0.37542,0.31769,0.22346,0.14254,0.17712,0.014311
4,0.031843,0.059505,0.1123,0.16792,0.059633,0.10814,0.068176,0.066886,0.4783,0.52016,0.69344,0.64988,0.21917,0.13053,0.18238,0.067224,0.15259,0.18532,0.27943,0.14882,0.41397,0.20298,0.087834,0.077599,0.14726,0.38604,0.024745
4,0.0080421,0.019092,0.022036,0.049155,0.052328,0.0088463,0.013363,0.018773,0.074768,0.41862,0.25666,0.60217,0.63244,0.58298,0.48968,0.43852,0.1448,0.19379,0.25784,0.14493,0.25789,0.22241,0.069983,0.032349
4,0.51411,0.59362,0.4926,0.53787,0.26719,0.25377,0.30723,0.3921,0.69188,0.92478,0.97169,0.90896,0.90152,0.6977,0.22857,0.055322,0.051097,0.16759,0.32084,0.032881,0.01715,0.0056588
4,0.014074,0.044641,0.024409,0.16532,0.26016,0.15949,0.20578,0.18111,0.078515,0.28071,0.64085,0.6662,0.84921,0.71933,0.92212,0.61313,0.40649,0.29653,0.30028,0.26262,0.39474,0.3705,0.27017,0.036885
4,0.27386,0.35215,0.41036,0.25472,0.27714,0.25792,0.20001,0.28221,0.54077,0.84894,0.91654,0.74221,0.42742,0.67508,0.59542,0.30905,0.31802,0.23315,0.25721,0.30106,0.076986,0.021501,0.00045176
5,0.021734,0.029484,0.0070876,0.0039019,0.0075578,0.023956,0.054433,0.050191,0.069611,0.059876,0.076078,0.049836,0.015861,0.0015431,0.0018323,0.0010356,0.00017855,0.00089004,0.00071675,0.0010724,0.0011795,0.0014585,0.013204,0.016622,0.010281,0.024028,0.0064823
5,0.010634,0.010849,0.034868,0.022393,0.14682,0.1049,0.082259,0.014109,0.0062683,0.0020696,0.00043867,0.0013277,0.0034604,0.015661,0.065524,0.13581,0.1058,0.020392,0.00206
5,0.00024487,7.9729e-05,4.1327e-05,0.0015851,0.0081495,0.20034,0.017086,0.013033,0.0067311,0.0069571,0.0019085,0.0037007,0.0017899,0.0010657,0.00020495,0.008517,0.022739,0.021716,0.041571,0.10601,0.055264,0.011169,0.11704,0.0012267
5,0.0026631,2.3334e-05,0.00011369,0.0002853,0.0011519,0.00083436,0.0026007,0.0088972,0.0025987,0.00077485,0.019928,0.01707,0.0013655,0.00024479,0.00010156,4.7711e-05,5.4524e-05,0.0011449,0.10576,0.17669,0.25644,0.38413,0.18565,0.01213,0.0028767
5,0.0033611,0.0018329,0.0093155,0.0085069,0.0095729,0.0017561,0.010191,0.0056612,0.0023822,0.005619,0.06026,0.080974,0.10847,0.26963,0.089737,0.0087412
5,0.00063872,4.2139e-05,0.0058773,0.038767,0.01268,0.017292,0.011428,0.011123,0.012259,0.0083042,0.012167,0.013506,0.13738,0.091068,0.075441,0.046155,0.28436,0.015035,0.013054
5,0.006374,0.001673,0.00069419,0.0016566,0.038578,0.050548,0.074963,0.18915,0.11377,0.047943,0.02536,0.02672,0.056721,0.098971,0.24877,0.045004,0.09416,0.13983,0.14972,0.35015,0.17108,0.11255,0.043202,0.084256,0.059718,0.18646,0.18371,0.059275,0.069926,0.065832,0.015248,0.052145,0.022062
5,0.00019988,2.5734e-06,1.5851e-05,0.00013809,0.00099784,0.020198,0.053669,0.049519,0.065772,0.049474,0.025059,0.0027302,0.0025907,0.005862,0.01576,0.068407,0.059754,0.20203,0.14522,0.070157,0.054738,0.00040045
5,0.0074414,0.00036336,0.0068027,0.0025017,0.062263,0.028815,0.048018,0.050253,0.021757,0.033332,0.02167,0.021074,0.023692,0.031828,0.015123,0.010379,0.0092893,0.0077214,0.0038319,0.0061322,0.0047212,0.0026139,0.025667,0.30951,0.45727,0.40284,0.30692,0.25798,0.12176,0.03187,0.026492,0.041242,0.042413,0.006552,0.028012,0.0079718,0.033879,0.094711,0.099188,0.083862,0.04648,0.0094559
5,0.0035364,0.010304,8.0396e-05,0.0031637,0.0010703,0.0032888,0.0027506,0.019129,0.026197,0.032006,0.03403,0.036261,0.15022,0.060218,0.010811,0.0051579,0.0034598,0.0011089,0.0013901,0.0045057,0.017732,0.033026,0.11039,0.53582,0.22183,0.12823,0.057623,0.020619,0.015896,0.0027306,0.0024365,0.0007139,0.011495,0.017648,0.071404,0.1818,0.44002,0.41594,0.21034,0.15932,0.045479,0.022017,0.0028655,0.0025626,0.00083568,0.0019905,0.0027345,0.01554,0.0097279,0.011869,0.0051324,0.011097
5,0.06917,0.086092,0.025285,0.050912,0.050102,0.085994,0.089973,0.0099969,0.0083796,0.014456,0.019575,0.12188,0.098078,0.046086,0.027429,0.025345,0.015987,0.017533,0.020708,0.014534,0.013458,0.032143,0.011961,0.0081858,0.0041228,0.00362,0.001878,0.00022325,0.0027867,0.0033073,0.012409,0.19812,0.56481,0.029448
5,0.0093827,0.031894,0.0065355,0.10633,0.11008,0.079027,0.014716,0.014165,0.0075443,0.0057492,0.0079038,0.025436,0.038193,0.021196,0.00881,0.022299,0.038458,0.019387,0.0081527,0.011813,0.01392,0.011549,0.011722,0.01784,0.011744,0.00026208,6.447e-05,8.2235e-05,1.1622e-05,2.0751e-05,1.3375e-05,6.0149e-05,0.0033792,0.0062336,0.0039277,0.02367,0.28401,0.013631
5,0.01555,0.012136,0.041136,0.064286,0.078232,0.027296,0.013378,0.0056807,0.0020234,0.0035088,0.0098158,0.015402,0.022205,0.037494,0.03649,0.011425,0.0094235,0.0028585,0.0072141,0.011983,0.043286,0.021532,0.017837,0.0053095
5,0.025105,0.019539,0.011701,0.034141,0.01589,0.0094654,0.018882,0.027893,0.025806,0.020395,0.059954,0.061702,0.031787,0.070232,0.073852,0.017677,0.018484,0.011211,0.017328,0.010521,0.021623,0.017047,0.039627,0.039608,0.039315,0.02951,0.077921,0.062457,0.035167,0.0028325,0.0065765
5,0.0061483,0.0041997,1.8088e-05,3.7631e-05,6.4619e-05,2.2318e-05,0.00011536,0.00031606,0.0050694,0.0034894,0.013537,0.01611,0.013137,0.025992,0.086445,0.21706,0.16026,0.069971,0.071003,0.03477,0.01568,0.008136,0.0084131,0.0047772,0.0066217,0.012983,0.044319,0.026045,0.11128,0.12742,0.0073858
5,0.046707,0.10925,0.18895,0.012003,0.01871,0.030867,0.027093,0.012214,0.013112,0.0027191,0.011306,0.031016,0.03037,0.050284,0.061351,0.076254,0.079778,0.037692,0.036341,0.026568,0.046764,0.04066,0.047876,0.12813,0.037789,0.018964,0.0061564,0.0020794,0.00085379,0.0022512,0.00081213,0.0046513,0.0037905,0.012891,0.0099843,0.011843,0.0013824,0.0043388,0.0037219,0.0012959,0.0079675,0.0087514,0.0050012,0.0090379,0.027206,0.043007,0.073477,0.032482,0.031076,0.06133,0.06058,0.024889,0.026349,0.018116,0.012293,0.0079468
5,0.045605,0.096561,0.17022,0.11604,0.19145,0.20503,0.26811,0.21029,0.24273,0.19859,0.11895,0.072674,0.012494,0.025195,0.019172,0.0035365,0.013259,0.071582,0.18698,0.28825,0.24992,0.021839,0.00087001,0.00019138,0.00017542,0.00013675,0.006313,0.01456,0.00835,0.012214,0.0051885,0.0032664,0.0011653,0.00083362,0.0010358,0.0015722,0.0020176,0.0050416,0.0032975,0.010186,0.023862,0.010599,0.014108,0.059955,0.023493,0.024015,0.032913,0.061156,0.0119,0.019187,0.0033147
5,0.03608,0.034993,0.24419,0.34762,0.55343,0.64119,0.6634,0.41347,0.10256,0.065811,0.08412,0.13262,0.15972,0.20882,0.16804,0.034626,0.023247,0.044673,0.085178,0.12758,0.11113,0.14061,0.047606,0.026686,0.020446,0.046564,0.015813,0.0087683,0.010932,0.011959,0.0017454,0.0025818,0.010088,0.019194,0.0053727,0.064006,0.25678,0.19084,0.35346,0.32019,0.26724,0.20488,0.0071615,0.022286,0.02436,0.0067117
5,0.012824,0.0080883,0.00064395,0.011671,0.012143,0.033548,0.10646,0.12449,0.12858,0.087096,0.11531,0.096683,0.11797,0.258,0.21519,0.15275,0.049212,0.067494,0.023617,0.010893,0.038058,0.03012,0.0077252,0.0039493,0.0095304,0.0035138,0.00071891,0.00048912,0.0016778,0.0015205,0.0071049,0.014491,0.41385,0.33111,0.15512,0.063821,0.30826,0.0021812
5,0.020883,0.0084241,0.045816,0.075325,0.070749,0.045616,0.063898,0.053416,0.12066,0.23374,0.65555,0.0065798,0.0044856,0.0021458,0.0016049,0.00026345,0.0020872,0.079637,0.097333,0.26674,0.58924,0.56939,0.31841,0.15521,0.20342,0.48692,0.026607
5,0.0032876,0.003139,0.0020104,0.00369,0.012516,0.013757,0.0089531,0.010697,0.0080226,0.0050887,0.017374,0.071257,0.065204,0.22324,0.37945,0.03026,0.00090295,0.00031228,0.00067275,0.0004469,0.00069687,0.00081908,0.054548,0.021731,0.029101,0.11902,0.22652,0.28264,0.0012419
6,0.024556,0.038779,0.061271,0.10088,0.071216,0.13251,0.01039,0.0071749,0.011152,0.0029149,0.00065286,0.0028384,0.0050897,0.00097775,0.0099195,0.00059553
6,0.00065705,0.0019541,0.0057376,0.036234,0.077136,0.079268,0.02582,0.0096682,0.0025408,0.00080624,0.00036515,0.00014919,0.0010725,0.0055496,0.01477,0.057465,0.10899,0.017961,0.0019263
6,0.05491,0.075311,0.1008,0.11208,0.14365,0.17966,0.041239,0.025187,0.015734,0.0014297,0.002847,0.0076568,0.005924,0.0029181,0.0028716
6,0.0088068,0.015447,0.016647,0.021201,0.015218,0.026695,0.013572,0.0056802,0.00020105,0.00019733,1.0787e-05,6.106e-07,7.7901e-07,9.7662e-05,0.00013913,0.00077133,0.00080302
6,0.0015883,0.0035227,0.0075784,0.017409,0.059404,0.013234,0.024324,0.013037,0.0043519,0.0037533,0.0032438,0.002161,0.030413,0.042006,0.096576,0.002232
6,0.012759,0.0040962,0.016079,0.030423,0.024923,0.0137,0.0047259,0.0010244,0.00168,0.0031455,0.0030655,0.05939,0.071559,0.17255,0.020292,0.042352
6,0.002489,0.0054115,0.0052713,0.0044329,0.0040265,0.014969,0.013807,0.035642,0.13717,0.074461,0.0065459,0.002923,0.0021615,0.0069754,0.0043341,0.0023166
6,0.014719,0.026609,0.05134,0.048985,0.031686,0.021219,0.0032602,0.0021708,0.0068269,0.0069579,0.0090831,0.036632,0.04104,0.065862,0.051983,0.029256,0.012243
6,0.0021834,0.00035813,0.00064516,0.0011557,0.0040285,0.0065623,0.022859,0.016231,0.023361,0.20548,0.097756,0.020044,0.0023132
6,0.0076827,0.034322,0.17699,0.39341,0.38592,0.28514,0.071531,0.044859,0.032058,0.018753,0.054516,0.070126,0.065178,0.065687,0.0019706
6,0.00076062,0.0021909,0.0068221,0.08725,0.091582,0.11721,0.065981,0.048611,0.048333,0.01871,0.0037767,0.01593,0.040244,0.0069568,0.0020282,0.00052256
6,0.0051049,0.0053062,0.0048595,0.0074195,0.034426,0.012991,0.022807,0.024785,0.020229,0.03996,0.019203,0.030949,0.039645,0.33181,0.056117,0.010695
6,0.03407,0.012267,0.0034787,0.010047,0.012018,0.024483,0.028114,0.014519,0.0079444,0.0061014,0.0021217,0.0012807,0.010019,0.009988,0.021577,0.042538,0.057675,0.028335,0.008079,0.0098493,0.0033245,0.0037003,0.0065707,0.023095,0.010124,0.011662
6,0.0033413,0.0038204,0.00090614,0.0023121,0.0054347,0.0061651,0.0057615,0.0044876,0.011484,0.039093,0.12339,0.061456,0.064796,0.10894,0.10361,0.21921,0.72341,0.85814,0.70749,0.75136,0.15384,0.16571,0.059957,0.025048,0.035264,0.20929,0.070561,0.051102
6,0.0069723,0.017077,0.018801,0.03588,0.072876,0.047918,0.022568,0.02527,0.0093583,0.0046002,0.0020617,0.0020318,0.012016,0.048678,0.041119,0.027072,0.0078392,0.0031967,0.0044791,0.028299,0.018899,0.3628,0.2883,0.17726,0.023956,0.011086,0.0015442,0.00059996,0.001888,0.012643,0.016172,0.044059,0.0089941
6,0.037424,0.021087,0.018902,0.031025,0.032975,0.037276,0.11345,0.068659,0.043955,0.05409,0.0059765,0.018057,0.033389,0.0076883,0.0028737,0.004951,0.0059904,0.0028339,0.0094494,0.011979,0.0020445,0.0010601,0.00095924,0.0034489,0.0021902,0.023498,0.074758,0.011125,0.0050752,0.0012447
6,0.0094692,0.0041039,0.00080586,0.00065805,0.00021291,0.00024124,0.00016198,0.00018049,5.884e-06,8.3103e-06,0.00011132,0.00078118,0.00032932,0.0012727,0.0011787,0.0075112
6,0.011468,0.0091524,0.008905,0.0042505,0.0036028,0.0040685,0.0083476,0.0072376,0.005668,0.00080839,0.00055939,0.00039516,0.0002948,0.00053117,0.00063227,0.0035268,0.008074,0.019715,0.0043146
6,0.15282,0.1185,0.031627,0.041967,0.027018,0.023392,0.03849,0.037321,0.028591,0.02139,0.035416,0.052945,0.068508,0.13014,0.018405
6,0.050396,0.039753,0.011049,0.015663,0.0032671,0.0020396,0.0070824,0.0099631,0.0061324,0.0088802,0.017134,0.0042455,0.0026626,0.016963,0.057812,0.010688
6,0.017333,0.056581,0.035833,0.028037,0.018658,0.0048492,0.0018925,0.010045,0.010616,0.0074598,0.021761,0.014784,0.021634,0.016264,0.010255,0.028223,0.034633,0.0098956,0.0061855,0.0081613,0.0018786,0.0017955,0.00091564,0.031664,0.039669,0.20746,0.30687
6,0.0077338,0.0018844,0.0033012,0.011192,0.002706,0.0046015,0.016646,0.010941,0.0064239,0.0075714,0.019686,0.0062163,0.0083389,0.0028748,0.0056694,0.017871,0.0095909,0.018768,0.11617,0.11733,0.011429
6,0.0044261,0.007753,0.010784,0.033805,0.0060405,0.0097502,0.0033728,0.008775,0.003959,0.0048458,0.011561,0.022976,0.0080398,0.014305,0.07979,0.054552,0.082819,0.13493,0.16155,0.13581,0.0023383
6,0.0026628,0.0013171,0.0005093,0.0010578,0.0010908,0.0038819,0.0051178,0.018404,0.0066228,0.027047,0.10898,0.04217,0.018948,0.020918,0.007202,0.011081,0.017601,0.02832,0.039012,0.17697,0.57132,0.18633,0.010801
6,0.017897,0.065287,0.09899,0.14327,0.007699,0.0092771,0.0027669,0.0020178,0.0033836,0.0027471,0.0028047,0.00054094,0.0047127,0.0083339,0.0022447,0.0033904,0.036202,0.012487,0.0085137,0.0024793,0.0037747,0.003788,0.0049552,0.010906,0.0031753
6,0.0064933,0.0014412,0.0030743,0.0068042,0.0090522,0.0065483,0.013341,0.0084041,0.019675,0.017684,0.0094649,0.0070945,0.011519,0.0032171,0.0007866,0.0018541,0.00015177,0.0030363,0.0052827,0.0044253,0.012166,0.010283,0.011619,0.0049465,0.0020908
6,0.06398,0.040581,0.012288,0.001329,0.0089126,0.01086,0.013403,0.020217,0.19423,0.29841,0.1197,0.26696,0.24154,0.090453,0.014845,0.0056393,0.0046699,0.0033278,0.0030512,0.052469,0.087324,0.055322,0.0064049
6,0.057852,0.22886,0.14943,0.2883,0.38128,0.30361,0.25843,0.35639,0.27663,0.13099,0.16025,0.15696,0.16837,0.093795,0.056667,0.10934,0.055947,0.0082204,0.0094099,0.010603,0.0087163,0.0022103,0.0032798,0.0030172,0.0032151,0.011823,0.070295,0.11998,0.073072,0.24586,0.10684,0.051268,0.008843
6,0.0041038,0.010134,0.010495,0.0012202,0.00052781,0.0019765,0.0010424,0.0038264,0.0092989,0.0055734,0.0058615,0.0077284,0.010929,0.017665,0.026153,0.018959,0.0094284,0.014207,0.00057141,0.00012289,6.6432e-05,5.9024e-05,5.5053e-05,0.00072904,0.0062027,0.010804,0.044606,0.21887,0.22431,0.18065,0.13876,0.059012
6,0.073407,0.047277,0.11027,0.031803,0.062937,0.028529,0.06448,0.014873,0.0037418,0.0034429,0.015201,0.0028443,0.000515,0.00043994,0.0010089,0.00063967,0.0028661,0.016388,0.031837,0.031856,0.067363,0.074266,0.074149,0.012366,0.01471,0.013715,0.0019369
6,0.43592,0.026431,0.036716,0.010837,0.019709,0.0093133,0.010719,0.0017965,0.0036049,0.0064698,0.011603,0.010804,0.010402,0.016889,0.0061803,0.020493,0.049427,0.24421,0.32164,0.33953,0.20447,0.23812,0.15466,0.19856,0.0016311
6,0.036137,0.044975,0.039654,0.11131,0.10582,0.084676,0.055253,0.0060527,0.0031874,0.0049867,0.00071651,0.00073872,0.0017036,0.0045372,0.0055186,0.012044,0.055428,0.062648,0.01559,0.0039369
6,0.031836,0.027839,0.025129,0.029404,0.017564,0.020776,0.022163,0.01517,0.032436,0.012717,0.041829,0.050542,0.05229,0.050691,0.021299,0.004844,0.014486,0.0099387,0.0054934,0.024058,0.08223,0.069844,0.087857,0.13904,0.15528,0.040623,0.047836,0.0081465
6,0.40066,0.23331,0.1481,0.060338,0.037772,0.024252,0.013879,0.0028017,0.0029064,0.0017729,0.0017071,0.0035583,0.0029969,0.0023617,0.0020273,0.001173,0.00056569,0.0010021,0.00099147,0.00074382,0.00048505,0.028596,0.050846,0.079387,0.12921,0.075405,0.035403
6,0.066242,0.087536,0.051114,0.045429,0.027905,0.017084,0.022645,0.26124,0.10991,0.11552,0.16295,0.043606,0.033112,0.099113,0.085409,0.048422,0.005605
6,0.0051219,0.0081774,0.0021167,0.0014787,0.002353,0.0028526,0.003507,0.028617,0.13565,0.29679,0.062661,0.026638,0.015433,0.0097107,0.0074311,0.046302,0.050516,0.10031,0.25331,0.0077734,0.00070369
6,0.15558,0.098032,0.13331,0.16329,0.018803,0.039909,0.045059,0.020257,0.00739,0.0083033,0.04312,0.032121,0.009607,0.029048,0.0070281,0.014431,0.022655,0.25862,0.0073793,0.0052989,0.025705,0.032708,0.038983,0.0014988,0.0039147
6,0.17339,0.10225,0.090522,0.101,0.045372,0.016329,0.0034145,0.0059846,0.0034885,0.0047933,0.0027599,0.013178,0.004228,0.0013813,0.00083295,0.054579,0.21624,0.037976,0.081993,0.018139,0.050067,0.044954,0.18491,0.037049,0.0084293,0.055534,0.059909,0.036972,0.0081297,0.0016317
7,0.054383,0.05024,0.082308,0.12432,0.14387,0.22884,0.43751,0.5962,0.37484,0.32028,0.45908,0.25194,0.10591,0.044953,0.022534,0.078237,0.16137,0.13034,0.040089
7,0.013171,0.023908,0.063245,0.043758,0.065673,0.035869,0.030778,0.049949,0.10232,0.058978,0.033814,0.031966,0.015792,0.03968,0.025543,0.036321,0.022414,0.024197,0.0021282,0.012462
7,0.0023539,0.0025124,0.0071038,0.022992,0.28317,0.22325,0.48088,0.55348,0.45354,0.18943,0.16857,0.13419,0.20416,0.21605,0.20062,0.15448,0.19064,0.30237,0.15607,0.018074,0.015318
7,0.0033532,0.0040805,0.0047224,0.010747,0.0064713,0.018761,0.0049451,0.047938,0.13487,0.0096446,0.0030296,0.0041718,0.0028958,0.00066623,0.0022683,0.0035429,0.006077,0.0011316,0.0045989,0.0018834,0.0034947
7,0.0055432,0.0010225,0.0015031,0.013005,0.093293,0.08399,0.025728,0.066849,0.074311,0.23408,0.13561,0.16561,0.41873,0.47848,0.5921,0.4889,0.18654,0.026852
7,0.062007,0.23136,0.26915,0.24154,0.17747,0.18979,0.16301,0.2483,0.30532,0.37523,0.31922,0.21404,0.13941,0.048311,0.0073893,0.0116
7,0.061927,0.48398,0.1858,0.098209,0.12584,0.14631,0.36835,0.25775,0.36771,0.24317,0.15417,0.10031,0.047648,0.048106,0.0085608,0.0060006
7,0.0014141,0.00031987,0.034085,0.22282,0.14405,0.10209,0.061533,0.22697,0.12967,0.088625,0.078308,0.23721,0.29513,0.18574,0.13999,0.047229,0.087215,0.028787
7,0.0060028,0.0090832,0.061357,0.31574,0.050382,0.077693,0.084848,0.15572,0.11185,0.18185,0.093004,0.13414,0.070566,0.064752,0.019972,0.0043205
7,0.00036619,0.00011794,0.00027922,0.0029193,0.007237,0.054901,0.13725,0.25764,0.1253,0.19694,0.11047,0.093634,0.083045,0.33514,0.27491,0.089765,0.11718,0.36862,0.1173,0.10613,0.0014165
7,0.025918,0.026841,0.053472,0.036461,0.15546,0.2956,0.35284,0.3531,0.54803,0.39971,0.12204,0.14177,0.1753,0.26855,0.077921,0.0014155
7,0.0017199,0.0021982,0.01394,0.060574,0.021157,0.037201,0.11874,0.24702,0.10272,0.29548,0.23538,0.23142,0.19988,0.17055,0.22706,0.51655,0.33718,0.1291,0.1952,0.38247,0.17395,0.016068,0.00057242
7,0.0051942,0.02404,0.029681,0.040024,0.043785,0.067741,0.03413,0.0081003,0.0054047,0.038324,0.033886,0.051859,0.094945,0.21797,0.059189,0.061677,0.066803,0.02018,0.01104,0.054919,0.16037,0.10312,0.08323,0.24531,0.094003,0.11242,0.15292,0.11546,0.26317,0.12332,0.12077,0.62146,0.25227,0.21377,0.33098,0.18462,0.027127,0.017347,0.00018479
7,0.00076515,0.00012439,0.00021811,0.0021261,0.020268,0.029439,0.033047,0.030777,0.044354,0.073293,0.017605,0.0096054,0.073884,0.15079,0.29309,0.39865,0.47783,0.21449,0.22988,0.092584,0.093156,0.11056,0.055239,0.022358,0.062981,0.12713,0.36559,0.50513,0.39617,0.29065,0.12596,0.21384,0.13725,0.045577,0.10489,0.064912,0.059914,0.20105,0.12416,0.070387,0.070628,0.071446
7,0.019772,0.01298,0.025115,0.072606,0.043604,0.072161,0.079156,0.070506,0.25564,0.49077,0.5,0.66617,0.62652,0.31314,0.19194,0.1791,0.25606,0.16678,0.14063,0.5,0.3336,0.37276,0.2263,0.16674,0.088738,0.088397,0.020945,0.20308,0.070737,0.068889,0.24814,0.19769,0.061205,0.062644
7,0.058703,0.084574,0.19364,0.28432,0.22133,0.06138,0.067345,0.032958,0.011207,0.04581,0.026505,0.052064,0.020813,0.003402,0.0011898,0.0037927,0.022518,0.14312,0.26688,0.19858,0.23236,0.09918,0.067403,0.072197,0.17848,0.12002,0.70519,0.90786,0.89634,0.66777,0.58505,0.19331,0.11175,0.093446,0.051481,0.02397,0.024272,0.05496,0.041099,0.01004,0.0014467
7,0.011463,0.012641,0.0098027,0.029754,0.028786,0.041099,0.040356,0.03247,0.084245,0.10496,0.12689,0.25357,0.15263,0.066656,0.069136,0.21929,0.4171,0.23129,0.52528,0.45337,0.60895,0.64212,0.66642,0.21641,0.076922,0.039786,0.084633,0.050618,0.048108,0.085002,0.11421,0.035332,0.096259,0.013323
7,0.072425,0.39649,0.37915,0.4197,0.50534,0.5,0.44426,0.39723,0.51066,0.65027,0.38323,0.4163,0.50976,0.36009,0.098503,0.16572,0.10339,0.25745,0.24505,0.23344,0.5094,0.55388,0.48262,0.47232,0.42286,0.51818,0.54314,0.36998,0.1228,0.085954,0.059385,0.0058332,0.0020429
7,0.11732,0.20093,0.090149,0.0047708,0.0071585,0.014641,0.020667,0.010481,0.24175,0.065696,0.1205,0.10908,0.16423,0.18582,0.13015,0.098031,0.11521,0.18158,0.089146,0.063375,0.031515,0.017236,0.11678,0.12761,0.037119,0.0092773
7,0.10325,0.18027,0.045731,0.044449,0.1026,0.10973,0.10286,0.42895,0.15566,0.15565,0.15898,0.19724,0.23373,0.58989,0.56056,0.12264,0.01921,0.046075,0.01554,0.00085651
7,0.0044617,0.006805,0.008806,0.0075066,0.060842,0.0575,0.036177,0.059471,0.07113,0.095533,0.075625,0.15568,0.11393,0.080091,0.050651,0.03902,0.11787,0.088877,0.026252,0.032202,0.16368,0.21031,0.020955,0.0046855
7,0.090897,0.042143,0.03158,0.066051,0.17806,0.1621,0.189,0.08033,0.047871,0.017599,0.024236,0.045575,0.033053,0.014659,0.015944,0.039901,0.024296,0.021965,0.0267,0.052862,0.15607,0.06208,0.0052347
7,0.034416,0.0078437,0.026289,0.044608,0.042088,0.15471,0.095459,0.20586,0.15692,0.11069,0.027962,0.027675,0.011491,0.0069736,0.018027,0.0074839,0.018985,0.00058806
7,0.0036184,0.0092032,0.029108,0.053491,0.11118,0.052796,0.044856,0.093063,0.053359,0.27944,0.18294,0.25526,0.13223,0.209,0.22753,0.42484,0.31751,0.3126,0.22931,0.29231,0.30255,0.4034,0.15035,0.061857,0.026482,0.0077689,0.0051719,0.084584,0.20721,0.074253,0.044768,0.059243,0.14413,0.11694,0.0182
7,0.14852,0.061428,0.19805,0.36603,0.34526,0.45798,0.30138,0.21788,0.45394,0.65404,0.52865,0.55182,0.29582,0.3375,0.5237,0.2238,0.095024,0.23442,0.04508,0.015163,0.031084
7,0.0015936,0.003902,0.0069867,0.011817,0.033971,0.017263,0.012261,0.0080354,0.0054397,0.013686,0.027956,0.02286,0.18752,0.2663,0.20827,0.21212,0.11941,0.14714,0.04894,0.073463,0.03504,0.0090237,0.006843,0.011293,0.0023193,0.0013107,0.0014387,0.0030646
7,0.004712,0.024079,0.019881,0.044123,0.021782,0.045817,0.089985,0.13847,0.3412,0.29058,0.49357,0.32266,0.43218,0.24341,0.22458,0.18222,0.30212,0.20898,0.24448,0.070641,0.096952,0.1119,0.45015,0.1608,0.41506,0.023077,0.022507
7,0.002969,0.0049969,0.0086275,0.024477,0.10458,0.12767,0.038993,0.057315,0.045082,0.14614,0.24044,0.15152,0.14118,0.11175,0.21589,0.21729,0.28991,0.39687,0.40137,0.50561,0.44838,0.28868,0.18574,0.26315,0.10327,0.085406,0.15905,0.11779,0.22776,0.23164,0.49109,0.61614,0.14738,0.035221,0.028882
7,0.24463,0.2991,0.21139,0.034138,0.044555,0.069163,0.021189,0.032731,0.051307,0.11052,0.088135,0.11746,0.027314,0.02913,0.27982,0.2071,0.096066,0.27128,0.75093,0.52577,0.5,0.25186,0.26837,0.24599,0.077748,0.014626,0.0068568
7,0.038404,0.012389,0.012212,0.10235,0.17124,0.091326,0.17563,0.093463,0.18386,0.22681,0.15783,0.075057,0.084505,0.047954,0.10496,0.051387,0.091009,0.18994,0.15489,0.25629,0.12554,0.11825,0.30243,0.56711,0.28811,0.43164,0.83174,0.76461,0.67252,0.54796,0.21402,0.30092,0.25502,0.15802,0.051931,0.094859,0.04042,0.0051564
7,0.001568,0.010987,0.033852,0.038436,0.072061,0.14635,0.1616,0.57976,0.25576,0.35014,0.19643,0.30228,0.5222,0.13664,0.22645,0.38332,0.35102,0.19758,0.32936,0.35553,0.28233,0.39494,0.23371,0.37253,0.46366,0.63235,0.45789,0.42726,0.5256,0.29982,0.23163,0.12859,0.086962,0.031968,0.003029,0.0035238,0.0043034,0.0068888,9.0642e-05
7,0.00056861,0.004222,0.0048054,0.016053,0.018739,0.052832,0.07799,0.077753,0.10006,0.11227,0.089321,0.11306,0.042538,0.0077671,0.028876,0.28722,0.17392,0.17001,0.19794,0.14511,0.12488,0.28374,0.18005,0.11809,0.19629,0.083696,0.055045,0.44599,0.17288,0.34591,0.46518,0.618,0.52091,0.55673,0.25986,0.31242,0.13065,0.037163,0.019728,0.00042841
7,0.036136,0.07074,0.12424,0.11053,0.17919,0.28672,0.38182,0.19068,0.062323,0.12064,0.23774,0.24209,0.26906,0.21152,0.16472,0.1766,0.12674,0.27788,0.27753,0.4614,0.10787,0.48571,0.36484,0.20755,0.5,0.48704,0.20243,0.059756,0.22984,0.085642,0.17093,0.30587,0.24438,0.19817,0.14481,0.10709,0.21872,0.035387,0.024135,0.0069084
7,0.03223,0.13815,0.21081,0.30246,0.5,0.51383,0.2989,0.51878,0.19356,0.1165,0.29912,0.42246,0.49408,0.32096,0.76628,0.70396,0.38456,0.36443,0.35109,0.42127,0.84036,0.57956,0.58583,0.6614,0.70136,0.37741,0.60004,0.41515,0.58806,0.64681,0.43664,0.31197,0.27512,0.22476,0.20201,0.08057,0.10392,0.029531,0.035128
7,0.051313,0.11373,0.13492,0.06842,0.35146,0.17093,0.093485,0.079181,0.19771,0.40117,0.29733,0.2746,0.20378,0.22842,0.090657,0.19224,0.1196,0.060366,0.18679,0.25981,0.27493,0.37976,0.34468,0.25225,0.14626,0.22897,0.3148,0.38818,0.24652,0.21768,0.06842,0.33899,0.33908,0.25303,0.46757,0.51869,0.28549,0.22608,0.33067,0.30074,0.27084,0.18793,0.10229,0.084632,0.32214,0.024119
7,0.17261,0.23361,0.45348,0.39972,0.31915,0.11289,0.10717,0.1372,0.54432,0.58467,0.52274,0.40408,0.40386,0.29956,0.4048,0.17818,0.06102,0.19937,0.27569,0.45635,0.36249,0.47519,0.62714,0.44675,0.40292,0.22555,0.36266,0.15229,0.10495,0.034507,0.069158,0.35334,0.091225,0.1036,0.36113,0.24367,0.12359,0.28267,0.060939,0.060959,0.010613,0.0032123,0.0036737,0.0029198,0.0017045
7,0.035753,0.16798,0.51236,0.19242,0.31172,0.18104,0.19004,0.30798,0.37941,0.36005,0.17654,0.15176,0.15022,0.50829,0.059048,0.032891,0.21292,0.20339,0.29582,0.51465,0.36266,0.23318,0.11768,0.063579,0.14064,0.021046
7,0.060052,0.18238,0.37589,0.73254,0.8639,0.25437,0.17111,0.10597,0.13782,0.17954,0.10637,0.44714,0.40776,0.34501,0.41431,0.53984,0.16263,0.022784,0.25314,0.4731,0.489,0.42739,0.57495,0.52098,0.33104,0.15291,0.05749,0.02017,0.0075162,0.0012539
7,0.026,0.049958,0.017089,0.046526,0.19859,0.18364,0.15487,0.043659,0.018252,0.011577,0.060694,0.0472,0.098715,0.18095,0.11203,0.18097,0.25045,0.13812,0.055917,0.028781,0.051566,0.023087,0.016971,0.050412,0.017348,0.11246,0.061376,0.077551,0.26614,0.28081,0.2666,0.44802,0.44954,0.41158,0.22437,0.19444,0.1259,0.26352,0.014006
7,0.078796,0.00047906,0.0079855,0.068727,0.23533,0.016926,0.041624,0.002694,0.0019257,0.0080294,0.10397,0.23863,0.12321,0.081346,0.053158,0.085582,0.13582,0.013576,0.0074348,0.016398,0.060336,0.011049,0.12071,0.22381,0.28513,0.61144,0.55273,0.38836,0.14414,0.082134,0.040029,0.022977,0.0096574,0.010406
7,0.0087675,0.0023607,0.075091,0.081466,0.069556,0.063255,0.014894,0.0080512,0.0133,0.012061,0.015384,0.2377,0.28344,0.43981,0.37406,0.46494,0.40017,0.66058,0.46034,0.61495,0.54799,0.36872,0.30133,0.41588,0.41708,0.52599,0.35868,0.13187
7,0.14738,0.20911,0.36463,0.33247,0.41441,0.35982,0.37599,0.20426,0.25538,0.7292,0.82219,0.651,0.61185,0.74589,0.88105,0.7519,0.52692,0.22545,0.34636,0.31612,0.39909,0.16727,0.015274,0.0024321
7,0.051587,0.34695,0.29113,0.19248,0.15064,0.20173,0.24655,0.09606,0.12442,0.76367,0.76473,0.90761,0.82015,0.81084,0.13642,0.070403,0.028749,0.061465,0.065443,0.082746,0.17247,0.045756,0.024
7,0.33058,0.17655,0.21862,0.2468,0.46488,0.11636,0.14288,0.096634,0.1879,0.069161,0.064252,0.017555,0.0089142,0.007411,0.006047,0.0028383,0.057354,0.56592,0.71868,0.85496,0.82551,0.96739,0.93885,0.92622,0.71038,0.45772,0.31362,0.29849,0.15879,0.30261,0.165,0.015224,0.018245,0.0023819
7,0.014355,0.025637,0.073472,0.051109,0.062666,0.026816,0.032671,0.020733,0.12578,0.16333,0.15028,0.040733,0.068799,0.11007,0.18414,0.32758,0.26926,0.78185,0.83137,0.75695,0.54898,0.29473,0.27337,0.24774,0.62072,0.39485,0.32236,0.36946,0.3751,0.14275,0.0016206
