1,0.0017671,0.0013602,0.0010409,0.00076598,0.001073,0.00074691,0.0010604,0.00083549,0.00080472,0.001387,0.0018313,0.002555,0.0043142,0.0084514,0.0075423,0.0073791,0.0041881,0.0033508,0.017265
1,0.0055459,0.0042278,0.0036011,0.0034298,0.0042901,0.003682,0.004013,0.0074586,0.0052582,0.0031683,0.0050406,0.0065976,0.0013087,0.0016062,0.0027968,0.0028183,0.0034717,0.019414,0.058616
1,0.0010502,0.0013602,0.00064742,0.0016154,0.0011287,0.0008318,0.00083469,0.00082367,0.0003474,0.00029847,0.00045229,0.00041662,0.00032808,0.0013542,0.0019217,0.0018374,0.0034616,0.011491,0.033046
1,0.01432,0.0090474,0.010292,0.011231,0.0030486,0.013517,0.016405,0.018323,0.024358,0.02372,0.006201,0.0069828,0.0054932,0.0027791,0.0015973,0.0016656,0.001666,0.0069587,0.0040535
1,0.0017044,0.0014136,0.0015654,0.0013288,0.0017301,0.0013472,0.001522,0.0017368,0.00097219,0.0010371,0.0012526,0.0013604,0.00055848,0.00073167,0.0029467,0.01996
1,0.006177,0.0076884,0.0039725,0.0012768,0.00062525,0.00067759,0.00054072,0.00073423,0.0010193,0.0016581,0.0018433,0.0022076,0.0028641,0.0016902,0.0011218,0.0017645,0.0017989,0.00095033,0.0010343,0.0032324,0.023098
1,0.00072495,0.0057196,0.0013625,0.0005598,0.00050656,0.00045651,0.00045192,0.00048699,0.00069312,0.00059086,0.00071861,0.00075383,0.0008841,0.0017084,0.0030694,0.0072929,0.010645,0.0082221
1,0.0013587,0.021232,0.010177,0.0015448,0.0010761,0.0010716,0.0032478,0.0035184,0.0024233,0.002651,0.0023151,0.0052101,0.0050907,0.0036702,0.0021765,0.0026718,0.0017356,0.0072126,0.0065436,0.0058851
1,0.010741,0.0082109,0.005639,0.0062289,0.0020402,0.0012529,0.0011395,0.0016505,0.0031223,0.001041,0.0011632,0.000708,0.00075581,0.00098504,0.0020609,0.0022724,0.0042758,0.0086114
1,0.0043216,0.0026163,0.0034618,0.0029801,0.0035603,0.001102,0.00058493,0.00046941,0.00035631,0.00057833,0.00049995,0.0011407,0.0011279,0.0037171,0.0040935,0.0052811,0.031086
1,0.0065999,0.0064474,0.0057572,0.0039681,0.0018781,0.0024433,0.0013142,0.0019317,0.0013845,0.0012691,0.002029,0.0022556,0.0016625,0.0021001,0.0048274
1,0.0010481,0.00087835,0.00045156,0.00072428,0.00061424,0.00061508,0.00067604,0.0011305,0.0010751,0.001116,0.0011016,0.00082126,0.0016313,0.001723,0.0064831,0.013588
1,0.0045563,0.0033354,0.002111,0.0006564,0.00070496,0.00054236,0.0007288,0.00044699,0.0012361,0.0012591,0.0013149,0.0012207,0.0013019,0.00050604,0.001647,0.0014049,0.001219,0.0019948,0.01285
1,0.0012491,0.001205,0.0016502,0.0017677,0.0009638,0.00078281,0.0010331,0.0024032,0.0047044,0.0052975,0.0069198,0.0036144,0.0016789,0.0011797,0.00083336,0.00054057,0.0010766,0.00073427,0.00049785,0.00041034,0.00040091,0.00052897,0.0009742,0.0019318,0.0040385,0.0026572,0.0018886,0.0004564,0.00044181,0.00054709,0.0015022,0.00095595,0.0014255,0.0017094,0.0043148,0.016741
1,0.0031506,0.01028,0.0030873,0.0020238,0.0015643,0.0029777,0.0016999,0.0012819,0.0030178,0.0028589,0.001708,0.0024244,0.0010057,0.0016569,0.0012146,0.00062196,0.00077534,0.00042817,0.00010996,0.00092892,0.0017069,0.00091499,0.00060936,0.0025128,0.0034827,0.0011042,0.0024165,0.0021069,0.002203,0.0025831,0.0016541,0.0097989
1,0.0040879,0.0013057,0.0009427,0.0010846,0.00077512,0.00091975,0.001507,0.0015554,0.0015994,0.0012454,0.00099196,0.00083159,0.00055472,0.00049229,0.00032192,0.00037173,0.00042709,0.00046139,0.0010496,0.0011919,0.0016914,0.00061665,0.00055823,0.00061781,0.0047614,0.0054632,0.0052168,0.0037187,0.0038633,0.0025568,0.0013354,0.00043761,0.00039563,0.00078569,0.0012234,0.00097925,0.0015132,0.00092762,0.0011964,0.019937
1,0.0063026,0.0079893,0.022862,0.015699,0.013456,0.014136,0.018801,0.00093804,0.0013567,0.0018522,0.001414,0.00081363,0.00082224,0.00080368,0.00044487,0.00042343,0.000471,0.00072901,0.0016668,0.0050286,0.019548,0.043349
1,0.0028416,0.014156,0.007468,0.0050318,0.023847,0.020061,0.020664,0.0071736,0.0086952,0.0034106,0.0011866,0.0010754,0.001323,0.00098223,0.00077659,0.00057972,0.00057953,0.00078942,0.00060446,0.00096709,0.00099226,0.0025478,0.0022943,0.042104,0.035916
1,0.0034096,0.004567,0.0018572,0.0011734,0.0010404,0.00096406,0.0008256,0.0013679,0.0023099,0.0020452,0.0019092,0.0017815,0.0025959,0.0023746,0.0017382,0.0023316,0.0033779,0.0015736,0.00098579,0.0074583
1,0.0032801,0.012775,0.0079482,0.005769,0.0071739,0.0088094,0.00931,0.0083011,0.0043767,0.0045731,0.0053687,0.0021096,0.00049209,0.0010647,0.0056037,0.0058193,0.0070373,0.0056928,0.0099746,0.0027307,0.0035626,0.0019282,0.015771,0.040869
1,0.0022921,0.0026579,0.0023757,0.0032317,0.00079219,0.00059278,0.00045749,0.00081211,0.0019139,0.0015808,0.0022508,0.001816,0.0012059,0.00047563,0.00027627,0.00031326,0.0014119,0.001616,0.00090941,0.00024594,0.00049388,0.00060832,0.0017672,0.0064544,0.019474
1,0.0019837,0.0026284,0.0018016,0.0012001,0.00054475,0.00048727,0.00090885,0.0017203,0.0021197,0.0018035,0.0015769,0.00184,0.00053105,0.00054749,0.00070564,0.0011091,0.0025288,0.0018768,0.00096788,0.00059669,0.00064605,0.0018029,0.0011932,0.0064424,0.0032321,0.0092856
1,0.0020535,0.0041388,0.0022185,0.0016943,0.00065711,0.00063293,0.0024682,0.0024117,0.0055807,0.0060148,0.0041622,0.0033677,0.0034109,0.00074877,0.00071512,0.00081193,0.0011767,0.00043295,0.00063916,0.00063154,0.00085788,0.00092386,0.00050992,0.00076238,0.002208,0.0032341,0.019922
1,0.0015818,0.00058841,0.00036783,0.00050594,0.00059316,0.00048385,0.00053025,0.0006785,0.0015191,0.0011082,0.0014402,0.0024495,0.0021048,0.0007195,0.00057636,0.00040628,0.00038293,0.00068913,0.0011624,0.00087701,0.0020047,0.00076984,0.0013733,0.00049417,0.00020156,0.00024701,0.0010502,0.0016891,0.0033458,0.0063007,0.0084023,0.0089596,0.014132
1,0.00021108,0.00023502,0.0001253,0.00040112,0.00059843,0.00085282,0.0010002,0.001982,0.0022424,0.0028459,0.004161,0.0048668,0.0041834,0.0070102,0.0050976,0.0068227,0.0017305,0.0012876,0.00074283,0.00046156,0.00036284,0.00032262,0.0014958,0.00097364,0.00074768,0.0013755,0.00092176,0.00071372,0.001023,0.0029585,0.0035193,0.0043113,0.0030409,0.0037898,0.019228
1,0.0029428,0.0032619,0.0019119,0.0024719,0.0017224,0.0016661,0.0029988,0.0027148,0.0013592,0.0014417,0.0011814,0.00062418,0.00028812,0.008854,0.020804,0.025583,0.028634,0.025133,0.0078565,0.0074867,0.0040689,0.0016706,0.0067128,0.0055459,0.0022741,0.0020516,0.0010999,0.00043423,0.0008086,0.00094091,0.0049547
1,0.003476,0.004497,0.0025421,0.0041242,0.0046606,0.0027355,0.0026659,0.002323,0.0029558,0.002949,0.0046024,0.0044823,0.0046902,0.0029363,0.0025517,0.0026229,0.0025126,0.0027388,0.0040059,0.0064271,0.005675,0.0071152,0.0087736,0.0079585,0.0051453,0.0037728,0.0030216,0.0021973,0.0024824,0.0021493,0.0029717,0.026723
1,0.00064378,0.0031249,0.0046452,0.0018458,0.0033851,0.011635,0.0029843,0.0017161,0.0010225,0.0010151,0.0010167,0.00097546,0.0014861,0.0010132,0.0035344,0.0018162,0.0011895,0.0027406,0.0034102,0.0068007,0.0043768,0.0034545,0.00089433,0.0018811,0.00058189,0.0040794,0.003766,0.0032988,0.0035521,0.0044888,0.00096106,0.00075865,0.0012997,0.0014604,0.0011053,0.0020563,0.0024874,0.0078893,0.0239
1,0.0016302,0.0035951,0.0039458,0.0031674,0.0035428,0.0032411,0.0013782,0.00056821,0.00058415,0.00086923,0.0018035,0.0058744,0.01757,0.013782,0.014062,0.018577,0.010354,0.0041088,0.0021821,0.0033657,0.0027556,0.0068871,0.0054257,0.0053564,0.0060139,0.0045023,0.0031932,0.0032091,0.0041063,0.0032793,0.0021307,0.0017937,0.0054542
1,0.0041091,0.0049721,0.0031431,0.0030457,0.0027869,0.0021772,0.001339,0.0013037,0.00072131,0.00063928,0.0011167,0.00096364,0.0011312,0.0016605,0.0020449,0.002228,0.0065947,0.02614,0.02751,0.0043218,0.0049059,0.0054436,0.00241,0.0022272,0.0049678,0.0031474,0.0049409,0.004699,0.0033093,0.0053909,0.0046486,0.0049873,0.0056498,0.0032386,0.0025984,0.0015765,0.0012506,0.0019153,0.0076988,0.017944
1,0.002644,0.0015772,0.0019798,0.00093231,0.0023055,0.0015501,0.0014457,0.001381,0.0026738,0.0020284,0.0014616,0.0010607,0.0013451,0.001171,0.0012154,0.00089749,0.002094,0.0031333,0.0016224,0.0017948,0.0036273,0.0040476,0.0033589,0.0024276,0.0024669,0.0011166,0.0010275,0.0012987,0.0040193
1,0.00051078,0.00031509,0.0003571,0.00039214,0.00069375,0.00050063,0.00032836,0.0017558,0.00076438,0.0017586,0.0010813,0.00082895,0.00086382,0.0012118,0.0024594,0.00093561,0.00064207,0.00084205,0.00072956,0.00092845,0.0016581,0.0053957,0.0030072,0.0014293,0.0015356,0.0016818,0.00071587,0.00064524,0.0018802,0.014
1,0.00032464,0.0093701,0.00027222,0.00040652,0.0020619,0.0019296,0.0017258,0.0018209,0.0020502,0.00097839,0.00072893,0.00065357,0.00066247,0.0019505,0.0018438,0.0014776,0.0015218,0.0015221,0.0008136,0.000773,0.00062328,0.00054165,0.0016344,0.0022714,0.002821,0.0073862,0.0049558,0.0011643,0.0024272,0.0044352,0.015446
1,0.002906,0.0026639,0.0027355,0.0046734,0.0037623,0.0026259,0.0031341,0.0030057,0.0021938,0.004773,0.0029344,0.0032746,0.0031118,0.002647,0.0015578,0.00171,0.0010709,0.00082335,0.001038,0.0021886,0.0037166,0.014116
1,0.00051237,0.0004187,0.00058119,0.00060827,0.00033346,0.00033916,0.00036971,0.00056429,0.0005108,0.00069049,0.00076944,0.0013025,0.0010097,0.0020615,0.0014668,0.0015859,0.0009022,0.0012036,0.0010724,0.00079884,0.0012381,0.0046196
2,0.0085908,0.0090333,0.0040976,0.0027051,0.0016781,0.0017933,0.0018564,0.0041727,0.0099487,0.0057058,0.0053457,0.0049196,0.0034987,0.0014328,0.0016352,0.0024937,0.0029877,0.0048287,0.014
2,0.001008,0.0025347,0.0022593,0.0016851,0.00094804,0.00084456,0.00075039,0.00065767,0.0025819,0.0039512,0.0030589,0.0037983,0.0087312,0.0031928,0.0017933,0.0027619,0.0024465,0.002818,0.0026895,0.0027423,0.0056116,0.016612
2,0.0034221,0.0033084,0.0036969,0.001773,0.00089302,0.0014154,0.0070564,0.0046892,0.0031857,0.0043243,0.0030396,0.00048493,0.00091583,0.0014549,0.0014282,0.0051623,0.0067565
2,0.0024561,0.0038515,0.0033778,0.0036612,0.0030225,0.0037752,0.0023391,0.0018701,0.0032635,0.0027724,0.0069012,0.0079126,0.0064828,0.0060652,0.0068362,0.017525,0.0020356,0.0015457,0.001781,0.0019022,0.0013971,0.001837,0.0025838,0.013963
2,0.0020335,0.0024008,0.0017374,0.0015023,0.001734,0.0010768,0.0014387,0.0015005,0.025969,0.025785,0.01903,0.020213,0.020125,0.0024764,0.0018188,0.0021074,0.0032693,0.0041565,0.0046026,0.028652
2,0.0021094,0.002048,0.0011335,0.00093315,0.0015644,0.0015085,0.0027917,0.0032883,0.002856,0.0025791,0.0034584,0.0020745,0.014058,0.0073784,0.0050365,0.0051349,0.017101,0.0030987,0.003389,0.0038439,0.0024439,0.0050532,0.01589,0.017663
2,0.0013903,0.0022898,0.00070492,0.00046964,0.0008558,0.0012514,0.00099115,0.0012738,0.0011174,0.0013899,0.0016276,0.001616,0.002742,0.0062116,0.0053357,0.0046424,0.0046138,0.0063603,0.0024483,0.0075853,0.028551
2,0.00062219,0.0024437,0.001318,0.00046058,0.00081712,0.0021815,0.0015183,0.0023047,0.0016429,0.0017268,0.0010776,0.00075601,0.00045553,0.0031611,0.0068114
2,0.010078,0.0092137,0.00127,0.00092677,0.0011273,0.0014207,0.0014508,0.0021843,0.0028514,0.0032237,0.0019917,0.0018289,0.0016263,0.0014225,0.00078369,0.0016945,0.012532
2,0.0018937,0.012423,0.10052,0.010502,0.0042881,0.0042428,0.00090114,0.0024664,0.0028132,0.0027346,0.0027546,0.002901,0.0056579,0.0036687,0.0019493,0.0027219,0.0028526,0.0015134,0.0042254,0.005115,0.0072047,0.027794
2,0.0033074,0.0057456,0.0014385,0.00069451,0.0009767,0.00080644,0.0027398,0.0029218,0.0028474,0.0023247,0.0025901,0.0013836,0.00073962,0.00045852,0.0015731,0.0013914,0.020313
2,0.0068031,0.0054247,0.006139,0.0063054,0.01057,0.0071874,0.00857,0.007236,0.0075846,0.0074408,0.0063501,0.004158,0.011725,0.010339,0.022034
2,0.0059127,0.017784,0.023075,0.024989,0.0025184,0.0022886,0.0016471,0.0038545,0.0021297,0.0028381,0.0039359,0.0038843,0.0038961,0.0045561,0.0031668,0.0034329,0.0028242,0.0032707,0.0034689,0.0045437,0.0031376,0.00634,0.0051046,0.011156,0.021628
2,0.0030919,0.0047996,0.0028491,0.0038801,0.0038042,0.0033831,0.0027883,0.0017138,0.0015477,0.0014427,0.0012966,0.0012796,0.0061954,0.0032379,0.016395
2,0.0083882,0.0056766,0.0052864,0.004945,0.0059499,0.0024445,0.001181,0.0032194,0.0034665,0.0027287,0.0040131,0.0032868,0.0029842,0.0025236,0.0018062,0.0010881,0.0010841,0.0014217,0.027259
2,0.001159,0.0015306,0.0020119,0.0013697,0.00059917,0.0011035,0.0047674,0.0024845,0.0032389,0.0032779,0.0041518,0.0041822,0.0037715,0.0031347,0.0018821,0.001689,0.0016191,0.0011092,0.00073911,0.00093256,0.00080672,0.0012568,0.0022936,0.0024255,0.0023935,0.0020788,0.0022827,0.0022097,0.031234
2,0.01205,0.0096519,0.004579,0.003084,0.0077433,0.011118,0.0092519,0.0089017,0.006274,0.0041904,0.0027555,0.0044259,0.0037847,0.0038961,0.0048216,0.0045563,0.0085266,0.0066942
2,0.0066659,0.0061673,0.0060209,0.0070426,0.0030149,0.0047394,0.0021079,0.0018173,0.0013485,0.00070831,0.019577,0.0058061,0.0068772,0.0025839,0.0044584,0.0038956,0.0058652,0.0056477,0.0088348,0.0074823,0.030557
2,0.00089395,0.0017248,0.0066165,0.0049206,0.0080223,0.017654,0.0084646,0.0062897,0.0090114,0.0099393,0.0022329,0.0038429,0.0044232,0.0032491,0.0035862,0.0029725,0.0024488,0.0029623,0.0031947,0.0015048,0.0020637,0.0014886,0.0029163,0.0027716,0.0035121,0.0020252,0.0094647
2,0.0021047,0.0016682,0.0012828,0.0017115,0.0017682,0.0053024,0.0044947,0.0063975,0.0074482,0.0071101,0.0022269,0.0025527,0.004631,0.0055645,0.0029684,0.0079413
2,0.0033906,0.0026249,0.0020028,0.0016057,0.0024166,0.0015803,0.0012954,0.001011,0.0010569,0.0011227,0.0011787,0.0015275,0.0016332,0.0013314,0.0015356,0.002284,0.0037095,0.0015623,0.007141,0.0060536
2,0.0012442,0.0034537,0.001354,0.001284,0.0017105,0.00092291,0.0017594,0.0012703,0.0016142,0.00067305,0.0007016,0.00048221,0.00023281,0.00032031,0.00070836,0.00033865,0.00037222,0.00027372,0.00038081,0.00070835,0.0017116,0.0017071,0.0014044,0.00054408,0.00081995,0.00049449,0.00096814,0.00049972,0.00059083,0.0013009,0.00095648,0.00087549,0.0039352,0.0055419,0.030987
2,0.001782,0.0018765,0.0016434,0.0025527,0.0024617,0.0023651,0.0018614,0.0025107,0.0024068,0.0015194,0.0015237,0.00073648,0.00067347,0.00064106,0.0005384,0.00052007,0.001044,0.00058115,0.0006537,0.00060849,0.00031576,0.00032072,0.00053977,0.001109,0.0024167,0.0013853,0.0017015,0.0034199,0.0095921
2,0.012015,0.010188,0.0072559,0.0076643,0.0046292,0.0033126,0.0032027,0.0023077,0.0022771,0.0014944,0.001338,0.0012977,0.0032744,0.0019043,0.0019639,0.0018147,0.001186,0.00077086,0.0018534,0.0015287,0.0011448,0.0019109,0.0014914,0.0014297,0.0012021,0.0014026,0.001168,0.0032082,0.0057544,0.012285
2,0.0014144,0.0015406,0.0017493,0.0016642,0.0022398,0.0031981,0.002247,0.0028277,0.0035578,0.002332,0.0016843,0.00076094,0.0010607,0.0010687,0.0016186,0.0043234,0.0043849,0.0026064,0.0032761,0.0043275,0.0030517,0.0019321,0.0014515,0.0020104,0.0018311,0.0015242,0.00075559,0.00091214,0.00080489,0.00031821,0.00032029,0.00034037,0.0019049,0.0042772
2,0.0015823,0.0033774,0.0033213,0.0028159,0.0027626,0.0027602,0.002293,0.0021673,0.0011445,0.00077247,0.00075096,0.0017339,0.0019639,0.0023524,0.0014679,0.0019475,0.0010648,0.0013279,0.0019152,0.001932,0.0027493,0.0028956,0.0018143,0.0010834,0.0016066,0.0012643,0.0011699,0.0010945,0.0010073,0.0014841,0.0012043,0.0012164,0.0015294,0.0022326,0.0036352,0.0051365,0.007492,0.0090314
2,0.0036047,0.0031337,0.0023459,0.0028729,0.0032524,0.0033818,0.0027953,0.0020095,0.0046296,0.0043426,0.0025288,0.0022302,0.0037038,0.0049617,0.0032044,0.003745,0.0028632,0.0021299,0.0015207,0.0003754,0.00013899,0.00037374,0.0023595,0.0024418,0.0025097,0.0015671,0.0024232,0.0016946,0.0017214,0.0011046,0.0012219,0.0013486,0.001191,0.0031765,0.012934
2,0.0035715,0.0046702,0.005287,0.0059848,0.0047898,0.0048066,0.0034871,0.00275,0.0014764,0.0017314,0.001001,0.0011752,0.0014278,0.0022761,0.0027218,0.0016478,0.0019197,0.0012556,0.001656,0.0015311,0.0018215,0.0028712,0.0026773,0.0032117,0.0029152,0.0029565,0.00084223,0.00069439,0.00098511,0.0033763,0.0043967,0.014979
2,0.0038123,0.004529,0.0049391,0.0048592,0.0054838,0.0041405,0.0047525,0.0052361,0.0028867,0.002854,0.0025639,0.0026329,0.0033689,0.0043165,0.0027205,0.0031252,0.0021464,0.0044035,0.0031594,0.0036842,0.0060927,0.0056555,0.0041694,0.0044231,0.0030459,0.0030435,0.0033323,0.0037668,0.0015888,0.0015762,0.0018329,0.0013102,0.001308,0.0052734
2,0.00029234,0.00030663,0.00073497,0.0011823,0.001271,0.00090184,0.00045445,0.00057193,0.00091875,0.00073643,0.0011279,0.00067893,0.00066161,0.00048217,0.00075518,0.00073716,0.0014058,0.00083984,0.00077115,0.0010192,0.00097025,0.0040638,0.0046502,0.00093223,0.00029362,0.0013021,0.0015194,0.001572,0.0014823,0.00060271,0.00060441,0.00036834,0.00020968,0.00044558,0.00065461,0.00044073,0.00073772,0.0017394,0.0015593,0.0048033,0.027478
2,0.0013934,0.0029458,0.0021352,0.0010596,0.00055103,0.00043604,0.00022164,0.00012034,0.00062449,0.00079834,0.0011484,0.00064684,0.0010412,0.00074131,0.0017204,0.0021928,0.0057854,0.0019402,0.0016084,0.0024078,0.0028544,0.0014235,0.01413,0.031714
2,0.0034028,0.0042024,0.0033728,0.0042479,0.0037639,0.002419,0.0020672,0.0022543,0.0016014,0.0031189,0.0048038,0.0064276,0.018441,0.013129,0.010195,0.012817,0.016821,0.00089127,0.00045965,0.0082944
2,0.001848,0.0017282,0.0035335,0.0029947,0.0048583,0.0049213,0.0029594,0.0021529,0.0031013,0.0018613,0.0017123,0.0026241,0.0045799,0.016029,0.013745,0.015642,0.015035,0.017117,0.0026698,0.0090596
2,0.0030835,0.0033043,0.0041377,0.003111,0.0027859,0.0017616,0.0013635,0.0010129,0.00065895,0.00059979,0.00074667,0.00089366,0.00068292,0.0013555,0.0016696,0.0031222,0.0033521,0.00293,0.0022134,0.0032996,0.00096661,0.00096944,0.014224
2,0.003347,0.0034763,0.003372,0.0026576,0.0022684,0.0032425,0.0031306,0.0009453,0.00080639,0.00080072,0.0004795,0.00074914,0.00095254,0.0025431,0.0031653,0.0023035,0.0024176,0.0032303,0.0014403,0.0011688,0.0047583
2,0.004897,0.0047516,0.0038617,0.0029845,0.0027609,0.0020357,0.0022202,0.0031315,0.0032265,0.0028209,0.0019498,0.0022894,0.002298,0.0023298,0.0020372,0.0014714,0.0011181,0.00099428,0.0011586,0.0016661,0.0036807,0.0065268,0.017138
2,0.0029145,0.0013351,0.0021285,0.0017003,0.0014542,0.00066537,0.00052807,0.00052627,0.00020341,0.00042393,0.00029856,0.00035993,0.0005523,0.00058559,0.0006935,0.0029496,0.0034851,0.0028917,0.0024519,0.0043393,0.0013271,0.00068786,0.003574,0.019321
2,0.0032536,0.0040279,0.0011245,0.0015581,0.0014816,0.0014505,0.0016993,0.0011926,0.00098182,0.0014781,0.00064529,0.001143,0.0010687,0.0012115,0.0017721,0.0014816,0.0014818,0.002349,0.0030469,0.0011136,0.010095,0.0051541
2,0.0017886,0.002268,0.0028866,0.0019962,0.0019688,0.00069902,0.00087977,0.0012095,0.0032564,0.0016674,0.0013188,0.00078175,0.00073995,0.00048439,0.00057617,0.0014071,0.0026245,0.0009826,0.00071163,0.00083788,0.00063544,0.0049902,0.018932
2,0.0022473,0.0032965,0.0030632,0.0025037,0.0031883,0.0027777,0.0011978,0.0026829,0.001881,0.0028921,0.0022488,0.0013921,0.0012098,0.00068017,0.00076754,0.0017061,0.0021024,0.0019132,0.0023277,0.0016077,0.00044613,0.00093316,0.020645
2,0.0018841,0.0021566,0.0014191,0.001503,0.0028708,0.0023459,0.0010055,0.0013691,0.00077238,0.00041645,0.00030066,0.00038597,0.00043532,0.00037054,0.00057004,0.00032434,0.0003088,0.00034517,0.00039408,0.00072101,0.0037159,0.0098507
2,0.0011642,0.0021623,0.003121,0.0029192,0.00068386,0.00084423,0.0012627,0.0013208,0.0022169,0.0095489,0.011628,0.0066553,0.0053374,0.00219,0.0019683,0.0015669,0.00082539,0.00095796,0.0011527,0.0014244,0.0018395,0.0031208,0.0027576,0.002429,0.0023596,0.001775,0.0012334,0.0033256,0.01084,0.030998
2,0.002876,0.0033271,0.0030655,0.001795,0.0015338,0.00099037,0.0014861,0.0020228,0.0019815,0.0056243,0.01103,0.010078,0.023152,0.021823,0.016622,0.013366,0.012091,0.0036677,0.0023609,0.0020559,0.00094877,0.00068293,0.00054921,0.00034754,0.00036304,0.00044172,0.0016903,0.0083301
2,0.0019604,0.001755,0.0036263,0.0020653,0.001957,0.0015254,0.0014372,0.00070422,0.00033723,0.00077016,0.0019783,0.0019341,0.0019586,0.0020576,0.0014788,0.00098147,0.002089,0.0021027,0.0027248,0.0050864,0.00090402,0.00092156,0.00077099,0.00048058,0.0016192,0.0054307,0.019319,0.024652
2,0.0073122,0.0064442,0.0027977,0.0015843,0.0024407,0.0014718,0.0038883,0.0039798,0.003734,0.0029441,0.0020855,0.00088864,0.00088745,0.00086297,0.0012044,0.00096333,0.00063079,0.00061589,0.0003044,0.00038874,0.00075828,0.00080492,0.0065419,0.017988
2,0.001127,0.0011743,0.0023391,0.0018474,0.0015446,0.0022496,0.0017298,0.00086691,0.00059165,0.00085701,0.0016053,0.0011952,0.001456,0.002269,0.0028824,0.0039226,0.0034296,0.017471,0.010087,0.011473,0.007898,0.0075668,0.00027514,0.00021673,0.00032047,0.00034884,0.00037514,0.00054172,0.0012989,0.002327,0.014204,0.015091
2,0.0013414,0.0010632,0.00063731,0.00059116,0.00071225,0.0011242,0.0022713,0.0034502,0.003538,0.0027999,0.0023785,0.0024631,0.0037316,0.0020911,0.0015962,0.0018082,0.0014569,0.0024239,0.0017548,0.0030134,0.002643,0.0012657,0.0031086,0.0033204,0.0032324,0.0026223,0.0030982,0.0025365,0.015682
2,0.0031172,0.0025331,0.0036666,0.0041911,0.0023098,0.001679,0.001209,0.0019641,0.00093416,0.00050016,0.00043002,0.0012934,0.003612,0.0019103,0.0017833,0.0031858,0.0080768,0.0051077,0.0056698,0.0061222,0.0072994,0.0043169,0.0038089,0.0015488,0.0017994,0.0017397,0.0023682,0.0025194,0.0050357,0.005212,0.0053737,0.0055094,0.014477
2,0.0020602,0.0083875,0.0075365,0.0064494,0.0052537,0.0057474,0.0032728,0.0015111,0.0019753,0.0018778,0.0045109,0.0029925,0.0051814,0.0042931,0.0038685,0.0040849,0.0049051,0.0042226,0.0050444,0.0053432,0.0025157,0.0025763,0.0022059,0.002291,0.002454,0.0011607,0.0040254,0.030388
2,0.0022285,0.002772,0.0028262,0.0012572,0.0015005,0.0011424,0.0022954,0.0034352,0.0042256,0.0042753,0.0031691,0.0046379,0.0028237,0.0025354,0.0026924,0.0048916,0.0036569,0.0024203,0.0043799,0.0061759,0.0093464,0.0087303,0.0020913,0.0017938,0.0010027,0.0012216,0.003597,0.031393
2,0.0055819,0.0038859,0.0067944,0.0065237,0.0056496,0.0040952,0.006888,0.0045433,0.0028948,0.00325,0.0029934,0.0016183,0.0014758,0.00085633,0.0010444,0.0034512,0.001239,0.0027268,0.0016039,0.0010142,0.00081678,0.0015249,0.0016772,0.0012872,0.0025903,0.0060343,0.020747
2,0.0031658,0.0046546,0.0064072,0.0081942,0.007767,0.0023246,0.0044321,0.0049801,0.0058485,0.0046193,0.0049919,0.0012521,0.0017583,0.0014428,0.0029563,0.0022015,0.0024918,0.0095339,0.01066,0.0044175,0.0050841,0.005322,0.0018614,0.0017755,0.0013701,0.0043675,0.019858
2,0.00097736,0.004471,0.0033411,0.0014605,0.0022041,0.0027721,0.0014047,0.0016965,0.0013111,0.0010747,0.00094647,0.001069,0.00084979,0.0011293,0.0018195,0.0019129,0.0018802,0.0021285,0.00088162,0.0011539,0.0013581,0.0016259,0.0015915,0.0025551,0.0027536,0.002037,0.002528,0.0026094,0.0038746,0.0043557,0.0043647,0.002999,0.0026481,0.0017174,0.0013769,0.002728,0.003266,0.0011194,0.0025879,0.0065794,0.010447
2,0.0010476,0.001193,0.0013187,0.001513,0.0013831,0.0026045,0.0012362,0.0025169,0.0015638,0.001419,0.0016019,0.0026368,0.0014015,0.0046502,0.003552,0.0019564,0.0013017,0.0017695,0.0018294,0.0014068,0.0011811,0.0016994,0.001195,0.0016808,0.0041388,0.0042268,0.002632,0.0032373,0.0037077,0.0013716,0.0019253,0.0025527,0.0028182,0.0019837,0.00307,0.0027724,0.013987
2,0.0035429,0.0020044,0.0025186,0.0012619,0.0015843,0.001664,0.0030738,0.0029631,0.002806,0.003862,0.002749,0.0018087,0.0016283,0.002291,0.0011596,0.00092961,0.00053403,0.0011743,0.0028647,0.0016297,0.0011861,0.0011614,0.00095276,0.0018999,0.0032387,0.0031567,0.0036949,0.0044886,0.0063951,0.010854,0.02878,0.030163,0.029371,0.027512,0.028779,0.022312,0.0072707,0.004325,0.002368,0.0017581,0.0016002,0.0012641,0.00083655,0.00078991,0.014391
2,0.0024398,0.0023317,0.0027378,0.002812,0.0017968,0.001679,0.0013072,0.0028466,0.0029352,0.0016889,0.0025798,0.0043316,0.0023648,0.0012895,0.0010332,0.0011347,0.0017184,0.001374,0.0015052,0.00141,0.0022218,0.0040687,0.0033314,0.0047585,0.013802,0.012368,0.0011641,0.00079944,0.00072961,0.0013006,0.00077907,0.00060904,0.0021124,0.0060331,0.0020474,0.0022255,0.002413,0.0040146,0.004679,0.0024218,0.0028946,0.0024406,0.0019385,0.0031015,0.0018088,0.0043689,0.0052475,0.007495,0.0070082,0.0056485,0.0049046,0.022693
2,0.0028679,0.001855,0.0015972,0.0039059,0.0016718,0.0022952,0.0017294,0.0016342,0.0016226,0.001877,0.0014088,0.00076118,0.00060502,0.00078225,0.00097186,0.0011371,0.0054091,0.0014379,0.0022886,0.00084807,0.0014827,0.0012869,0.0024854,0.002349,0.0042886,0.0055359,0.0065131,0.0049887,0.006402,0.0036139,0.0030845,0.0012609,0.0012489,0.0012884,0.0015407,0.0022612,0.0025076,0.0021479,0.013412
2,0.0021521,0.0027541,0.002402,0.0034233,0.0032691,0.0022365,0.00092106,0.00087017,0.0013264,0.003966,0.0025946,0.007411,0.0065685,0.0087063,0.0091645,0.0097407,0.0077368,0.0049028,0.0033362,0.0014018,0.0012981,0.0025116,0.0035533,0.0013184,0.0014888,0.0015281,0.0027962,0.0046959,0.0081329,0.0037972,0.0045417,0.0061305,0.0052957,0.0047354,0.0040136,0.01282
2,0.00072676,0.0022093,0.00064497,0.00068994,0.001045,0.0014326,0.0025256,0.0021389,0.0026557,0.0013742,0.0005727,0.00056232,0.00050514,0.0007282,0.0014477,0.0015682,0.0018234,0.0030613,0.001622,0.00087205,0.00096986,0.0010677,0.00079267,0.0016949,0.0022992,0.0043517,0.0018673,0.0094765,0.016238
2,0.0031121,0.0081777,0.0016187,0.0020536,0.004887,0.004504,0.003829,0.0028908,0.00097799,0.0007708,0.000583,0.0010899,0.0016158,0.00099127,0.00089927,0.0016456,0.00068083,0.00043232,0.00071513,0.00065018,0.00024359,0.00014579,0.00013167,0.00011273,0.00091847,0.0058562,0.016868
2,0.0034643,0.01033,0.016008,0.01561,0.0056974,0.0044938,0.0032907,0.0016236,0.0012624,0.0046665,0.0025241,0.0028868,0.0029061,0.0029803,0.0059432,0.0018465,0.0016676,0.0034376,0.0059307,0.014103,0.010882,0.011118,0.0097127,0.0055917,0.001783,0.0013391,0.0022002,0.0014087,0.001032,0.0010126,0.00072483,0.00067449,0.0012738,0.001307,0.0014115,0.0017124,0.0017855,0.0017944
2,0.0058726,0.0036708,0.013371,0.019223,0.015474,0.015927,0.018046,0.0086708,0.0033181,0.0030737,0.0047639,0.0067524,0.002805,0.0024977,0.0029252,0.0014617,0.0011317,0.0011088,0.0012468,0.0015301,0.0011349,0.0011925,0.00071143,0.0058224
2,0.002938,0.0053383,0.0051751,0.0038319,0.0045359,0.0026185,0.0027965,0.0023166,0.0024569,0.0019611,0.0033884,0.0021348,0.0010088,0.0028005,0.0029002,0.0018729,0.0024247,0.0024501,0.0022618,0.0096633,0.0098056,0.019645,0.025564,0.024004,0.020393,0.019142,0.0055647,0.002049,0.002294,0.0024228,0.00088741,0.001692
2,0.0013402,0.002453,0.0023371,0.0019607,0.0020653,0.0014362,0.0011615,0.0011544,0.00078333,0.0012487,0.00093294,0.0021959,0.0020043,0.0013245,0.001933,0.0031285,0.0014747,0.0025307,0.001809,0.0013623,0.00080186,0.0011614,0.00053965,0.0031695,0.029156
2,0.0029341,0.0022049,0.0031281,0.0036464,0.0079215,0.0080007,0.0065147,0.0044365,0.0035,0.0018765,0.0016138,0.0021034,0.0020717,0.0053187,0.0057971,0.0022819,0.00078018,0.00041154,0.00043129,0.00037642,0.00098791,0.0068379
2,0.004002,0.0043369,0.0043967,0.0038715,0.0035904,0.0029384,0.0019531,0.0029701,0.0057458,0.0039286,0.002265,0.0027489,0.0027235,0.0018125,0.0027314,0.0044378,0.0031871,0.0028239,0.0038996,0.004337,0.0013161,0.0013122,0.0013266,0.0010452,0.0011819,0.0062351,0.016504
2,0.0014879,0.0016623,0.0010828,0.0012432,0.0015407,0.00097995,0.0025807,0.0023342,0.0024139,0.0034361,0.0033571,0.0028282,0.0020737,0.0023281,0.0028715,0.0028131,0.0014621,0.0018647,0.0011212,0.0013892,0.0014773,0.001799,0.0017089,0.0012706,0.00081154,0.00073063,0.0022815,0.0015783,0.0073329
2,0.002249,0.0019679,0.0016679,0.0025598,0.0024947,0.0024595,0.0025686,0.0029257,0.0023445,0.0056253,0.0013517,0.012691,0.013015,0.0076119,0.00823,0.022842,0.0010695,0.00083346,0.0014658,0.0021918,0.0020149,0.0037113,0.0031783,0.0033506,0.012261,0.017771
2,0.0036379,0.0040469,0.0037535,0.0055824,0.0047564,0.0050788,0.0045971,0.0043266,0.0021425,0.0055504,0.0048138,0.0069986,0.0042257,0.0027969,0.0044381,0.003552,0.00044314,0.00053942,0.00072376,0.0006012,0.00091654,0.0053961
2,0.0016308,0.0017533,0.0019383,0.0020542,0.0030168,0.0025019,0.0020665,0.0016933,0.0013202,0.0010524,0.0011875,0.0028295,0.0020709,0.0024512,0.00099386,0.0021536,0.002123,0.0017855,0.0020075,0.01143,0.010957,0.02278
2,0.0020648,0.0018249,0.0013375,0.0024828,0.0012752,0.0040957,0.00899,0.006493,0.0053494,0.0084761,0.0079959,0.007453,0.0028888,0.0026899,0.0017573,0.0017418,0.0029847,0.00089197,0.0021783,0.0015307,0.0023154,0.0026523,0.0064293,0.0068859,0.025581
2,0.02195,0.01818,0.017861,0.017972,0.014458,0.0028848,0.0031464,0.0025956,0.0025484,0.0025791,0.0040239,0.0084035,0.0049458,0.0027201,0.0036368,0.0041637,0.0029796,0.0027932,0.0045825,0.0019134,0.0014646,0.0011411,0.0018841,0.0016981,0.0022843,0.0013391,0.0073638
3,0.11464,0.12903,0.12943,0.31327,0.42357,0.364,0.85032,0.73545,0.36358,0.09734,0.041089,0.029319,0.15499,0.27841,0.19533,0.14087,0.017499,0.028982
3,0.036034,0.050266,0.1295,0.059922,0.20071,0.89903,0.9361,0.9191,0.90467,0.66156,0.56508,0.11537,0.088451,0.12946,0.025914,0.071425,0.30844,0.12206,0.075988
3,0.10784,0.44363,0.19196,0.061781,0.035534,0.011118,0.0069441,0.099365,0.66441,0.71417,0.4901,0.22758,0.094285,0.075212,0.06029,0.2416,0.45408,0.28338,0.42419,0.035222,0.042296
3,0.44426,0.57299,0.57211,0.061395,0.48413,0.81519,0.76636,0.39654,0.10566,0.43163,0.84004,0.53077,0.26631,0.56834,0.82736,0.84654,0.68553,0.56464,0.071619,0.018283,0.038477
3,0.18483,0.40304,0.54656,0.6347,0.78005,0.56641,0.65194,0.068816,0.078944,0.19743,0.049778,0.03521,0.033036,0.056331,0.050569,0.22488,0.16197,0.1774,0.075921,0.057712,0.26055,0.37679,0.67976,0.80516,0.85764,0.77113,0.82486,0.24172,0.044282
3,0.022813,0.03516,0.49219,0.039913,0.1233,0.10018,0.14555,0.2513,0.13447,0.057177,0.021862,0.0044115,0.0066398,0.035155,0.055429,0.070724,0.19742,0.011879,0.023079,0.024704,0.013693,0.01543,0.020591,0.010952,0.020355,0.39076,0.3626,0.24626,0.11623,0.019659,0.02015,0.0049897,0.012554,0.023112,0.23716,0.33736,0.82947,0.64609,0.059958,0.070154,0.14963,0.56794,0.39173,0.72809,0.601,0.62042,0.2338,0.063387,0.038377,0.030532,0.0069991,0.0063542,0.033414,0.035273
3,0.015481,0.0373,0.075224,0.10272,0.1544,0.63517,0.83225,0.85567,0.71061,0.5396,0.5548,0.70955,0.64693,0.71488,0.77215,0.93693,0.77687,0.78481,0.69771,0.062679,0.074545,0.065479,0.18541,0.33241,0.66869,0.70898,0.66669,0.5781,0.63659,0.40927,0.06469,0.074604,0.040999,0.037738,0.061492,0.066343,0.030727,0.040487,0.062032
3,0.01589,0.12774,0.36368,0.57707,0.86584,0.61247,0.74602,0.72373,0.55492,0.53446,0.78752,0.49255,0.79907,0.90299,0.83618,0.86272,0.91166,0.55986,0.44807,0.1254,0.2635,0.30249,0.51466,0.37926,0.40084,0.062592,0.099447,0.04294,0.02835,0.0052303,0.0024983,0.0097866,0.0046593,0.023699
3,0.04763,0.22717,0.12239,0.5,0.83357,0.56291,0.75611,0.87308,0.44237,0.71175,0.4106,0.70474,0.9102,0.91998,0.77446,0.67604,0.21552,0.17572,0.19775,0.27917,0.62935,0.87593,0.80928,0.59049,0.63818,0.94297,0.74095,0.79116,0.48457,0.01045,0.0061054,0.012057,0.0055665,0.0069723,0.052984
3,0.080449,0.20813,0.46644,0.4324,0.80569,0.69811,0.13381,0.2711,0.20723,0.48387,0.36188,0.41166,0.30125,0.41246,0.17981,0.45709,0.48089,0.85865,0.89616,0.68052,0.19195,0.079854,0.074076,0.088124,0.39035,0.64727,0.73134,0.85974,0.95154,0.37189,0.15126,0.41333,0.56848,0.72004,0.72591,0.85658,0.42403,0.60597,0.061741,0.020306,0.03049,0.033908,0.040874,0.040698,0.090766
3,0.022985,0.081733,0.012239,0.0040417,0.0022623,0.0047032,0.0038086,0.04583,0.052433,0.090923,0.046274,0.018336,0.052204,0.018189,0.036312,0.043945,0.020923,0.014833,0.010494,0.010244,0.007925,0.0043558,0.0063716,0.0083044,0.015852,0.034666,0.059628,0.028186,0.027371,0.0099627,0.015158,0.011293,0.033882,0.084793,0.10014,0.22962,0.04884,0.0096728,0.010495,0.011816,0.010108,0.010331,0.015733,0.0050711,0.007641,0.010502,0.024918,0.14225,0.21129,0.20518,0.080635,0.038871,0.0079661,0.0034304,0.0039562,0.011151,0.0085885
3,0.043976,0.061445,0.10465,0.074197,0.06223,0.065244,0.4456,0.20579,0.26911,0.15233,0.12534,0.29831,0.44202,0.51578,0.42984,0.72801,0.90617,0.83535,0.22157,0.077662
3,0.017312,0.0666,0.35163,0.14421,0.1947,0.15825,0.20048,0.55824,0.71549,0.6697,0.88097,0.9078,0.67119,0.80868,0.76709,0.67768,0.51977,0.024286,0.0079926,0.016577
3,0.66444,0.94785,0.51703,0.27398,0.1235,0.31196,0.25105,0.92578,0.98605,0.98891,0.98181,0.93881,0.92163,0.97228,0.94672,0.82901,0.83613,0.77976,0.30463,0.13213,0.0070816,0.033184
3,0.056872,0.16476,0.14167,0.084539,0.11109,0.093747,0.059944,0.16811,0.66547,0.76679,0.51895,0.64363,0.34623,0.30016,0.43015,0.45063,0.4069,0.36427,0.062674,0.11,0.12452,0.11305,0.017491,0.03718
3,0.20008,0.5,0.3229,0.12889,0.46405,0.8089,0.85651,0.97706,0.88613,0.73943,0.43964,0.4188,0.1337,0.2121,0.5,0.56905,0.75901,0.66782,0.036171,0.065606,0.056126,0.12728,0.097007,0.079123,0.82749,0.86935,0.74303,0.84769,0.93166,0.9134,0.86944,0.72728,0.094268,0.14763,0.11019,0.57787,0.71024,0.14386,0.010827,0.025191
3,0.0053718,0.025704,0.13361,0.29695,0.068036,0.024117,0.029259,0.024011,0.027965,0.01662,0.036783,0.013747,0.017745,0.035375,0.014419,0.030736,0.01002,0.0031716,0.0011819,0.00067996,0.0010014,0.0060697,0.011455,0.051902,0.06718,0.033129,0.010575,0.019691,0.012734,0.049964,0.24626,0.021827,0.052035,0.027501
3,0.0046559,0.01185,0.060491,0.19043,0.14494,0.031339,0.026396,0.013085,0.0132,0.10226,0.30945,0.35596,0.11706,0.043221,0.038948,0.045563,0.39745,0.20779,0.097947,0.046952,0.01552,0.010601,0.013184,0.013441,0.014423,0.015018,0.016686,0.012235,0.012041,0.0079308,0.013057,0.0018788,0.0054421,0.010618,0.023892,0.020199,0.0089188,0.013965,0.018975,0.0618,0.79857,0.62433,0.50924,0.52687,0.47513,0.20837,0.1621,0.093514,0.020987,0.01188,0.028472,0.037581
3,0.02704,0.088633,0.40074,0.85115,0.77715,0.19574,0.16218,0.023194,0.072781,0.30387,0.64029,0.56861,0.30595,0.2037,0.1278,0.14053,0.68562,0.88034,0.82241,0.72134,0.72786,0.201,0.071202,0.26073,0.4626,0.30342,0.5,0.48565,0.61647,0.85933,0.89817,0.76098,0.57976,0.19279,0.09394,0.014585,0.061774
3,0.015818,0.031478,0.060242,0.087682,0.16671,0.03178,0.0058333,0.0033892,0.0037737,0.025677,0.14115,0.18119,0.029891,0.02076,0.24035,0.26731,0.24362,0.18493,0.016877,0.02457,0.046878,0.0096709,0.04314,0.082011,0.062535,0.032598,0.024644,0.026776,0.20526,0.24538,0.1607,0.12679,0.17441,0.053763,0.0097695,0.015511
3,0.073242,0.2588,0.45258,0.34059,0.35279,0.32305,0.11354,0.57431,0.83131,0.77238,0.39503,0.094165,0.24407,0.66965,0.51979,0.82147,0.78988,0.45101,0.39661,0.12147,0.096516,0.074033,0.79978,0.88091,0.60866,0.64495,0.54246,0.64625,0.56571,0.74311,0.89112,0.93368,0.86802,0.80699,0.83531,0.92539,0.93154,0.028173,0.03606,0.01681,0.026194
3,0.041851,0.4349,0.61153,0.81126,0.76689,0.85206,0.66204,0.70193,0.19812,0.29164,0.054789,0.10552,0.069765,0.30515,0.27353,0.081093,0.086993,0.1334,0.57626,0.18305,0.12658,0.72574,0.36357,0.66618,0.21663,0.16248,0.13556,0.099344,0.16826,0.23169,0.0566,0.01324,0.042929,0.043323,0.04613,0.059256,0.071631,0.08579,0.086291,0.085995,0.059413,0.10232,0.064101,0.049516,0.037801,0.20858,0.086969,0.022229,0.12219,0.088937,0.18586,0.57842,0.33765,0.19046,0.41827,0.16547,0.16516,0.034726,0.018796,0.056118
3,0.076556,0.87948,0.96678,0.88769,0.95704,0.94685,0.84065,0.75175,0.30922,0.32298,0.46133,0.79245,0.83941,0.74134,0.42867,0.85608,0.95669,0.85554,0.93483,0.44191,0.436,0.17396,0.23998,0.27336,0.74643,0.79759,0.68459,0.71677,0.56156,0.31724,0.019117,0.022792,0.021977,0.0091531,0.0058511,0.0036431,0.0074049,0.017025
3,0.001817,0.0045384,0.038209,0.02158,0.0032368,0.18141,0.069601,0.07652,0.065964,0.13953,0.038557,0.0097347,0.0026122,0.0024531,0.037842,0.01215,0.01385,0.030932,0.024745,0.0094772,0.0063191,0.017712,0.042236,0.052753,0.050808,0.016213,0.010166,0.010247,0.010387,0.011677,0.010568,0.012379,0.013978,0.014859,0.016321,0.0074629,0.0078726,0.010842,0.01692,0.12184,0.25307,0.10865,0.08096,0.03214,0.0046667,0.013226,0.033573,0.029188,0.022451,0.0074473,0.0048728,0.0066907,0.036033
3,0.0078478,0.10055,0.25565,0.13437,0.12095,0.03918,0.090585,0.074683,0.067745,0.55386,0.43972,0.14412,0.038689,0.021421,0.015288,0.015978,0.013485,0.013351,0.0028082,0.0085343,0.0068441,0.027615,0.047544,0.030504,0.0048524,0.0069697,0.0038579,0.0021484,0.0041077,0.005053,0.06261,0.060515,0.076776,0.029042,0.017413,0.019577,0.018068,0.010764,0.016123,0.017173,0.0188,0.018387,0.0090877,0.018762,0.014599,0.018015,0.028833,0.057175,0.023154,0.027786,0.01634,0.022679,0.13238,0.02727,0.019653,0.017126,0.0078873,0.014667,0.0073652
3,0.23286,0.78892,0.82594,0.65721,0.4899,0.64347,0.51346,0.95324,0.98162,0.96273,0.9847,0.11771,0.085853,0.16921,0.065004,0.13165,0.27873,0.78837,0.88633,0.88712,0.40747,0.13905,0.64526,0.97075,0.94731,0.83935,0.88525,0.98915,0.98221,0.85699,0.79209,0.86088,0.76284,0.47508,0.21984,0.051612,0.11192,0.19219,0.41128,0.65315,0.45598,0.25042,0.53252,0.80961,0.42708,0.52014,0.37239,0.074912,0.04571,0.027749
3,0.036268,0.044426,0.31361,0.22979,0.14819,0.07232,0.026167,0.094745,0.29127,0.08327,0.0097785,0.0028947,0.0049348,0.0074896,0.030037,0.037458,0.027816,0.013671,0.010058,0.0082087,0.0043967,0.020773,0.10661,0.17616,0.070781,0.040369,0.32071,0.31929,0.41136,0.30893,0.064518,0.078185,0.040771,0.028761,0.058762,0.043146,0.040601,0.012431,0.011298,0.016389
3,0.060042,0.31879,0.048205,0.059657,0.27268,0.14744,0.15249,0.37795,0.10807,0.33041,0.31503,0.01679,0.016196,0.059759,0.13299,0.10067,0.041365,0.0080517,0.01273,0.014103,0.012963,0.0094699,0.012164,0.011949,0.016263,0.013143,0.012583,0.011883,0.076792,0.30073,0.18759,0.058599,0.086417,0.045282,0.05006,0.11478,0.052103,0.058296,0.31893,0.79839,0.80518,0.76115,0.52166,0.39022,0.11182,0.033963,0.0076344,0.0053406,0.02174
3,0.53146,0.83804,0.28902,0.064451,0.35071,0.81188,0.9635,0.94823,0.83954,0.42509,0.17464,0.13874,0.47939,0.71842,0.32224,0.060479,0.010518,0.080459,0.11167,0.23544,0.32751,0.041173,0.054354,0.044228,0.041514,0.081883,0.14886,0.27444,0.078313,0.10187,0.088921,0.016052,0.064903,0.42647,0.40072,0.55668,0.080016,0.009709,0.010255,0.0063889,0.46306,0.35766,0.70218,0.78149,0.61845,0.11237,0.81058,0.79087,0.34722,0.4639,0.14139,0.060069,0.043828,0.0093828
3,0.18405,0.75797,0.69388,0.87888,0.91623,0.76369,0.08807,0.28179,0.82395,0.39031,0.58296,0.84609,0.4896,0.24225,0.49337,0.52839,0.46085,0.43701,0.044567,0.039033,0.028768,0.025583,0.050485,0.038944,0.017959,0.055153,0.35968,0.27752,0.16942,0.21913,0.43345,0.61617,0.87873,0.90501,0.7233,0.77966,0.79867,0.046831,0.043136
4,0.0022622,0.0030451,0.0026239,0.001672,0.0005827,0.00038062,0.00032776,0.00069498,0.00077868,0.0017981,0.002367,0.0052415,0.0086571,0.012571,0.015084,0.0028759,0.0067584
4,0.023806,0.036159,0.074615,0.061552,0.25012,0.12062,0.024728,0.023414,0.030328,0.037306,0.010234,0.010626,0.0052683,0.012968,0.0076724,0.0049105,0.0050287,0.017188
4,0.00047492,0.00031646,0.00021702,0.00079115,0.002328,0.00069112,0.00039344,0.00091143,0.0017454,0.0016088,0.00073504,0.0034368,0.0027123,0.0026839,0.0046142,0.0044686,0.0061635,0.037303
4,0.0012821,0.00066317,0.00061968,0.00089129,0.0006847,0.00023508,0.00032652,0.00038979,0.00066371,0.00094109,0.0036581,0.0087487,0.011916,0.0034437,0.0069457,0.029737
4,0.0008285,0.0011221,0.00090179,0.0023952,0.001145,0.00057787,0.00060764,0.00067339,0.00048127,0.00055592,0.0045676,0.012268,0.017738,0.008745,0.0058593,0.025697
4,0.0006587,0.00073014,0.00072284,0.0017817,0.0027797,0.0032144,0.0021701,0.0026595,0.0038265,0.0023948,0.0017747,0.0017955,0.0030343,0.0038504,0.0025909,0.01271,0.018145
4,0.0015628,0.00084981,0.00084409,0.0011208,0.00071821,0.0016384,0.00060209,0.00033148,0.00043943,0.001119,0.0044795,0.020333,0.031376,0.024533,0.023594,0.038276,0.037715
4,0.002298,0.028692,0.006596,0.0022079,0.0012104,0.00061522,0.0008893,0.00043499,0.00024959,0.00058683,0.00082744,0.0029003,0.003846,0.0080735,0.013896,0.016507,0.0082717,0.024107
4,0.0067926,0.011142,0.0091656,0.0053709,0.0017418,0.0033888,0.00050842,0.00066625,0.0020153,0.014368,0.033302,0.044137,0.02816,0.0063916,0.017816
4,0.00061051,0.0014132,0.0022787,0.0026593,0.0020083,0.0016893,0.0014806,0.00032923,0.00029184,0.0011089,0.0041814,0.0059156,0.0064195,0.0055649,0.004273,0.016659
4,0.0007854,0.0008141,0.0011506,0.00062562,0.00073348,0.00094996,0.00048282,0.0034985,0.0025106,0.0044385,0.014394,0.0061004,0.014273,0.017249,0.0068195,0.012685
4,0.0020453,0.0063004,0.0095372,0.0026695,0.005754,0.0024272,0.00061809,0.003453,0.010434,0.0041897,0.00135,0.00058385,0.0011773,0.0031929,0.019335,0.012781,0.011333,0.02425
4,0.0023996,0.0033078,0.0057859,0.0078599,0.0064055,0.0077651,0.0064455,0.0053164,0.0096989,0.0074882,0.0040019,0.0020034,0.0018874,0.0025511,0.012478,0.014303,0.011602,0.024924,0.015873,0.0057598,0.012188
4,9.8972e-05,0.00016065,0.00048263,0.00095675,0.0029395,0.0013899,0.0013884,0.0060441,0.0039267,0.0035405,0.0049783,0.019414,0.0083515,0.045865,0.0072965,0.033438
4,0.0043392,0.016177,0.045966,0.020749,0.061514,0.044447,0.018153,0.004262,0.0024784,0.0010512,0.0042365,0.0026435,0.0083713,0.01994,0.0089426,0.003855,0.020257
4,0.0053634,0.003516,0.0026618,0.00094257,0.0035202,0.003719,0.0052543,0.003197,0.0070324,0.0050336,0.0050101,0.0080117,0.05913,0.016154,0.010363,0.0086834,0.0033271,0.0014859,0.0019836,0.0061876,0.009325,0.015586,0.043373,0.022564,0.035291,0.061234,0.037831,0.02739,0.014859,0.016355,0.029973,0.016224,0.041057,0.032752
4,0.0038048,0.0036121,0.0014877,0.0062684,0.019229,0.025331,0.0080958,0.0073452,0.00327,0.0031215,0.0014789,0.0022776,0.0021759,0.0010521,0.00088145,0.0014573,0.0023768,0.0055218,0.003096,0.0039243,0.002312,0.0012763,0.0054664,0.0040198,0.0024368,0.0054492,0.0074161,0.0045156,0.0092201,0.0075334,0.019344
4,0.0030667,0.0031718,0.0023828,0.00049811,0.00063621,0.00076881,0.001205,0.0012875,0.0029062,0.0034541,0.0022544,0.0018037,0.0026481,0.0015026,0.001345,0.001314,0.0015227,0.0018594,0.0036193,0.0069339,0.0030624,0.0032674,0.0025868,0.001188,0.0010495,0.001016,0.0032012,0.0028041,0.0032248,0.0029263,0.0055464,0.0049552
4,0.00078343,0.0012671,0.00055405,0.00058606,0.002203,0.0033186,0.0026491,0.0048205,0.00611,0.0045347,0.0090281,0.019245,0.016292,0.0053311,0.0038879,0.0013272,0.00095942,0.0011254,0.010125,0.058447,0.09697,0.028508,0.0079806,0.020812,0.03185,0.007215,0.0079054,0.0076115,0.0084599,0.0083689,0.0056174,0.016982
4,0.00054329,0.00064862,0.00043514,0.00047111,0.00046755,0.00026426,0.00017107,0.0004184,0.00047329,0.0024176,0.0028849,0.0023571,0.0006059,0.0005006,0.00038146,0.00018366,0.00031536,0.0037617,0.0053008,0.006136,0.0058745,0.0029753,0.0032739,0.0013411,0.0031471,0.0021986,0.0052731,0.0052621,0.0045422,0.0031629,0.0044639,0.014751
4,0.059994,0.11299,0.056731,0.0074181,0.0056875,0.0021641,0.0040335,0.0015868,0.00068052,0.0021596,0.000669,0.00043718,0.00055288,0.00074228,0.00067853,0.0089675,0.040886,0.0087813,0.016239
4,0.0061075,0.0023198,0.0022554,0.001106,0.0014945,0.0045023,0.005164,0.006125,0.0059047,0.0076058,0.0028987,0.0047304,0.0067161,0.0035456,0.0054413,0.010479,0.026831,0.011261,0.03438
4,0.048581,0.16976,0.076121,0.037828,0.036297,0.018639,0.037735,0.086562,0.012154,0.0028334,0.0043591,0.0017338,0.0013287,0.0027595,0.0014705,0.0017886,0.0041372,0.0071781
4,0.013152,0.011985,0.0037021,0.00094125,0.00040115,0.00013645,0.0019724,0.0015836,0.0021931,0.00051708,0.00055471,0.000342,0.0005063,0.00076183,0.0035275,0.0017099,0.00073157,0.00078443,0.0011347,0.0016041,0.002504,0.0053078,0.0034801,0.0072875,0.012608
4,0.0064012,0.016035,0.0086956,0.0065308,0.0047344,0.01786,0.021251,0.0038696,0.0034895,0.0011627,0.0049886,0.0021312,0.0040885,0.026324,0.044799,0.016434,0.0038003,0.0028532,0.0015014,0.0046451,0.0040443,0.010407,0.0078372,0.032484
4,0.01194,0.03664,0.017197,0.0042679,0.0028021,0.0080507,0.0058573,0.0096926,0.0015517,0.00062045,0.0023242,0.0027166,0.0017818,0.017028,0.01782,0.0066924,0.0060888,0.0039121,0.005156,0.0063845,0.0097472,0.044781,0.047645
4,0.0051718,0.0048484,0.003391,0.0017669,0.00083183,0.0010208,0.005082,0.0049016,0.0035043,0.0062098,0.018517,0.017733,0.024815,0.06643,0.099431,0.11238,0.079173,0.018658,0.0053608,0.0062451,0.010122,0.013448,0.022957,0.0093336,0.030578
4,0.0027977,0.01976,0.0059859,0.00096034,0.00040786,0.00043581,0.00047466,0.0038104,0.0010199,0.0012235,0.0027653,0.00662,0.0034897,0.010411,0.0035376,0.0018019,0.001435,0.00359,0.001952,0.015431,0.054537,0.014163,0.014721,0.037355,0.032247,0.041975,0.017464,0.013516,0.021567,0.037611
4,0.0022472,0.023996,0.059784,0.019609,0.016229,0.0076309,0.014272,0.057931,0.071628,0.0071994,0.016503,0.014307,0.0065547,0.0082057,0.0044176,0.0025694,0.0024466,0.0012895,0.0064182,0.0064991,0.0049237,0.0075922,0.035712,0.019842,0.0077106,0.012023,0.019459
4,0.0018625,0.0042391,0.0024831,0.0026732,0.0034302,0.0036229,0.0074379,0.017377,0.0051531,0.0079227,0.0096365,0.0045998,0.0026186,0.015543,0.013529,0.00566,0.0073244,0.0070144,0.046764,0.038914,0.034528,0.014317,0.094136,0.10167,0.01986,0.0090474,0.035842,0.038264
4,0.00024936,0.00045988,0.00058487,0.00073461,0.00098165,0.00063687,0.00056468,0.001411,0.00093178,0.0007603,0.00092571,0.00044106,0.0007079,0.0012409,0.00085617,0.00069957,0.0011887,0.0012495,0.0052676,0.0041359,0.0053507,0.0014972,0.0032475,0.0028926,0.0013745,0.0040385,0.008792
4,0.00022802,0.00031884,0.00058641,0.00040832,0.00043633,0.0012912,0.00087964,0.00086065,0.0012256,0.0016618,0.001403,0.002546,0.0051935,0.0018575,0.0022413,0.0019747,0.0012235,0.0010307,0.001114,0.0011313,0.0014995,0.0021673,0.00050681,0.00047098,0.00025283,0.00083934,0.00075883,0.0036883,0.0099505,0.021793
4,0.0019594,0.0053618,0.0031141,0.0033367,0.0039929,0.00079746,0.0029295,0.040151,0.045209,0.21442,0.55691,0.87442,0.58966,0.40342,0.065868,0.018434,0.0063752,0.005392,0.0010864,0.0010381,0.00057028,0.00051721,0.0009287,0.014512,0.012544,0.016883,0.016253,0.041482
4,0.0030121,0.0074434,0.0071256,0.0071173,0.0049521,0.0067341,0.0032793,0.0012757,0.0022433,0.0020413,0.0014044,0.00058407,0.0011108,0.0053143,0.0047207,0.010556,0.0051523,0.0041762,0.001378,0.0023815,0.0037918,0.0033275,0.0035842,0.0089438,0.0078147,0.0083992,0.030142,0.04767,0.15591,0.048146,0.072744,0.055408,0.013522,0.0060674,0.0015432,0.019862
4,0.0025025,0.012036,0.0075824,0.00096175,0.0023762,0.004259,0.0016947,0.001859,0.0047692,0.00868,0.0042201,0.0008479,0.00091435,0.001071,0.0063584,0.0033142,0.0041922,0.0035969,0.0059761,0.0042363,0.0083791,0.011557,0.022437,0.0081611,0.0076825,0.0099126,0.0049311,0.0030095,0.0038018,0.0037066,0.0023645,0.003088,0.0031923,0.0041326,0.0027971,0.0028438,0.023866
4,0.0026504,0.0074098,0.002908,0.00065513,0.00183,0.015061,0.030981,0.033834,0.008511,0.0029163,0.0011708,0.00079633,0.0015438,0.00249,0.014943,0.0061076,0.018214,0.0091134,0.0032649,0.0023637,0.0097594,0.0035567,0.0053355,0.0048899,0.0065621,0.0034461,0.0039843,0.0057166,0.025235,0.016511,0.028905,0.01768,0.022071,0.032786,0.014359,0.0093754,0.0077685,0.0050622,0.024187
4,0.00034159,0.0016873,0.001869,0.00066381,0.0014251,0.0055931,0.0050814,0.0032958,0.0034763,0.0031185,0.001069,0.00051752,0.00053775,0.00045231,0.0016594,0.0012757,0.0010673,0.00066342,0.0010609,0.001017,0.0012015,0.001917,0.0024286,0.0026496,0.0032309,0.0021684,0.0085261,0.0031299,0.0024311,0.0029824,0.0017528,0.0023757,0.0036528,0.0047568,0.0025135,0.010706,0.022388
4,0.00082747,0.0012679,0.0041393,0.011978,0.011536,0.010701,0.008467,0.0035584,0.00041497,0.0019174,0.0039118,0.0020614,0.0020375,0.0011118,0.00091546,0.0011335,0.011843,0.010045,0.020221,0.034429,0.012591,0.0042375,0.024467,0.0076895,0.033056
4,0.0001757,0.00019706,0.00018391,0.0001852,0.00026184,0.00035886,0.00038019,0.00045909,0.0011949,0.0023321,0.0009067,0.0014252,0.0015229,0.0012988,0.0019238,0.0061812,0.002409,0.0029092,0.0046527,0.0094651,0.015961,0.016907,0.019135,0.01235,0.0094898,0.016566,0.023465
4,0.00071755,0.00039133,0.00024501,0.001314,0.0013022,0.0036928,0.00096179,0.00056157,0.00047792,0.00048392,0.0012872,0.0015196,0.001941,0.007404,0.010278,0.01509,0.0024754,0.0036062,0.0053685,0.0021638,0.0097928,0.012191,0.0086456,0.0095767,0.016162,0.019191
4,0.0012174,0.00080266,0.0004464,0.00069792,0.0072602,0.010069,0.0035523,0.0010466,0.00975,0.0042684,0.010743,0.014967,0.027979,0.0082631,0.01252,0.014508,0.0079217,0.022937,0.059589,0.047287,0.12579,0.16475,0.066044,0.041122,0.014727,0.0047122,0.0088693
4,0.00015295,0.00019016,8.2697e-05,0.00022426,0.00025355,0.00054622,0.00016484,0.00020584,0.00029255,0.0012442,0.0082281,0.0028651,0.0018417,0.0011979,0.0034966,0.0035304,0.03735,0.0072702,0.0071273,0.0053144,0.0091789,0.008398,0.021306
4,0.00039231,0.00023855,0.00020769,0.00089901,0.00058966,0.00044785,0.0004422,0.00076358,0.0006421,0.0039517,0.0024801,0.0015075,0.00039778,0.00051079,0.00086437,0.00075032,0.015869,0.0043724,0.0021839,0.0094261,0.0098513,0.011265,0.032355
4,0.00043164,0.0036739,0.0019505,0.0023994,0.005447,0.0030659,0.00082259,0.0010238,0.0029241,0.011823,0.0045646,0.0027931,0.0019748,0.005526,0.0029824,0.011465,0.014278,0.0045906,0.003323,0.0074415,0.0056078,0.022323
4,6.7442e-05,0.0001786,7.9156e-05,0.0001866,0.00029042,0.00027812,0.00016336,0.00025752,0.00055722,0.0006713,0.0018578,0.001467,0.00057646,0.0017956,0.0021942,0.0070418,0.0060552,0.020817,0.010029,0.019694,0.010316,0.019568,0.0060232,0.024362
4,0.00052391,0.00053537,0.00055218,0.0028847,0.003138,0.0024445,0.0012915,0.00060029,0.00075623,0.0013206,0.0019734,0.002921,0.0046341,0.0080564,0.011362,0.0060469,0.0099569,0.005873,0.0093757,0.011973,0.041211,0.0088652,0.02358
5,0.0013303,0.0010171,0.00091046,0.0010409,0.00069994,0.002213,0.002746,0.00055454,0.00040655,0.0005005,0.00037852,0.00042555,0.00090197,0.0015292,0.00095036,0.0007671,0.0029084,0.0013912,0.0015515,0.0023648,0.0024919,0.0039561,0.0074176,0.0079323,0.0099237,0.013411,0.023399
5,0.00039262,0.00043496,0.0007813,0.00097787,0.00072835,0.0013469,0.00052005,0.0009059,0.0011996,0.0016616,0.0016133,0.0018286,0.0023855,0.0026592,0.0016458,0.00093864,0.0040161,0.0039253,0.017937
5,0.0097745,0.013575,0.010022,0.0018514,0.0011997,0.0032204,0.00079667,0.0003483,0.00054587,0.00027316,0.00089014,0.0040037,0.0027443,0.0021422,0.0098713,0.0029595,0.0024391,0.0043678,0.0034844,0.002601,0.0058934,0.0059088,0.0027763,0.015949
5,0.0023633,0.050651,0.03214,0.052135,0.035433,0.0050343,0.00099102,0.00090028,0.00077794,0.0018304,0.0018387,0.0011158,0.0037163,0.0056858,0.0038246,0.0044485,0.0038824,0.0029149,0.0055968,0.0028276,0.0021561,0.0019604,0.003262,0.028961,0.01564
5,0.0010815,0.0087535,0.0015289,0.0012849,0.0021614,0.0020396,0.0010018,0.0008973,0.00071137,0.00059814,0.00062701,0.00071368,0.00075096,0.000976,0.0046179,0.016742
5,0.0023412,0.02667,0.0032254,0.0011029,0.0004111,0.00044726,0.00094884,0.00050594,0.0003677,0.00062239,0.00065627,0.00058076,0.0011679,0.0035913,0.0027437,0.0042347,0.0095583,0.016205,0.0073336
5,0.00097894,0.0011681,0.0017368,0.012989,0.010751,0.0061266,0.0020837,0.0019657,0.0044846,0.021578,0.0040757,0.0046289,0.0048431,0.0025749,0.00091602,0.0034563,0.036321,0.0064207,0.0028122,0.0006233,0.00090119,0.001618,0.0052689,0.0016618,0.003146,0.0021397,0.002252,0.0044902,0.010672,0.018656,0.044577,0.011946,0.038505
5,0.001188,0.032576,0.028939,0.041077,0.037066,0.0016689,0.00043288,0.00079531,0.00064602,0.001407,0.0020844,0.004817,0.0074315,0.004659,0.003593,0.0056706,0.0042492,0.0015944,0.0016013,0.013176,0.0091833,0.035033
5,0.00027713,0.033542,0.0023126,0.008484,0.00089899,0.0012578,0.00083392,0.0050804,0.0054217,0.0040029,0.0047937,0.0062515,0.0022311,0.0013415,0.00051165,0.0013206,0.0011789,0.00037526,0.00048728,0.00064619,0.0009483,0.0015079,0.0019919,0.0047025,0.0023667,0.0033144,0.0010409,0.00091019,0.00095853,0.00052699,0.00076264,0.0054929,0.00087683,0.001243,0.0013375,0.0038674,0.0027195,0.002955,0.0022263,0.0021459,0.0010493,0.019744
5,0.0050493,0.0022055,0.033753,0.0023514,0.0025827,0.0025014,0.0013236,0.0006562,0.00042162,0.00038298,0.00036808,0.0012476,0.003182,0.0011529,0.0014804,0.002576,0.0022672,0.0036063,0.021043,0.0027427,0.0016461,0.000843,0.00047415,0.00046424,0.0011476,0.0010837,0.00035033,0.00059497,0.00044671,0.00043816,0.00051231,0.00048444,0.00042215,0.00029161,0.00095373,0.0022918,0.003452,0.0032017,0.0011822,0.0020268,0.00098623,0.00055187,0.00090058,0.00033394,0.00099468,0.0018399,0.0052295,0.00416,0.0063519,0.0055909,0.019696,0.026149
5,0.004241,0.0056719,0.045718,0.0063312,0.0048937,0.0016699,0.0017048,0.00098856,0.00069777,0.0011106,0.00044108,0.00016677,8.36e-05,0.00037271,0.005077,0.00061839,0.00018754,0.00089716,0.00012833,0.00045863,0.00036542,0.00014185,0.00028609,0.0010349,0.0010916,0.00081805,0.00083858,0.024679,0.00015814,0.00031127,0.00036321,0.0003867,0.00051572,0.011274
5,0.0014062,0.00094501,0.001517,0.0014625,0.0012608,0.0013643,0.0014462,0.002315,0.0027369,0.00084112,0.0027571,0.0020584,0.0019295,0.0028308,0.002587,0.0013522,0.0016275,0.0008214,0.00077976,0.00061197,0.00047743,0.00048238,0.00087031,0.0010302,0.0017967,0.0025619,0.0072817,0.0044651,0.0031995,0.0035232,0.0083151,0.0077125,0.0029192,0.0027575,0.0011231,0.00069867,0.00043357,0.028515
5,0.0028828,0.0034943,0.001712,0.00097584,0.00068748,0.0019275,0.0031383,0.0017564,0.0016589,0.0011737,0.00073319,0.00025635,0.00016439,0.00032966,0.0013815,0.0020902,0.0020734,0.0048867,0.0018165,0.0017476,0.00090656,0.0022145,0.0051554,0.0035915
5,0.0018588,0.012974,0.039288,0.049608,0.0097772,0.0062582,0.0034158,0.0032884,0.0044553,0.0038398,0.0079043,0.01834,0.022354,0.0056289,0.0023211,0.0043576,0.0017993,0.0014113,0.0016856,0.0017312,0.0073785,0.0039341,0.003142,0.00065035,0.0011641,0.0033368,0.0036513,0.0040352,0.0082409,0.0076762,0.031779
5,0.0016708,0.0024593,0.056999,0.070175,0.078157,0.051608,0.091604,0.011273,0.014304,0.011991,0.010498,0.0081221,0.012673,0.0014967,0.0019803,0.0050848,0.0080346,0.0020544,0.0022592,0.0026052,0.0036214,0.01945,0.0078955,0.0034603,0.0057031,0.0047185,0.0031163,0.0019941,0.0026079,0.0049587,0.017726
5,0.00093997,0.0026985,0.0044281,0.0078513,0.0018779,0.0020102,0.00115,0.002155,0.0023275,0.0068213,0.0016695,0.0021735,0.0099265,0.0087067,0.014545,0.0088003,0.0065501,0.011078,0.013184,0.0064482,0.0065918,0.0075267,0.0016461,0.0020638,0.001985,0.0019025,0.0013299,0.0012578,0.0024358,0.0037743,0.01234,0.02768,0.028313,0.030726,0.013198,0.0030655,0.0077691,0.003284,0.0010509,0.0028523,0.0016246,0.0079175,0.018127,0.0023378,0.0011033,0.00023609,0.00015425,9.2189e-05,0.00012269,0.0001314,0.00013379,0.00089881,0.0005828,0.0017906,0.02306,0.01387
5,0.0017556,0.0051428,0.0034731,0.0035843,0.0028154,0.00179,0.00085245,0.00093975,0.0011685,0.00065333,0.00054422,0.00053178,0.00025866,0.00020693,0.00027865,0.00052856,0.0051954,0.0027537,0.003235,0.0035226,0.0017968,0.0015342,0.0025243,0.0030179,0.0033914,0.0031529,0.0045608,0.0056272,0.0025453,0.0025176,0.001235,0.0009335,0.00136,0.0012619,0.0018126,0.0013759,0.0025567,0.0015582,0.0014444,0.0018369,0.0022477,0.0031016,0.0079814,0.0054342,0.0055294,0.0047477,0.0036052,0.0021202,0.0055736,0.012591,0.024565
5,0.00087753,0.0020466,0.032072,0.023142,0.011115,0.015671,0.016058,0.037176,0.02109,0.0027889,0.00080006,0.00048046,0.00044102,0.0022102,0.0042686,0.029533,0.036456,0.02603,0.0064425,0.0042279,0.0073448,0.0036767,0.0006404,0.0015343,0.001944,0.0023529,0.0032873,0.0095076,0.0078959,0.0038183,0.0039855,0.004188,0.0023659,0.0015157,0.0017019,0.0029628,0.00092283,0.0045269,0.0085221,0.025757,0.0085646,0.010392,0.0091772,0.0064417,0.008616,0.025473
5,0.0022418,0.0012446,0.018088,0.00020337,0.00038419,0.00042668,0.001629,0.0011888,0.00042759,0.0016355,0.00090609,0.00061974,0.0014353,0.0017289,0.0010252,0.0037759,0.0046109,0.0050482,0.0039927,0.0036391,0.002562,0.0025723,0.0021041,0.0024397,0.0027633,0.0020718,0.0017147,0.0021649,0.0012341,0.0025294,0.0018898,0.0011535,0.00055409,0.00068604,0.00069038,0.00064559,0.0013681,0.033506
5,0.00060252,0.0045235,0.0013596,0.0012947,0.00037329,0.0025021,0.012718,0.010073,0.0079623,0.007299,0.0019031,0.0068724,0.0069266,0.0034757,0.0029454,0.0046342,0.014851,0.0021388,0.0062152,0.015684,0.011179,0.00040277,0.00057735,0.00069903,0.00044289,0.00091586,0.0090748
5,0.00036391,0.00060079,0.00026521,0.00039576,0.00042001,0.00055147,0.0010225,0.0016715,0.0029542,0.0013499,0.0016396,0.0012885,0.0036331,0.0036289,0.0076158,0.018277,0.0059346,0.0062499,0.0029356,0.0015676,0.0010077,0.001992,0.063907,0.053799,0.053577,0.035031,0.027073,0.016309,0.022156,0.020261,0.03215,0.048616
5,0.0008927,0.012148,0.00039758,0.00022657,0.00030522,0.00039519,0.00063316,0.00066327,0.0019578,0.0010896,0.0011861,0.0015809,0.0017697,0.0011804,0.001844,0.010331,0.0025583,0.0037864,0.0022802,0.0041825,0.0036745,0.0032266,0.0025546,0.00084925,0.00082618,0.00091285,0.0009606,0.0038477,0.021348
6,0.0010684,0.0039823,0.0037554,0.006954,0.0056096,0.0012658,0.0086609,0.01134,0.0045417,0.017602,0.022053,0.020338,0.01052,0.004211,0.013373,0.022227
6,0.0010934,0.0057836,0.0060891,0.023213,0.052345,0.0063578,0.0069156,0.023803,0.019774,0.014863,0.010689,0.0087166,0.0061345,0.0055341,0.020234
6,0.0021956,0.0015966,0.0018895,0.0014468,0.0020289,0.0022505,0.001913,0.0016631,0.0038775,0.0023901,0.0069942,0.01424,0.015103,0.026981,0.033228,0.029629,0.032401
6,0.0025963,0.0019365,0.0011673,0.00077283,0.00048378,0.00084733,0.001441,0.0022599,0.0020029,0.0023559,0.00080468,0.0013938,0.00080506,0.00096814,0.0007306,0.0070767
6,0.0016844,0.0053511,0.0082187,0.0052079,0.0039956,0.001326,0.0013893,0.00089159,0.00061159,0.00047371,0.0058441,0.0084616,0.0037521,0.0065424,0.0097236,0.0063528
6,0.0026995,0.017297,0.011606,0.010011,0.001981,0.0027636,0.001874,0.0020439,0.002507,0.017365,0.05757,0.25437,0.057668
6,0.0013801,0.00048737,0.00042453,0.00034234,0.0016153,0.01456,0.017654,0.015467,0.019049,0.011837,0.011434,0.0023626,0.0019699,0.0014887,0.012288
6,0.00035917,0.00065508,0.00059394,0.0020687,0.0018709,0.0015504,0.0011927,0.00059579,0.00064851,0.00060436,0.001045,0.0069119,0.0104,0.0054647,0.018452,0.029939
6,0.0053897,0.0097943,0.032927,0.0095706,0.0037016,0.0052931,0.002942,0.0013073,0.0017339,0.00019815,0.00017226,0.00021429,0.0015931,0.0021222,0.0078969,0.032075
6,0.00074603,0.00078776,0.0027598,0.002079,0.0017815,0.001599,0.0014525,0.006374,0.0094591,0.0035145,0.0013041,0.001633,0.0017489,0.0041644,0.0083959
6,0.00076062,0.00065801,0.0006177,0.00092406,0.0011504,0.00090796,0.00042687,0.00083284,0.0011192,0.0036631,0.00058228,0.00056399,0.00052028,0.00080002,0.0006336,0.00082985,0.0012849,0.0034897,0.00053239,0.0019909,0.0018918,0.0018152,0.0016618,0.0036136,0.0070966,0.0012174,0.001609,0.0030483,0.0016639,0.0017133,0.0079092
6,0.00034523,0.0005291,0.00081548,0.0008021,0.0012404,0.0010107,0.0016467,0.0016428,0.00079035,0.0045132,0.0075497,0.0042757,0.00086684,0.00041009,0.00018671,0.00018173,0.00014083,0.0002768,0.00037131,0.00021667,0.00067146,0.00056589,0.0010911,0.00047783,0.0026565,0.013812
6,0.0049597,0.015176,0.0048942,0.0030927,0.045284,0.058718,0.034682,0.041332,0.032139,0.0045607,0.0011174,0.00048717,0.0027429,0.0027806,0.0043513,0.0037289,0.0055751,0.021215,0.0028191,0.0018617,0.0034955,0.0017147,0.0014417,0.0030546,0.0025456,0.0018052,0.0027768,0.001533
6,0.0014811,0.00156,0.0010853,0.00095023,0.0035731,0.0067575,0.003332,0.0015093,0.0010993,0.0013677,0.0020772,0.0035216,0.016753,0.0054639,0.0038073,0.0036898,0.0068801,0.0020806,0.00077512,0.00047467,0.00032102,0.00047157,0.00069683,0.00072737,0.00084628,0.0010976,0.0034151,0.0022422,0.0062287,0.0034799,0.004272,0.012027,0.020123
6,0.0011584,0.0014547,0.0029356,0.0025979,0.0028323,0.0015771,0.00074982,0.00096444,0.00074207,0.0007437,0.0016002,0.0012296,0.0015608,0.001811,0.0029541,0.00080606,0.00047411,0.00045033,0.0019131,0.0032045,0.0062041,0.0046056,0.0057369,0.0016197,0.00058514,0.0027677,0.0022875,0.0025069,0.0038335,0.029869
6,0.00089454,0.0053087,0.028589,0.025238,0.02826,0.034117,0.067719,0.04386,0.056204,0.067879,0.067343,0.001696,0.0026208,0.0030897,0.0053946,0.0061513
6,0.0019361,0.0044351,0.0050448,0.0022076,0.0013614,0.0010119,0.00039355,0.0005003,0.00068111,0.0031228,0.0019324,0.0024256,0.0015482,0.0015409,0.00085189,0.00062,0.0035052,0.006235,0.013677
6,0.0038274,0.0053101,0.003995,0.0039373,0.0071643,0.011303,0.0026002,0.0011214,0.0010487,0.00082163,0.00069693,0.00060148,0.00029191,0.0083402,0.091641
6,0.00091779,0.0019918,0.002186,0.0022921,0.0079273,0.013323,0.01215,0.0045947,0.005295,0.0029069,0.00057274,0.0028377,0.0049307,0.002934,0.0020202,0.014605
6,0.0022683,0.037787,0.047034,0.0020493,0.0047337,0.0031534,0.0034687,0.003186,0.006375,0.0045126,0.0043095,0.0057424,0.0056035,0.010495,0.010502,0.0023261,0.0032859,0.0019668,0.0011835,0.00075804,0.0075453
6,0.0029134,0.0017768,0.00072083,0.00041312,0.00093641,0.0021536,0.0023344,0.0014953,0.0014278,0.0026864,0.001083,0.0013318,0.0019701,0.0025632,0.0013064,0.0011087,0.0012757,0.001601,0.0011966,0.0019402,0.019583
6,0.0027592,0.015791,0.023873,0.013935,0.0069172,0.0012301,0.0019207,0.0016987,0.0009365,0.00045712,0.00075181,0.00038328,0.00031428,0.00038126,0.00010436,0.00065408,0.00070916,0.00043493,0.00041626,0.00017856,0.00024211,0.0026877,0.031889
6,0.0039433,0.010474,0.010137,0.0023418,0.0050868,0.013461,0.005336,0.0062228,0.010247,0.0040023,0.0020428,0.0022469,0.0078992,0.0040291,0.0065248,0.0051221,0.0024231,0.0040744,0.0051556,0.0097043,0.014866,0.018271,0.070728,0.071768,0.060684,0.00554,0.0034356,0.0034839,0.0048004,0.0038037,0.014269
6,0.0018407,0.001428,0.0013864,0.00083685,0.0041493,0.025579,0.017704,0.016497,0.0065763,0.0085804,0.0058451,0.01052,0.008739,0.0087191,0.010518,0.01136,0.016225,0.0038079,0.005183,0.0022795,0.0031138,0.003267,0.0027122,0.0032144,0.025591
6,0.0010781,0.0037273,0.0050024,0.006791,0.0036366,0.0011422,0.0025292,0.0017128,0.00097367,0.0023591,0.0022285,0.0018093,0.0029408,0.0028298,0.0027122,0.0013218,0.020207,0.00081515,0.00035135,0.00018804,0.0014176,0.0020659,0.00080019,0.002906,0.012913
6,0.0082223,0.5338,0.91669,0.94115,0.30345,0.51325,0.061253,0.0095463,0.0062508,0.0026052,0.0057981,0.013742,0.016676,0.010747,0.0045889,0.007216,0.0031914,0.0048335,0.0045086,0.026926,0.023745,0.035018,0.043949
6,0.0042878,0.010159,0.0066581,0.0072069,0.013205,0.010871,0.018288,0.012415,0.0066187,0.0072378,0.0089736,0.0056959,0.0031207,0.0022236,0.0025838,0.0014964,0.0014279,0.00437,0.0031724,0.00064048,0.00063679,0.0026811,0.0037854,0.0035241,0.0052045,0.0068318,0.0025414,0.0008444,0.0010602,0.0035106,0.0055096,0.0068748,0.03449
6,0.00092667,0.0017952,0.0024569,0.055919,0.060282,0.060576,0.11265,0.1243,0.14847,0.20745,0.099985,0.016686,0.022667,0.027188,0.018453,0.022546,0.050537,0.061955,0.032044,0.044948,0.0059965,0.008299,0.0031529,0.0042033,0.006258,0.010427,0.013086
6,0.00078237,0.013934,0.0075669,0.0069582,0.015388,0.039213,0.013788,0.01838,0.018865,0.014382,0.010554,0.0072071,0.0045044,0.0025539,0.0025911,0.0019054,0.0019972,0.00072014,0.001408,0.00085997,0.0010801,0.0011381,0.0014056,0.0077766,0.026548
6,0.014959,0.0095315,0.054298,0.018911,0.015139,0.027105,0.041869,0.011403,0.01007,0.0097654,0.016397,0.024107,0.022335,0.016952,0.011601,0.02465,0.013813,0.013346,0.0099903,0.025311
6,0.00045848,0.0013548,0.0010366,0.00051814,0.00058895,0.00062344,0.00038469,0.00030435,0.0028384,0.0025267,0.0011641,0.00063096,0.00084126,0.00051003,0.00072219,0.00075842,0.00078704,0.0014518,0.00058243,0.0002797,0.00058988,0.00082301,0.00087435,0.0032063,0.0024011,0.0023802,0.0038458,0.02086
6,0.0023981,0.0022941,0.0022734,0.0029845,0.0027839,0.0030757,0.0023326,0.002685,0.0056127,0.0035873,0.0017791,0.00037265,0.00024118,0.00020823,0.0010128,0.0037408,0.014531
6,0.0046927,0.0027378,0.003007,0.0027904,0.0019514,0.00092046,0.00065205,0.0011057,0.0023233,0.0021707,0.0024649,0.0044164,0.0058619,0.0046026,0.0058283,0.004686,0.0052389,0.0058914,0.00098021,0.0014129,0.0015001,0.0017787,0.0042944,0.010022,0.0088609,0.0088761,0.010165,0.011564,0.01707
6,0.0014985,0.0014648,0.0018364,0.0018878,0.0014488,0.0016734,0.0021772,0.0090536,0.0028803,0.0031761,0.00096866,0.00046099,0.00027905,0.00032122,0.00026096,0.00081929,0.00087783,0.00056014,0.0019937,0.02752,0.043125
6,0.034845,0.55781,0.48854,0.24304,0.48143,0.14288,0.015498,0.0062081,0.017199,0.023709,0.0085754,0.0028593,0.012529,0.01678,0.017544,0.027072,0.036076,0.021384,0.076473,0.10057,0.085946,0.030873,0.018667,0.017767,0.039459
6,0.0023805,0.049153,0.057731,0.088965,0.018633,0.014033,0.016789,0.0048464,0.0030354,0.015506,0.020293,0.033118,0.010138,0.018376,0.015861,0.00069308,0.0013401,0.004956,0.0033713,0.0052625,0.02302,0.018017,0.0073495,0.025371,0.06704,0.028451,0.018186,0.034827,0.028042,0.055639
7,0.00089743,0.00058792,0.00081374,0.0018553,0.0086081,0.0038711,0.0023954,0.0074991,0.077902,0.25666,0.089852,0.15239,0.012176,0.01255,0.023472,0.021583,0.025367,0.035866,0.038739
7,0.0012964,0.0011721,0.0012593,0.0093551,0.011789,0.030212,0.015364,0.010591,0.007652,0.060641,0.1299,0.1122,0.067271,0.012396,0.022602,0.04166,0.018121,0.0046065,0.043445,0.056816
7,0.010862,0.025146,0.043778,0.04825,0.1019,0.22845,0.48719,0.19311,0.038201,0.19365,0.18068,0.21999,0.11441,0.07975,0.040138,0.068453,0.013326,0.0079724,0.015521,0.017073,0.02542
7,0.00035527,0.00026641,0.0003349,0.003273,0.0022942,0.0018601,0.0024823,0.0015191,0.0016644,0.012516,0.029863,0.033601,0.017318,0.069489,0.0067808,0.029056
7,0.0013568,0.00070775,0.00037082,0.0015285,0.001703,0.0024012,0.0012384,0.0013686,0.0011815,0.0017996,0.0099403,0.030888,0.024103,0.13944,0.032496,0.013966
7,0.0013958,0.0095327,0.0012532,0.0004114,0.0030961,0.027451,0.026512,0.0043883,0.0081201,0.021471,0.014292,0.015273,0.034132,0.1115,0.050277,0.38528,0.036451,0.024531
7,0.0058114,0.0075318,0.008415,0.0055846,0.049455,0.083664,0.23219,0.061255,0.01249,0.0034712,0.0049463,0.007692,0.025643,0.1771,0.34779,0.042217
7,0.00079181,0.0013752,0.0041522,0.0045317,0.047095,0.022251,0.099585,0.030634,0.015171,0.10047,0.061463,0.041978,0.033668,0.018455,0.0067647,0.02473
7,0.00091595,0.0012136,0.00062595,0.0001098,0.0019095,0.0012834,0.0036515,0.0018456,0.0016166,0.0016179,0.0032312,0.002409,0.0029244,0.0047621,0.0031475,0.010288,0.0056485,0.0061207,0.0097366,0.0072736,0.011973,0.029451,0.065576
7,0.00014819,0.00011682,7.41e-05,0.00072381,0.0026812,0.0026563,0.0029886,0.0038613,0.0046758,0.0043979,0.0060093,0.0015428,0.0047985,0.0097798,0.0039975,0.0077985,0.017773,0.011471,0.0095351,0.018588
7,0.00023466,0.00021226,0.00042762,0.00026856,0.00042445,0.00046791,0.00042856,0.0005881,0.0011038,0.0013114,0.0014188,0.0012278,0.0015656,0.0040825,0.0011448,0.00083392,0.00088969,0.00065646,0.00057743,0.0022891,0.0088349,0.0059941,0.0073342,0.0068258,0.0031538,0.001585,0.00052272,0.00036278,0.00097,0.0023956,0.00136,0.00055878,0.0022791,0.0033085,0.0036826,0.0046752,0.01222,0.015097,0.020233
7,0.00098584,0.00080457,0.00051924,0.00031277,0.00077091,0.0019999,0.0030003,0.00075262,0.0014004,0.00058858,0.00024407,0.00062273,0.003759,0.012946,0.0042149,0.0039493,0.0023034,0.0022211,0.0043347,0.019326,0.03502,0.059854,0.075766,0.095814,0.052924,0.12929,0.08726,0.0073591,0.0047878,0.0020064,0.0026373,0.0028871,0.0044331,0.0076127
7,0.006011,0.033617,0.072784,0.03741,0.057906,0.071733,0.087898,0.060053,0.012796,0.012038,0.0073578,0.00084716,0.0023341,0.0082923,0.0094302,0.078326,0.074977,0.011852,0.012661,0.071947,0.22858,0.32143,0.24388,0.027743,0.014016,0.0041766,0.010178,0.010444,0.021707,0.061679,0.11689,0.14237,0.53532,0.38385,0.084238,0.034451,0.0059478,0.013631,0.0066259,0.0098071,0.027145
7,0.00049656,0.00088739,0.0013701,0.00019431,0.0044304,0.0041742,0.004674,0.0081478,0.0055412,0.00060001,0.0013499,0.00088856,0.007913,0.01047,0.0042314,0.0019438,0.0025135,0.0038015,0.0070822,0.0089547,0.010036,0.0085579,0.015032,0.021229,0.054501,0.027235,0.0074981,0.0048006,0.0020528,0.0031844,0.0038691,0.0029723,0.0035144,0.026755
7,0.00043584,6.8306e-05,5.571e-05,5.0427e-05,7.5999e-05,5.7564e-05,2.9048e-05,8.1039e-05,0.00014251,0.00015195,0.0002714,0.00017802,0.0007846,0.002162,0.0033066,0.0032246,0.0042317,0.0012453,0.00081138,0.0020151,0.001357,0.0027311,0.0039462,0.0024951,0.0033291,0.0018576,0.0017653,0.001994,0.001745,0.0022936,0.001564,0.0037136,0.009191
7,0.077337,0.27793,0.063558,0.1188,0.075531,0.13632,0.064912,0.43963,0.25259,0.13748,0.1968,0.13762,0.035757,0.05332,0.11817,0.12712,0.070465,0.023801,0.10026,0.19798,0.10852,0.095257,0.03929,0.028815
7,0.00099531,0.0020925,0.011491,0.0068147,0.0055722,0.0088747,0.004186,0.0077549,0.014778,0.0085383,0.005365,0.0026601,0.0015471,0.00068285,0.0013735,0.0076923,0.055418,0.011119,0.013078,0.071104
7,0.010011,0.0094096,0.0042258,0.0049694,0.0018247,0.00050375,0.00018097,0.00056702,0.00090718,0.00058944,0.00035947,0.000253,0.00024281,0.0005731,0.00048681,0.00090472,0.00044361,0.00013404,0.00035358,0.0011214,0.0040767,0.031061,0.014638,0.044667
7,0.0093305,0.0044779,0.0019249,0.0017075,0.0012646,0.0025752,0.0018809,0.019364,0.096587,0.23894,0.068324,0.019751,0.038108,0.087369,0.075292,0.018537,0.0087902,0.056302,0.076459,0.068419,0.049081,0.026122,0.035894
7,0.096005,0.045485,0.012184,0.0059374,0.002005,0.0014561,0.0060144,0.011904,0.016613,0.010764,0.019059,0.010111,0.0067667,0.0055235,0.0034782,0.0058298,0.008866,0.0084456
7,0.0029664,0.0038135,0.0025709,0.0045241,0.0018022,0.0015392,0.00085423,0.0040522,0.014792,0.023974,0.063248,0.018644,0.0039427,0.0094056,0.025311,0.010229,0.046233,0.075518,0.086261,0.059517,0.012367,0.016841,0.002674,0.0028205,0.0071849,0.011442,0.0075981,0.014915,0.047514
7,0.0021011,0.0060389,0.0039936,0.0029293,0.008788,0.010953,0.0062599,0.0025065,0.0056641,0.0042041,0.0033979,0.0062488,0.0085318,0.0049402,0.0014369,0.0034056,0.0032558,0.0034075,0.01096,0.0043219,0.010305
7,0.010628,0.011564,0.011605,0.014998,0.019063,0.016763,0.031199,0.031118,0.11396,0.17657,0.12187,0.082525,0.010863,0.0082403,0.0029499,0.0012429,0.044415,0.04964,0.13197,0.061283,0.0098925,0.029759,0.057134,0.16434,0.15965,0.28879,0.040283,0.048218
7,0.00038334,0.00046775,0.00056132,0.00020406,6.1687e-05,0.00059196,0.00043089,0.0019809,0.0017264,0.0015214,0.00075561,0.00073225,0.001811,0.0013511,0.0051097,0.0064459,0.0025992,0.0043808,0.0027708,0.0012492,0.0015192,0.0021427,0.0045174,0.01462,0.0060258,0.026048,0.0166
7,0.00061333,0.0080372,0.018556,0.013895,0.025558,0.0079814,0.0088305,0.010156,0.014412,0.0058218,0.0034993,0.0030854,0.0037609,0.005126,0.044197,0.010086,0.014631,0.018891,0.0099025,0.0026176,0.002068,0.0021499,0.0030305,0.014171,0.014149,0.014364,0.0062653,0.015881,0.025187,0.023768,0.0088273,0.0090619,0.0093831,0.0088235,0.020055
7,0.00097939,0.0011356,0.0010218,0.0035917,0.0029585,0.0038169,0.0081322,0.025438,0.041052,0.010302,0.0045707,0.0014645,0.0030769,0.035071,0.092988,0.060075,0.058206,0.039669,0.022648,0.014312,0.0060213,0.0072376,0.017727,0.01337,0.0084437,0.0074151,0.014608
7,0.00077124,0.00028354,0.00051763,0.00081673,0.00080578,0.00046442,0.0029998,0.00072591,0.001121,0.0019528,0.00083404,0.0024724,0.0014223,0.00072477,0.0020095,0.0042531,0.0062498,0.024603,0.0046005,0.0017656,0.0071469,0.012332,0.0022785,0.0027136,0.0085081,0.0077532,0.018313,0.026012,0.01762,0.017768,0.10762,0.13672,0.18233,0.13692,0.03757,0.019772,0.02681,0.015896
7,0.0037765,0.00057157,0.0013653,0.00072874,0.00011977,0.00043083,0.0017363,0.0011363,0.00091747,0.0015514,0.0010859,0.00094928,0.00065122,0.001202,0.0030622,0.0011501,0.0018989,0.00099613,0.00092374,0.0011349,0.0013771,0.0027593,0.0036893,0.00329,0.0011977,0.0012411,0.0028061,0.004634,0.0050855,0.0068906,0.012187,0.013529,0.014273,0.0070617,0.01138,0.0078905,0.0080634,0.024136,0.040159
7,0.00040377,0.0076622,0.0054552,0.00014518,0.00042873,0.00039549,0.0003594,0.00039797,0.00040822,0.00047859,0.00065281,0.0009483,0.0035982,0.012278,0.0057431,0.00027278,0.00023768,0.00054307,0.001694,0.0023337,0.0039725,0.00076517,0.0068798,0.0072184,0.0095889,0.029859,0.025544,0.0032327,0.0011713,0.0010309,0.0012306,0.00095952,0.00092312,0.0015121,0.00326,0.003231,0.0037355,0.0045146,0.0062008,0.027176
7,0.011999,0.042468,0.029991,0.012509,0.013793,0.04858,0.018408,0.11224,0.58463,0.17182,0.037538,0.029676,0.038245,0.060669,0.045329,0.025799,0.0099846,0.003215,0.0019004,0.00094149,0.0021438,0.00056431,0.0018906,0.016762,0.0093249,0.0080661,0.036519,0.06606,0.10752,0.3363,0.20503,0.10715,0.080198,0.026835,0.055711,0.019836,0.013148,0.0045519,0.0032156,0.031794
7,0.0010415,0.0024718,0.0032116,0.0023135,0.0041109,0.01061,0.030212,0.08851,0.12178,0.24992,0.036884,0.006919,0.0085141,0.068859,0.076667,0.072354,0.15083,0.27787,0.11723,0.030619,0.012303,0.023401,0.037206,0.055763,0.048737,0.043271,0.067027,0.052461,0.064219,0.059976,0.065276,0.035372,0.032919,0.025122,0.017532,0.007604,0.0029506,0.0074657,0.01659
7,0.00035012,0.0014631,0.0016217,0.00047306,0.00029161,0.037243,0.021358,0.085043,0.05827,0.06387,0.032711,0.027557,0.0040866,0.0010897,0.00192,0.0038363,0.0070295,0.0055889,0.0071973,0.0032243,0.010722,0.016171,0.0096773,0.007377,0.0055711,0.021611,0.016217,0.016077,0.023588,0.0030208,0.0015472,0.0014869,0.0016094,0.0022118,0.020078,0.010519,0.0052874,0.002767,0.003951,0.0048826,0.0042872,0.0075478,0.0073779,0.011229,0.030181
7,0.0021981,0.013488,0.0042053,0.00075081,0.0009122,0.003271,0.0064826,0.0049929,0.0024707,0.0010627,0.0010274,0.0012903,0.0015017,0.0073564,0.0081302,0.0057945,0.005445,0.0049341,0.010353,0.0064811,0.0052454,0.0053783,0.0054427,0.0046827,0.0040819,0.0065363,0.0038737,0.0050147,0.0057737,0.0070694,0.009263
7,0.00029904,0.00029042,0.00033716,0.00053448,0.00081768,0.0011052,0.00034832,0.0010236,0.0015137,0.013815,0.042781,0.041883,0.046799,0.021545,0.087119,0.12565,0.039094,0.037162,0.023946,0.020449,0.031386,0.019183,0.014961,0.0075718,0.008693,0.015722
7,0.0007729,0.00053381,0.0062143,0.00053287,0.00049052,0.0001697,0.00052276,0.00040215,0.00014375,0.00025807,0.00030253,0.00068805,0.00096469,0.00087048,0.00029168,0.00076334,0.0017235,0.0032901,0.00099803,0.00080973,0.0011964,0.0060771,0.016889,0.01981,0.014009,0.0061971,0.0095745,0.005027,0.0063872,0.011281
7,0.0062872,0.05896,0.12931,0.047427,0.02724,0.0098825,0.0036262,0.004233,0.0043448,0.0014309,0.0012372,0.0016634,0.0048344,0.070034,0.14126,0.055494,0.12919,0.28493,0.20893,0.05122,0.01866,0.009792,0.0049315,0.014644,0.020217,0.017067,0.026986,0.024891,0.0379,0.013107,0.015114,0.01186,0.0054678,0.004575
7,0.00016884,0.0012837,0.00077832,0.00067575,0.00069777,0.0016712,0.00059651,0.00017347,0.00061857,0.0011649,0.0025707,0.0042188,0.0040667,0.0024246,0.0028439,0.0039591,0.0019516,0.0085762,0.0056359,0.0036978,0.0076028,0.027577,0.017301,0.046803
7,0.00028673,0.00015441,0.00020945,0.00025181,0.01318,0.0073576,0.0017397,0.0028343,0.0036997,0.017823,0.020449,0.0066723,0.0094304,0.0049405,0.061432,0.081193,0.039353,0.016528,0.0058778,0.003655,0.0026064,0.0037817,0.005533
7,0.02177,0.28381,0.70506,0.5,0.029693,0.17207,0.041273,0.019505,0.0042056,0.002604,0.027028,0.17262,0.44469,0.31731,0.029789,0.0061154,0.0019525,0.001913,0.005417,0.0059724,0.038808,0.10486,0.057887,0.025506,0.092329,0.11621,0.17197,0.12363,0.050865,0.02179,0.045017,0.042685,0.0091244,0.041931
7,0.00035182,0.00049468,0.00049246,0.00037371,0.00034368,0.00038543,0.00033447,0.00022039,0.0001883,0.00019624,0.00020257,0.0013402,0.0029103,0.0013805,0.00070595,0.00061507,0.000952,0.0042286,0.0027236,0.0016174,0.0020964,0.0026464,0.0035277,0.0058122,0.020289,0.0034127,0.0024388,0.0030317,0.0047196,0.0043944,0.04866
