1,0.0015007,0.00017443,0.0056829,0.0040285,0.42822,0.543,0.095004,0.073828,0.035432,0.016491,0.023408,0.0060905,0.0029694,0.017483,0.012588,0.025112,0.00722,0.0013917,0.0010502
1,0.00035228,3.046e-05,7.8664e-06,1.7842e-05,1.6419e-05,0.00013432,2.8604e-05,1.6404e-05,3.3657e-06,7.6288e-06,4.3722e-06,7.3619e-06,0.0003135,4.2445e-05,8.9293e-06,0.0016547,0.019345,0.014119,9.9939e-06
1,0.00047377,0.00089377,0.028662,0.043528,0.013664,0.0063508,0.0053267,0.049949,0.15987,0.17951,0.1247,0.02575,0.0051732,0.0054087,0.00047444,0.00012503,0.0033363,0.0047145,0.0022004,0.055209,0.051635,0.016558,0.0058347
1,2.8092e-06,3.6532e-07,1.1465e-07,1e-07,0.00025721,0.00025543,0.00023894,0.0002564,1.7416e-05,1.1355e-05,1.0323e-06,6.6389e-07,4.6102e-07,0.0023007,0.007337,0.012827,0.15412,0.47772,0.0040735
1,0.0086619,0.00073559,0.00062067,0.00016966,0.00014383,5.0886e-05,9.929e-05,0.00043934,0.0010314,0.0065536,0.014766,0.15681,0.45813,0.36105,0.038314,0.00026378
1,1.8045e-06,1e-07,1.134e-05,0.00039285,0.00023319,0.0014154,0.00029571,5.46e-05,0.00044448,0.00091415,0.007248,0.0010785,0.015474,0.014002,0.0087979,0.096377,0.041403,0.028119,0.031763,0.013978,0.00053457
1,0.00021078,0.00014343,0.00047732,0.00050578,0.00028361,0.00016946,0.0013329,0.0057151,0.0011653,0.00074251,0.011117,0.032142,0.0090503,0.0025417,0.0089591,0.060468,0.050794,0.0027222
1,1.9841e-05,1.1293e-05,8.3343e-05,0.00023445,0.00063816,3.4472e-05,3.283e-05,4.4201e-05,2.3289e-05,0.00044954,0.00024669,0.0013027,0.0011732,0.013929,0.019751,0.0017199,0.00091906,0.0023034,0.0043713,0.0010046
1,0.00041346,8.2799e-06,0.010114,0.0051385,0.11272,0.021591,0.10099,0.050821,0.030366,0.025403,0.11319,0.17148,0.26077,0.56895,0.34071,0.0973,0.00040211
1,6.1932e-07,1.9672e-07,4.8756e-07,2.922e-06,0.00012044,0.0017063,0.00085378,0.00064245,0.020431,0.0079164,0.0054167,0.0025595,0.004576,0.0022584,0.0014359,0.12041,0.091598,0.0016022
1,4.1503e-05,5.4991e-06,6.4006e-06,3.0368e-05,0.00011192,0.0016699,0.0029692,0.00452,0.060329,0.15671,0.11088,0.044158,0.0044971,0.0038735,0.034124,0.017652,0.0055109
1,5.4579e-05,2.4324e-05,6.0875e-06,5.9596e-05,0.0083041,0.010774,0.0026956,0.00037115,9.7122e-05,4.3972e-05,1.5166e-05,0.00052962,0.015564,0.0086053,0.006661
1,0.00017393,0.00037974,0.00074839,0.0045151,0.0071858,0.0039935,0.0049562,0.011097,0.012275,0.031334,0.019627,0.012248,0.031356,0.18482,0.00036379,9.1198e-05
1,1.7309e-06,3.6225e-07,2.5618e-07,1.2881e-05,0.00030266,0.0026728,0.017495,0.040778,0.022056,0.028536,0.015394,0.03469,0.16394,0.085846,0.06273,0.30471,0.078283,0.010005,0.0016452
1,0.0030482,0.00017075,0.00012781,0.00013019,0.032192,0.36286,0.30282,0.019344,0.098511,0.07383,0.17117,0.34809,0.19413,0.16695,0.26814,0.81515,0.27509,0.00051426
1,0.0019262,0.0011924,0.0078321,0.020931,0.16479,0.36369,0.46585,0.19129,0.037387,0.016416,0.030696,0.013977,0.013317,0.03396,0.061326,0.0038872,0.0067913,0.0017607,0.00054914,0.00061212,0.00081573,0.013268,0.011205,0.0061756,0.0011472,0.00036271,2.7289e-05,0.00025539,0.0010086,0.016392,0.023662,0.1048,0.053311,0.022617,0.0012452,2.0756e-05
1,0.0037215,0.001228,0.0062872,0.0045829,0.034695,0.1212,0.24723,0.2201,0.21211,0.017217,0.013223,0.0033455,0.026296,0.010434,0.0050911,0.0019172,0.0020806,0.00060629,0.077077,0.094062,0.083193,0.22516,0.35458,0.048776,0.0065244,0.007109,0.0053833,0.019489,0.021629,0.016821,0.01073,0.0039162
1,0.00021553,0.00019117,0.00058474,0.00069139,0.0016222,0.0025964,0.004432,0.0015893,0.005234,0.061373,0.014526,0.0011312,0.0023814,0.0014306,0.0029658,0.00032031,0.00037653,7.2896e-05,0.00097731,0.0004645,0.00037897,0.0011602,2.3254e-05,0.0025334,0.037172,0.027225,0.0083875,0.0064311,3.3776e-05,0.00017318,0.00010648,4.0837e-05,0.0021028,0.0054104,0.026065,0.036832,0.0098321,0.24508,0.0991,4.2709e-05
1,0.00098822,8.0006e-05,8.5928e-05,2.0761e-05,0.012067,0.11613,0.23439,0.67139,0.24434,0.10365,0.048946,0.035205,0.028135,0.00064236,0.0021804,0.00032023,0.001378,0.0024829,0.055806,0.38158,0.15567,0.021537,0.0081632,0.00089298,0.0052404,0.0072782,0.01239,0.021828,0.044802,0.089791,0.026531
1,0.048737,0.053222,0.00061111,0.00027115,5.1778e-05,9.0967e-06,2.1911e-06,0.015483,0.074221,0.13209,0.01001,0.045845,0.011732,0.0043685,0.0050775,0.0013308,0.00025655,4.2696e-05,0.00074264,0.0081279,0.0039248,4.302e-05
1,0.027963,0.00061166,0.00024802,0.00025263,2.3478e-05,8.3543e-05,2.5864e-05,2.5969e-05,1.5881e-05,0.00063232,0.0011376,0.00094021,0.00053683,0.00046128,0.00016469,0.00077509,0.00031387,0.00021966,0.00010922,0.00044238,0.00014358,0.0007238,0.041333,0.0068106,0.00032258
1,0.0006036,0.0012157,0.00038038,0.00044708,0.002498,0.0088541,0.05228,0.19975,0.16971,0.020592,0.0025773,0.00083391,0.0019623,0.00050332,0.02346,0.0027238,0.003695,0.077981,0.0093945,0.0035813
1,0.005221,0.0023175,0.00055569,0.0004763,0.00041575,0.00020284,0.00096569,0.002087,0.0013581,0.00077362,0.0013059,0.00098984,9.5325e-05,2.9899e-05,0.00011726,1.42e-05,6.5693e-06,0.016978,0.35953,0.022233
1,0.016556,0.012137,0.021963,0.035282,0.057489,0.0666,0.010045,0.0096463,0.0044818,0.0013038,0.00080703,0.0078678,0.023394,0.35406,0.46352,0.32204,0.042253,0.0014081,7.8953e-05,0.00028226,0.00012391,0.00099018,0.002148,0.00056316
1,0.052292,0.0047168,0.00079862,0.0016604,0.0030938,0.0068449,0.046085,0.036544,0.019589,0.031133,0.0048067,0.003904,0.0013639,0.0025447,0.013165,0.065492,0.12061,0.057626,0.10861,0.1633,0.08556,0.34396,0.34198,0.019126,3.3116e-05
1,0.037252,0.033149,0.021091,0.26677,0.10659,0.24018,0.10114,0.013029,0.042586,0.00086122,0.0011874,0.0039394,0.011539,0.00090402,0.019053,0.015403,0.024431,0.002567,0.0018349,0.0062637,0.0059041,0.009513,0.007185,0.016481,0.038237,0.00086134
1,3.1586e-05,1.0969e-05,0.00010223,0.00013268,0.00025973,0.00011679,8.5553e-05,0.00043077,0.00022553,0.00043091,0.00017418,0.00024195,0.0017868,0.0016576,0.00059287,0.0048666,0.046138,0.031271,0.018522,0.0082017,0.028653,0.1019,0.1068,0.076125,0.16127,0.062138,3.6749e-05
1,0.049242,0.012196,0.0016468,0.0038845,0.0012809,0.0037035,0.011634,0.023353,0.0030036,0.012007,0.0054809,0.036342,0.0040479,0.19687,0.18693,0.59007,0.54571,0.40811,0.2239,0.1877,0.53456,0.56153,0.49027,0.040481,0.0044421
1,0.0079523,0.0035097,0.0024877,0.0087652,0.012188,0.033257,0.029385,0.046844,0.059305,0.032037,0.0089651,0.0054321,0.0031411,0.00039964,0.0011879,0.0051501,0.011996,0.031264,0.0038176,0.001922,0.0015025,0.0094515,0.0071555,0.038664,0.0026525,4.8186e-05
1,0.07626,0.034744,0.0036389,0.0080531,0.0056256,0.0026707,0.001928,0.00075042,6.5638e-05,5.2581e-06,4.141e-06,1.8983e-06,6.964e-06,0.001103,0.001609,0.025933,0.1009,0.086291,0.052555,0.0054446,0.0045834,0.010762,0.060519,0.03378,0.063453,0.060749,0.20143,0.26585,0.31874,0.30161,0.15931,0.02488,0.0077988,0.021466,1.4385e-05
1,0.00685,0.00035747,0.0017369,0.00067011,0.0011753,7.5842e-05,2.0199e-05,6.1089e-05,0.00058675,0.00032451,0.0013443,0.0015448,0.017583,0.0017912,0.013519,0.25577,0.0025432,0.00063275,0.00028934,2.4996e-05,1.4371e-05,0.0049523,0.0051356,0.0070143,0.0022201,0.00086289,0.00059855,0.01815,0.027597,0.0093402,0.0017143
1,9.8098e-06,1.448e-05,2.1238e-05,0.0071189,0.0023216,0.00029413,0.0041574,0.00052433,0.00011451,1.6123e-05,5.641e-06,1.8768e-05,0.00052673,0.059306,0.030202,0.0099865,0.0011042,0.00063011,0.00056342,0.00047378,0.010882,0.016501,0.010304,0.33857,0.68714,0.59231,0.13256,0.0067516
1,0.0021591,0.00080464,0.0010469,0.001403,0.0029415,0.0047334,0.0070577,0.010977,0.00039367,8.6236e-05,1.5138e-05,7.3983e-06,7.5371e-06,2.9345e-06,2.3077e-05,1.4182e-05,5.6116e-05,1.5843e-05,9.6698e-06,2.1787e-05,1.0652e-05,2.454e-06,4.1508e-07,4.6325e-07,0.0033276,0.0064284,0.0021779,0.0046357,0.013165,0.041908,0.037074,0.00010846
1,0.31685,0.75571,0.29287,0.13391,0.028528,0.01181,0.055475,0.05869,0.035975,0.0040507,0.0039496,0.00059583,0.0020942,0.00099511,0.00048416,0.00031448,0.00098211,0.016796,0.016179,0.024176,0.050934,0.052074,0.1381,0.027675,0.048485,0.0010523,9.286e-05,6.3383e-05,2.5924e-05,2.5804e-05,0.0926,0.14255,0.33959,0.15842,0.17457,0.014557,0.0026324,0.015873,1.5957e-06
1,0.0058018,0.0060442,0.004992,0.001305,0.0015026,0.008576,0.0036419,0.0080592,0.0078972,0.00126,0.00016191,3.8171e-05,2.5832e-05,1.8151e-05,1.0401e-05,6.2743e-05,0.00018501,0.0031174,0.0041803,0.00091404,0.00014455,8.1564e-05,7.1225e-06,8.9978e-07,1.0635e-07,2.1658e-07,0.0037809,0.092999,0.085082,0.25009,0.15801,0.45268,0.010745
1,2.2463e-05,9.3312e-06,0.00051641,0.00020019,9.6431e-05,0.00016184,0.00028405,0.015349,0.0049032,0.0045542,0.0026596,0.00062613,0.00054683,0.00017621,3.4214e-05,0.00013645,4.1262e-05,1.3157e-05,0.00010188,0.00048329,0.00053953,0.00012351,0.00017946,3.3547e-05,2.4112e-05,8.4076e-05,1.7012e-05,4.2718e-05,8.8888e-06,0.00067102,0.0015781,0.032064,0.04591,0.27745,0.31868,0.57046,0.32128,0.50905,0.058623,0.00010033
1,0.0010918,0.00011655,0.00019848,0.00081493,0.00034958,0.017033,0.031287,0.076961,0.062199,0.036014,0.18241,0.49236,0.42449,0.25339,0.10417,0.11085,0.067573,0.024166,0.0095069,0.0024431,0.00053885,0.00091961,0.0017136,0.00046659,0.0011485,0.00031199,0.0060267,0.16548,0.56319,0.398,0.042324,0.028044,0.0034364,0.014173,0.0025907,0.003684,0.00060951
1,0.012797,0.0026382,0.0049006,0.0074488,0.003678,0.00079035,0.00049967,0.026144,0.023869,0.0032698,0.0060766,0.00080995,0.00021297,0.011633,0.010378,0.0021655,7.7581e-05,3.4261e-05,3.1258e-05,0.00027589,0.002733,0.0013737,0.015918,0.099489,0.027189,0.011219,0.020861,0.069151,0.013629
1,0.024591,0.022906,0.0087876,0.060731,0.14179,0.055276,0.021403,0.1185,0.031148,0.0030367,0.0025025,0.00041308,7.0358e-06,0.00019236,0.0013549,0.00043337,7.4203e-05,8.0344e-05,0.00053299,0.018744,0.12748,0.12347,0.051757,0.6771,0.41931,0.039401,0.059626,0.18227,0.21802,0.0021926
1,0.00012002,3.379e-05,5.1948e-05,0.0015549,0.00038932,3.8493e-05,3.7056e-05,2.467e-06,0.015769,0.018066,0.062268,0.018599,0.002835,0.0012157,0.0065616,0.0021013,0.00095415,0.0064074,0.037256,0.081277,0.16029,0.36961,0.62294,0.22633,0.23265,0.46956,0.72802,0.005712
1,0.10577,0.0007015,0.0022856,0.0019592,0.0040631,0.0012343,0.00050979,0.00049248,5.2548e-05,0.003243,0.0057639,0.0524,0.29797,0.10838,0.018114,0.0012507,0.00019451,1.8441e-05,0.0032391,0.00040457,0.00085078,0.010748,0.034411,0.011398,0.026239,0.1755,0.10874,0.14017,0.066612,0.00065466,4.3217e-06
1,4.3212e-05,5.9341e-06,3.0999e-06,1.8877e-06,0.00014694,9.1584e-05,3.6393e-05,3.5043e-05,0.00088943,0.0027685,0.0025625,0.00082783,0.00011224,0.00014203,0.00023698,0.00022657,0.026689,0.028901,0.044179,0.080619,0.013855,0.00080406
1,0.0028561,0.0014656,0.00392,0.030757,0.058486,0.029888,0.10365,0.017888,0.002255,0.020874,0.0083961,0.014362,0.029696,0.010334,0.0022969,0.003776,0.0028486,0.0081306,0.034193,0.076069,0.31995,0.028772
1,0.0024648,0.00052916,0.0027171,0.0019457,0.19678,0.30633,0.10611,0.094768,0.021283,0.016133,0.0048608,0.0018549,0.00013532,4.5335e-05,3.2098e-05,4.4122e-05,0.00016957,0.00052853,0.10739,0.16987,0.21054,0.35762,0.40877,0.053582,0.0088534
2,1.1027e-06,1e-07,8.3573e-06,2.1868e-05,0.04604,0.0020635,0.0014475,0.00032221,0.00010742,3.7374e-05,1.0472e-05,9.8813e-06,3.0396e-05,0.00024971,3.2386e-05,8.4948e-06,0.0017982,0.00029932,0.0011764
2,7.2249e-06,8.4194e-07,3.1446e-06,3.5021e-05,0.0014939,0.00084555,0.00056824,0.00033328,0.00051943,0.0028926,0.011008,0.013883,0.014401,0.024645,0.0076859,0.0031529
2,0.015986,0.00097491,0.00035024,0.0019641,0.016574,0.0048598,0.0064621,0.013877,0.00021635,5.9602e-05,9.714e-06,3.2669e-06,8.2384e-07,6.3538e-06,0.00032662,9.3057e-05,6.0192e-06,2.9709e-05,9.9462e-05,0.00014759,0.0016568,0.00048572
2,0.00067045,0.00029838,0.00015002,0.020448,0.047413,0.0093496,0.00057993,0.00031781,6.8372e-05,8.5516e-06,9.4452e-06,0.0010075,0.00030227,0.0019253,0.13787,0.0092819,0.023185
2,0.041807,0.0018077,0.0010805,0.00056343,0.0033164,0.0011223,0.0066438,0.0068608,0.0074802,0.0017461,1.2792e-05,7.5098e-06,2.9257e-06,6.33e-06,9.0309e-07,0.00011368,8.4272e-05,0.00047348,0.00076204,0.00075593,0.068829,0.19664,0.012309,0.0024941
2,4.3863e-07,1e-07,1e-07,2.2099e-07,0.00065073,8.5662e-05,1.304e-05,5.5518e-07,1e-07,1e-07,1.0941e-07,5.0379e-06,1.2508e-06,1.2299e-06,0.043582,0.011509,0.00335
2,0.00047944,8.4072e-05,5.4607e-05,0.00012701,0.00022614,0.00026303,0.0019084,0.0017575,3.1564e-06,9.9484e-07,1.3916e-07,1e-07,1e-07,0.00013087,0.00078719,0.00075547,0.021718,0.038082,0.00083115,1.2067e-05
2,0.061114,0.05938,0.023061,0.007165,0.092206,0.013304,0.0010216,0.0048037,0.0015657,0.0013895,0.00052638,0.0017284,0.0015341,0.0099945,0.0097856,0.029455,0.00673,0.0029548,0.0059088,0.003883,0.00058728
2,1.3369e-07,1e-07,0.00039689,0.00017279,3.3395e-05,9.0705e-05,2.7131e-05,0.00038793,0.00071685,0.00014906,0.00063958,0.0012841,0.036109,0.02441,0.089279,0.089134,0.0032301
2,0.00056794,0.00013202,0.0012109,0.0015737,0.00037335,0.0079173,0.010561,0.00086278,0.0019305,0.00061265,0.00042552,3.3336e-05,0.00033771,0.0044682,0.14405,0.013373,0.0024866,0.0093999,0.0038351,0.02505,0.0060271,0.00013402
2,0.0053056,0.0032531,0.0044355,0.0026992,0.0087756,0.010338,0.0009562,0.00053355,0.00054584,0.00018109,8.5936e-05,0.30785,0.075338,0.095561,0.1187,0.08772,0.0011536
2,8.8325e-05,4.9369e-05,1.25e-05,2.2963e-06,4.1549e-07,1.5416e-06,4.9108e-07,1.9992e-06,2.9663e-06,0.0046809,0.0016028,0.0031603,0.0018386,0.036607,0.00034243
2,4.2344e-06,9.5769e-07,0.00041122,0.0016574,0.0022778,0.00057565,0.00047834,0.00025358,0.00059506,5.3073e-05,0.00010044,0.00048438,0.036258,0.17079,0.10944,0.39872,0.10357,0.016915,0.0096041
2,3.7482e-06,3.927e-07,0.00019363,0.0012217,0.00081884,0.0004263,0.0011548,0.0019021,0.00013111,7.1957e-05,1.1905e-05,4.4316e-06,7.5874e-05,4.5354e-06,3.638e-06,9.2378e-06,1.5182e-05,0.00022058,2.7693e-05,7.799e-05,0.0014791,0.0038316,0.018294,0.024984,7.7854e-05
2,0.00057301,2.5637e-05,2.3721e-06,4.094e-07,1.8509e-07,0.0032639,0.011505,0.0031962,0.0072112,0.0015969,0.00060677,0.0028862,0.00090654,8.6377e-05,0.0025577,0.11569,0.35784,0.085577,0.00012326
2,0.07626,0.22735,0.1803,0.35463,0.041461,0.083244,0.0032734,0.00543,0.00024747,5.7571e-05,2.5861e-05,3.735e-05,0.0001568,0.004335,0.0056856,0.25509,0.16982,0.024567,0.01417,0.017237,0.026048,0.0051248,0.023498,0.00026606,0.0001249,5.6407e-05,0.0017579,0.011951,0.0002963
2,2.9069e-05,1.9693e-05,6.9524e-05,9.1871e-05,1.1125e-05,5.0038e-05,8.43e-06,2.0627e-06,1.4438e-06,7.3885e-06,0.0004031,3.6035e-05,2.5684e-06,2.9245e-07,2.2778e-07,2.142e-07,0.0035664,0.013493
2,3.515e-06,7.4846e-07,1.727e-07,4.8265e-07,0.00038535,0.00019964,0.00037018,7.8039e-05,3.8931e-06,4.5485e-05,0.0015365,0.00034615,0.0001629,0.00079321,0.00024512,1.8886e-05,4.5303e-05,0.0010081,0.0012017,0.0024284,0.00019307
2,1.2648e-06,1.8125e-07,1.0761e-07,1.249e-07,4.4651e-07,1.5786e-06,2.3645e-05,2.8014e-06,4.673e-06,3.0734e-05,3.3687e-05,2.153e-06,5.5167e-07,1e-07,1e-07,0.12066,0.30464,0.013005
2,0.0023113,0.00076269,0.00022131,6.2474e-05,2.6486e-05,2.2449e-05,6.2951e-07,5.6671e-07,1e-07,1e-07,0.0018804,5.0357e-05,1.8972e-05,1.2095e-05,1.4255e-05,4.8627e-06,6.1648e-05,6.5461e-05,4.2725e-05,0.0006315,0.0011809,0.00019129,0.00024489,0.00071141,0.028729,0.027887,0.0023825
2,0.00021273,9.0948e-05,3.2926e-05,8.9367e-05,0.00013797,0.0003734,0.0010692,0.0002825,0.00010288,0.00033495,0.00077076,0.00050081,0.00047051,0.001511,0.00084858,6.3522e-05,5.0208e-05,0.00088773,0.030375,0.045705
2,0.001715,0.0010283,0.020504,0.061947,0.044865,0.058413,0.060593,0.11572,0.19447,0.15241,0.30078,0.07434,0.059559,0.0084205,0.0096867,0.018683,0.0070835,0.0027536,0.0044504,0.0010474,0.0056453,0.14448,0.098884,0.045742,0.012118,0.0034366,0.00065204,0.00062778,0.00031865,0.00060433,0.00064513,0.00093294,0.0028287,0.00028692,2.131e-05
2,0.00012387,7.932e-05,0.00010216,1.0315e-05,8.8394e-05,0.0020449,0.0014883,0.0050891,0.0028387,0.00014567,3.2431e-05,6.3921e-06,2.6337e-05,1.7826e-05,1.4382e-05,7.8709e-05,2.4243e-05,0.025956,0.024991,0.00026418,0.00023022,6.662e-05,0.00014335,0.00018115,0.0089436,0.0099602,0.0032712,0.0030549,0.011798,3.5842e-06
2,0.045346,0.0098303,0.0031205,0.0019059,0.21468,0.1302,0.12094,0.64132,0.34382,0.30547,0.0946,0.071789,0.037465,0.0040222,0.0030864,0.0060272,0.0028217,0.090592,0.064755,0.028206,0.008282,0.003569,0.0033868,0.00082425,0.0077925,0.0043832,0.0049888,0.14775,0.0012326
2,1.9894e-06,6.4549e-07,1.5813e-05,8.3284e-06,2.4827e-05,0.0001938,0.00019564,0.00047788,0.00030804,0.00043164,5.345e-05,0.0012711,6.2417e-05,2.2421e-05,3.4491e-05,1.4106e-05,6.2639e-05,0.014013,0.025584,0.017524,0.0021173,0.00069445,0.00024457,0.00015129,0.0004797,0.0012233,0.0012867,0.0075631,0.00077373,0.00038002
2,0.0012342,0.00038413,0.00012331,0.00011926,0.00017194,0.0097661,0.18816,0.2017,0.11164,0.32743,0.44273,0.030941,0.041632,0.033901,0.051271,0.0025203,0.00038389,4.2147e-05,6.4359e-06,3.6593e-07,5.5785e-05,0.00038011,0.013876,0.0071437,0.001937,0.00034442,0.00022966,8.5939e-05,9.0936e-05,0.0059541,0.0049773,0.013902,0.079135,0.0061337
2,0.27912,0.06028,0.14518,0.25023,0.34778,0.30159,0.56311,0.34989,0.32796,0.86365,0.77421,0.10752,0.12836,0.038419,0.0099736,0.01173,0.058478,0.0098773,0.0063171,0.012488,0.019338,0.0038306,0.0016617,0.0009335,0.00049514,0.00070262,8.4383e-05,0.00055427,0.00058964,0.0044713,0.0036459,0.001677,0.017785,0.00068007,0.0030878,0.001371,0.0022803,0.001822
2,0.00024191,3.3161e-05,6.7069e-05,3.3761e-05,0.0023616,0.004673,0.00039634,0.0020555,0.0064924,0.012429,0.0040357,0.0015455,0.0021664,0.0014286,0.0013779,0.0006685,0.00015859,9.4599e-05,0.00065673,0.003119,0.0038056,0.00056398,0.00010137,3.0136e-05,1.0803e-05,2.559e-05,0.0048122,0.10619,0.10635,0.33161,0.023466,0.002726
2,0.00083565,5.5918e-05,1.1852e-05,5.1951e-05,0.00015087,0.0013254,0.0025514,0.0032174,0.00034932,0.0073788,0.0021284,0.0024374,0.00062528,0.00056525,7.7918e-05,4.6885e-05,7.1665e-05,1.1893e-05,4.883e-06,1.4658e-05,7.7616e-05,0.00044378,0.00046272,7.5631e-05,2.8038e-05,6.5391e-06,3.9351e-06,1.0616e-05,0.001069,0.00037794,0.00037219,0.015331,0.036804,0.0063825
2,0.083275,0.12877,0.10026,0.18508,0.29632,0.37051,0.54155,0.096548,0.076505,0.036794,0.16906,0.71695,0.89866,0.79727,0.22788,0.56584,0.034235,0.029198,0.0014126,0.00044317,0.00038646,7.4948e-05,1.9196e-05,0.0024798,0.011506,0.11182,0.20837,0.061396,0.040623,0.0045215,0.0011996,0.0042098,0.008005,0.0052465,0.0077927,0.0023545,0.00046902,0.0048069,0.0010605,0.006039,3.9716e-05
2,0.0010177,0.001063,0.00039616,0.00020469,0.00019704,0.0002958,0.00014652,0.00012274,0.0014397,0.00052873,0.00046857,0.00019401,8.5121e-05,4.4676e-06,2.1588e-06,1.5997e-07,1e-07,0.1745,0.84712,0.021211
2,0.17304,0.29592,0.036056,0.0081266,0.0053147,0.0071811,0.0070839,0.063194,0.008204,0.051559,0.0094107,0.0046078,0.0090768,9.0027e-05,7.2068e-06,1.7617e-07,1e-07,1e-07,4.1961e-05,0.00081124
2,0.0071147,0.015325,0.057849,0.14335,0.048927,0.076709,0.082177,0.0060812,0.016657,0.021825,0.014958,0.010072,0.003066,0.0017977,0.00079101,0.00016454,9.5152e-05,6.7731e-05,1.0313e-05,2.0974e-06,0.0084458,0.11941,0.0010792
2,0.014811,0.0027872,0.0018377,0.0011819,0.00048057,0.00011967,0.0018442,0.0010627,0.0011058,0.001989,0.001632,0.00015265,0.00032023,0.00013443,4.9683e-05,1.4114e-05,6.3768e-06,6.2411e-07,1.8298e-06,0.0059521,0.011937
2,0.048622,0.035018,0.015286,0.0019581,0.00050374,0.00016154,0.00019554,0.00056085,0.0012124,0.00077214,0.0002132,0.00021589,7.0497e-05,3.5366e-06,1.8694e-06,2.3961e-07,2.7561e-07,1.1998e-07,4.1171e-06,0.20418,0.31876,0.035347,0.00044377
2,0.003703,0.0001966,0.0037649,0.00058895,0.00080864,0.0044992,0.0088558,0.0046329,0.0071148,0.0026605,0.00047997,3.8768e-05,0.00022221,0.00012391,0.00015501,0.00030483,0.00024404,0.0004548,2.6556e-05,0.00023445,0.041036,0.0046933,2.981e-05
2,0.20447,0.047371,0.03688,0.011833,0.0026862,0.003862,0.0047861,0.0018169,0.0084194,0.0096148,0.035394,0.027877,0.011725,0.0052694,0.001085,0.00020931,3.0112e-05,3.4245e-05,1.5009e-06,3.3332e-07,0.0021006,0.12967,0.022313,0.00052759
2,0.044109,0.015008,0.03504,0.097946,0.084275,0.075909,0.014434,0.0074299,0.0062526,0.015109,0.0021951,0.0044346,0.006679,0.009928,0.0041618,0.00034536,0.00065553,0.00053989,0.0019184,0.063668,0.052699,0.055429
2,0.012843,0.0012743,0.00012923,0.00010011,0.00048925,0.00055035,0.00013271,5.3652e-05,1.2825e-05,0.0007127,0.0003301,0.0044756,0.005437,0.0074818,0.017373,0.0014106,0.0010336,0.00035484,0.00053436,3.8856e-05,0.0064307,0.0088984,0.010929,0.01256,0.0095941,0.0021957,0.056565,0.18151,0.060018,0.18135,0.25861,0.17762,0.048393
2,0.00036242,2.8584e-05,2.1624e-05,7.6544e-05,6.7327e-05,1.3955e-05,0.0011587,0.00075991,5.028e-05,3.0327e-05,9.6103e-05,0.00020989,0.00082035,0.0011102,0.00096756,0.0010234,0.00053184,0.024326,0.0091503,0.0042565,0.086859,0.5,0.001619
2,0.0058352,0.00080464,0.001857,0.00024927,0.00017392,0.015166,0.029859,0.0013061,0.0012446,0.0012214,0.00086309,0.00085075,0.032248,0.017399,0.012619,0.013364,0.045371,0.03475,0.036224,0.13927,0.10693,0.0061117
2,0.031826,0.015685,0.019374,0.008871,0.023724,0.0079911,0.032116,0.026583,0.019062,0.0049441,0.12137,0.017647,0.0027563,0.0027695,0.00071339,0.00045224,0.0050242,0.17003,0.081202,0.011982,0.014261,0.00048707,0.0038436,0.0021304,0.0069663,0.0063154,0.022989,0.011369,0.01638,0.00013811
2,0.00063174,0.00033753,8.3078e-05,0.001311,0.00072829,0.01124,0.044125,0.011305,0.061367,0.0026424,0.023118,0.015457,2.6215e-05,1.9501e-06,1.3464e-06,8.1858e-06,1.9854e-06,5.1564e-05,0.00015743,3.4632e-05,0.00057859,0.0020199,0.0015518,0.0085991,0.010414,0.21157,0.061809,0.0006593
2,2.4859e-06,6.1412e-07,1.7699e-06,6.6554e-07,1.0291e-05,0.001416,0.0014521,0.00033963,4.6187e-05,4.7757e-06,2.6699e-06,0.00018048,0.00036353,0.00019916,0.00015219,0.0002666,0.00012821,0.00011648,0.00052894,0.0022208,0.0029437,0.0024024,0.0077308,0.014258
2,0.12322,0.0070687,0.0037512,0.004172,0.0036983,0.00035128,0.00034442,0.0021566,0.0045823,0.011276,0.0097927,0.0018104,0.00028075,6.3712e-05,0.0062894,0.2529,0.8222,0.01597,0.0060354,0.0012985,0.0009475,7.1309e-05,0.24018,0.03835,0.035241,0.043881,0.022964,0.041171,0.029873,0.0082427,0.00040564,0.0044839
2,0.061575,0.061453,0.071665,0.15017,0.10432,0.046671,0.039692,0.062137,0.1205,0.14526,0.16818,0.082531,0.0021202,0.0011443,0.001382,0.0024174,0.003733,0.0036845,0.0021284,0.00018102,0.00041146,6.1916e-05,3.7579e-05,6.6216e-05,6.4684e-05,0.00019855,0.00019661,0.011661,0.0020711
2,0.002181,0.00037812,5.1386e-05,2.9044e-05,0.00079977,0.0004427,0.00021872,0.00010564,4.7628e-05,0.0013656,0.00066471,0.00062803,0.00047465,0.00043086,6.3713e-05,0.0010902,2.4574e-05,4.3199e-05,5.56e-05,1.4718e-05,2.7423e-06,0.00027469,0.0034412,0.0052644,0.0023149,0.0022708,0.026754,0.0095815,0.0029541,0.0015004,0.012751,0.010463,0.00021323
2,0.0052076,0.0033125,0.0020642,0.0021573,0.0057991,0.0045232,0.0012296,0.071447,0.024675,0.021238,0.0082565,0.0018822,0.00045185,0.005766,0.28597,0.30206,0.21668,0.040936,0.20457,0.095669,0.049582,0.015703,0.0054716,0.0026848,0.0065276,0.013377,0.0019274,4.0295e-05
2,0.007597,0.0051312,0.0029481,0.010752,0.010803,0.0049035,0.00051095,1.7467e-05,8.3427e-05,0.0040055,0.16858,0.14104,0.034868,0.00049047,1.9314e-05,1.2261e-05,1.5386e-05,7.6096e-05,0.0003414,7.6306e-05,7.2616e-06,0.0006099,1.5033e-05,8.446e-05,1.0174e-05,2.5184e-06,1.2724e-06,5.409e-05,8.8562e-05,0.021549,0.01446,0.028102,0.0050631,0.0013538,0.00076385,0.0050155
2,0.0048909,0.00095522,0.00027676,9.0286e-05,2.6089e-06,4.8381e-07,4.7476e-07,0.0023837,0.0010124,0.002507,0.0023047,0.0016749,0.00033857,0.0046773,0.026723,0.015395,0.060168,0.035456,0.066922,0.017884,0.0019404,0.00090951,0.0022903,0.011635,0.012965,0.0026394,0.00018457
2,0.0098669,0.014562,0.018839,0.022672,0.018336,0.13477,0.20918,0.41054,0.36459,0.5,0.20515,0.060888,0.041457,0.030429,0.0043687,0.0055515,0.0052596,0.0059806,0.01917,0.09687,0.076961,0.037054,0.029384,0.009638,0.027628,0.054252,0.095932,0.017619,0.00030985,0.00027749,0.0001952,8.5604e-05,0.0059607,0.36975,0.44534,0.32984,0.1794,0.13908,0.0092304,0.00067189,0.00050844
2,0.062027,0.0069362,0.0058604,0.0047793,0.0041323,0.0043276,0.016028,0.045767,0.041765,0.0067944,0.0029167,0.00030336,5.663e-05,6.6199e-06,2.1647e-06,1.1926e-05,0.00026314,0.00024442,0.00018788,0.00013015,3.224e-05,2.2782e-05,0.00055712,0.00035251,5.1398e-05,3.1881e-05,3.4706e-06,7.9029e-07,1.0267e-05,0.0011691,0.0063426,0.010787,0.0053452,0.014405,0.026269,0.0077925,0.0044146
2,0.0031788,0.0054563,0.016005,0.023422,0.012388,0.049279,0.053538,0.013283,0.0094057,0.0043474,0.04289,0.053325,0.031363,0.0060254,0.0108,0.016356,0.019168,0.0040905,0.0027352,0.026569,0.25239,0.13767,0.19277,0.084476,0.0020154,0.000235,4.0222e-05,3.8335e-05,4.9346e-05,9.0267e-05,1.2207e-05,1.0254e-06,2.5506e-07,1e-07,1e-07,1e-07,4.9521e-07,7.062e-07,6.0384e-05,8.4069e-05,0.0021035,0.0037405,0.047516,0.035144,0.0017218
2,9.7088e-06,1.0676e-05,0.00032581,0.00016143,0.00053905,0.00035811,0.00034833,0.0014763,0.0040354,0.0011084,0.0052962,0.016357,0.0022985,0.00093995,0.0015144,0.0001742,0.00061399,0.00048224,0.00068569,0.00018,2.3292e-05,1.4824e-05,3.8366e-06,5.516e-07,6.3901e-07,3.9963e-06,0.00018639,0.00040276,0.00035773,0.0018166,0.0025947,0.009006,0.024457,0.0089117,0.0079108,0.0018456,0.00036771,3.4332e-05,5.7387e-06,1.1351e-05,2.7992e-06,7.9102e-06,0.0023549,0.0020762,0.06027,0.010736,0.0040301,0.0013475,0.0041695,0.0023981,0.0041933,0.00052805
2,6.3295e-06,0.00022469,0.0026427,0.0019572,0.0016931,0.0011393,0.0054082,0.0052932,0.10098,0.041137,0.0035005,0.040596,0.0098689,0.015256,0.0021769,0.00075864,0.00020218,0.001413,0.0020115,0.003489,0.00097643,0.0002238,0.00038388,0.0017111,0.00034018,0.0001391,0.00014791,0.0001096,1.7085e-05,8.1423e-05,0.010637,0.021962,0.065471,0.095153,0.099979,0.28232,0.33864,0.020558,0.00061561
2,0.0011881,0.00065598,0.0014038,0.00037711,0.00099508,0.00053065,0.0025734,0.018052,0.00481,0.018971,0.0022389,4.3806e-05,3.5409e-06,1.3907e-07,1e-07,1e-07,1e-07,7.4354e-05,8.8915e-05,0.00022315,8.6463e-05,2.67e-05,2.7453e-05,1.7776e-05,5.7147e-06,3.351e-05,2.7292e-05,0.00023707,0.00099427,0.0044896,0.0095588,0.016897,0.020658,0.093426,0.063991,0.0075679
2,0.066112,0.061859,0.005084,0.0030773,0.0036199,0.0034458,0.0074088,0.027351,0.060411,0.052562,0.012281,0.0096498,0.014469,0.022208,0.013228,0.0012792,0.00097373,0.0060372,0.0012686,0.00096693,0.00041774,0.00026322,5.6138e-05,3.7523e-05,0.00010106,3.5347e-05,6.9863e-06,1.5707e-06,1.6283e-06,3.9847e-07,1.8634e-07,0.095785,0.16184,0.302,0.56393,0.38733,0.27089,0.17046,0.26171,0.2231,0.025457
2,0.066081,0.0017811,0.001369,0.0052878,0.063657,0.23151,0.12366,0.04996,0.037738,0.061351,0.034782,0.05182,0.0078048,0.0073023,0.00030051,0.00029182,0.00010371,2.8305e-05,0.00016032,0.0043072,0.003952,0.010235,0.069616,0.11386,0.012001,0.001357,0.010837,0.015609,0.00054127
2,0.44531,0.35863,0.039861,0.01787,0.0034285,0.0019305,0.00034021,0.00010941,4.5991e-06,9.7581e-05,0.0010289,0.0034462,0.009108,0.0005208,0.00086288,8.1036e-05,8.1102e-06,1.4506e-06,3.4956e-07,9.8817e-07,1.6488e-06,2.0323e-06,2.7449e-06,6.6727e-06,0.0047732,0.035577,0.007241,0.010974,0.11972,0.33581,0.10972,0.0069704
2,0.0056552,0.00061414,5.1443e-05,0.00017698,0.0013015,0.013917,0.011999,0.0099985,0.0063949,0.0014085,0.00049892,0.00064592,0.00018888,9.1556e-05,4.2937e-05,8.8979e-06,5.898e-06,0.00068555,0.017103,0.0051186,0.047147,0.06048,0.046836,0.060714,0.27535,0.0045472,0.00042744
2,0.0035146,0.00061967,2.2315e-05,5.2017e-06,1e-07,1e-07,1e-07,0.00055145,0.00071768,0.00038328,0.0001661,1.4088e-05,1.1155e-05,5.5026e-06,0.0021867,0.00024888,7.8918e-06,2.1837e-06,9.6029e-06,0.00025728,1.9039e-05,8.7984e-06,7.0867e-07,1.8396e-07,1.63e-05,0.00022366,0.00063105,0.0012203,0.0044813,0.018229,0.0059401,0.0030395,0.15854,0.12444,0.035405,0.046408,0.18871,0.048447
2,8.8501e-05,5.3851e-05,8.5352e-06,3.1886e-06,5.9379e-06,1.2861e-06,1.3634e-07,7.3378e-06,2.0945e-05,9.169e-06,9.2905e-06,3.1921e-07,2.8003e-05,4.3892e-05,1.5463e-05,5.4613e-05,0.0007922,0.00095306,0.0013675,0.015739,0.027633,0.042521,0.093888,0.12441
2,0.029046,0.0068152,0.014041,0.0073545,0.003638,0.040414,0.040542,0.026011,0.031924,0.017809,0.0038318,0.0037918,0.0056655,0.005596,0.0031191,0.037427,0.0043212,0.00062565,0.00027679,2.5053e-05,3.5661e-06,5.7352e-07,1.5258e-07,1e-07,1e-07,1e-07,3.63e-06,0.00017131,0.00010634,9.6556e-05,0.0061308,0.02194
2,0.14377,0.048161,0.038545,0.21828,0.25113,0.15005,0.13594,0.12466,0.16339,0.10452,0.081831,0.31739,0.10882,0.035431,0.00164,8.306e-05,7.9366e-06,7.6861e-06,4.2937e-06,2.5249e-05,1.2554e-05,4.2418e-05,0.00055029,5.6046e-05,8.9057e-05,0.00012715,6.6005e-05,0.013641,0.010508,0.085548,0.67181,0.85269,0.076203
2,0.1063,0.062788,0.032258,0.019423,0.0097158,0.0034835,0.00065814,0.00014907,0.00017163,0.00012352,3.3409e-05,1.2768e-05,1.9847e-06,6.2565e-06,2.091e-05,0.001072,0.0013528,0.0015597,0.0020193,0.00049731,3.0088e-05,1.4986e-05,5.3358e-06,9.8886e-06,0.077642,0.15068,0.17605,0.52006,0.75344,0.43869,0.33119,0.00023544
2,0.001387,0.0013311,0.00026301,0.00030782,0.00039911,3.9787e-05,1.8732e-06,3.8362e-06,1.816e-06,0.00059801,0.0036495,0.00050891,5.7213e-05,2.4504e-05,1.3469e-05,3.217e-06,0.00064626,0.015863,0.020279,0.092103,0.17101,0.034613
2,0.021299,0.027797,0.036317,0.1756,0.23241,0.21544,0.11482,0.067353,0.001797,0.0020416,0.0024613,0.036797,0.11747,0.13075,0.029454,0.006094,0.00061525,4.3652e-05,3.6588e-05,1.973e-05,0.00048893,0.00028828,0.00047138,0.0037863,0.06142,0.017476,0.0012742
2,0.0041648,0.0031174,0.0023674,0.00011635,0.00071167,0.00015743,3.5369e-05,8.3211e-06,1.6579e-05,1.3389e-05,9.4009e-06,4.1638e-05,4.9704e-06,1.0549e-05,0.00011697,0.0029742,0.0021336,0.0013339,0.0007334,0.00024522,0.00010283,0.001347,0.00369,0.0026076,0.010383,0.076765,0.017114,0.0627,0.0045079
2,5.222e-05,7.0392e-05,4.4654e-05,6.4902e-05,0.00013417,3.8586e-05,1.3275e-05,3.6962e-06,8.2155e-05,3.6762e-05,0.00045812,4.8655e-05,5.5365e-05,6.6938e-05,1.1453e-05,2.3986e-06,0.0052985,0.017912,0.018394,0.15114,0.69436,0.0082881
2,0.026674,0.0059628,0.0040747,0.0036123,0.00037241,1.1238e-05,3.6024e-05,4.3983e-06,1.1673e-05,0.0028189,0.00068359,0.0001054,0.0001443,0.00031201,9.6537e-05,0.0019672,0.0024375,0.0069222,0.033863,0.011996,0.020169,0.0026381
2,0.0014813,0.0012102,0.0008321,0.00044343,0.00078735,0.00032754,2.7102e-05,9.633e-07,8.0769e-07,3.0852e-07,2.3146e-07,0.0001055,0.00024794,0.00030257,0.00045742,0.00028654,0.00012986,0.0016154,0.0056842,0.0021739,0.0046307,0.12604,0.01935,0.034168,2.6831e-05
2,2.8537e-06,8.5507e-07,2.1279e-07,2.5705e-07,1.9281e-07,1.1416e-05,1.5315e-05,6.9416e-06,1.6951e-05,3.4598e-06,3e-05,0.00039656,0.00038712,4.65e-05,9.5595e-06,2.1691e-06,1.1177e-06,5.8822e-07,5.3486e-05,0.00033226,0.00079306,0.0020817,0.0026607,0.0050458,0.0082203,0.26721,0.003582
3,0.099132,0.0057322,0.0093514,0.022371,0.017393,0.016792,0.045586,0.10936,0.26515,0.44867,0.53951,0.63298,0.13261,0.050755,0.017212,0.0061577,0.0051628,1.183e-05
3,0.036958,0.049178,0.033206,0.23676,0.26257,0.046239,0.028716,0.013399,0.014472,0.019983,0.027481,0.04061,0.12851,0.067891,0.19388,0.08959,0.029255,0.0032283,0.0002768
3,0.17428,0.060513,0.0006235,0.0012787,0.0013235,0.00178,0.0011716,0.0013468,0.0032952,0.00037864,0.00092594,0.0015412,0.0027585,0.11527,0.014272,0.011438,0.00071113,0.0011937,0.0017277,0.0079894,0.037875,0.051741,0.31031,0.081035,0.24114,0.033203,0.012814,0.0054924,0.024776,0.009788,0.0047884
3,0.080294,0.053636,0.041641,0.16424,0.43257,0.28481,0.17742,0.048389,0.0070384,0.016196,0.028619,0.045873,0.082063,0.12866,0.12842,0.050449,0.0065737,0.0027028,0.00059965,0.002225,0.0011982
3,0.0095973,0.012356,0.020698,0.16288,0.022208,0.0145,0.36035,0.48611,0.67113,0.22057,0.090939,0.20094,0.10211,0.17346,0.019637,0.0016557,0.0011634,0.0020298,0.0010172,0.0011771,0.00057973
3,0.040109,0.0030853,0.00065188,0.00014127,0.0026483,0.0017972,0.00058654,0.0010578,0.00015252,6.2973e-05,0.00028855,0.0010965,0.0043295,0.0043849,0.0054632,0.0020095,0.012058,0.014669,0.012672,0.020274,0.0095286,0.0035676,0.020054,0.0028166,0.0013662,0.0012646,0.0040944,0.0070184,0.00013253
3,0.22346,0.17107,0.060978,0.11064,0.18799,0.036582,0.026635,0.010292,0.0010507,0.0016326,0.00014956,0.00021505,0.00027297,0.00058255,0.0010412,0.0006078,0.00034525,0.0005567,0.00058716,0.00040726,0.00068059,0.00034213,0.00061423,0.056604,0.3467,0.66024,0.43467,0.24729,0.189,0.068403,0.023428,0.15389,0.031793,0.010918,0.0069198,0.010554,0.018434,0.035553,0.00017288
3,0.20715,0.10951,0.13364,0.47428,0.2262,0.42392,0.10845,0.28861,0.088827,0.22794,0.22234,0.12798,0.0053402,0.0083951,6.5011e-05,0.0005106,0.00051635,0.00033234,0.00037635,0.00022493,9.682e-05,0.00015862,0.00013955,4.5496e-05,0.023501,0.084963,0.12573,0.10766,0.0041122,0.0025637,0.15126,0.07864,0.44174,0.13851,0.072224,0.028142,0.02144,0.0026554,0.0044044,0.0080078,0.060617,0.20965,0.45567,0.4848,0.20105,0.27999,0.30374,0.26695,0.47454,0.14889,0.026066,0.019593,0.026844,0.020743,0.0064165,0.018133,2.3142e-05
3,0.054677,0.014558,0.0047494,0.008234,0.021264,0.092839,0.01638,0.020387,0.011703,0.035648,0.12409,0.1728,0.11056,0.059073,0.093507,0.0059812,0.013602,0.021682,0.033493,0.18735,0.26996,0.38215,0.50634,0.21123,0.12454,0.13129,0.021906,0.10134,0.04173,0.074635,0.11977,0.072221,0.023679,0.009372,0.0032169,0.0023752,0.0013361,0.0021213,0.0030035
3,0.038429,0.011216,0.0038094,0.0032541,0.0010865,0.0038138,0.0057985,0.0030215,0.0093431,0.033242,0.01434,0.02634,0.098366,0.039497,0.03107,0.032241,0.021159,0.017175,0.037392,0.061925,0.59511,0.35813,0.20966,0.10072,0.67086,0.24921,0.10786,0.031983,0.00084153,0.00017656,0.0010074,0.014814,0.015338,6.7987e-06
3,0.11514,0.00045178,0.0071216,0.012833,0.012745,0.015239,0.0085892,0.036856,0.31547,0.17072,0.29881,0.15967,0.042617,0.0315,0.031208,0.041057,0.14609,0.2712,0.24902,0.47233,0.63215,0.37473,0.51953,0.13964,0.11181,0.0089654,0.0018179,0.012009,0.011413,0.07251,0.037063,0.021516,0.0063273,0.003763,0.0013905
3,0.43002,0.007906,0.0069553,0.0017006,0.046071,0.060175,0.061509,0.040439,0.015738,0.010152,0.046574,0.078489,0.079111,0.17913,0.33109,0.084089,0.11647,0.11429,0.16527,0.10251,0.063897,0.26774,0.18999,0.016973,0.036642,0.20618,0.063464,0.033358,0.0054972,0.0083817,0.0092404,0.049771,0.15188,0.08541,0.12256,0.048449,0.048628,0.0069517,0.0012644,0.00016645,3.9391e-05,0.00113,0.00039462,9.004e-05,0.0012017
3,0.067337,0.00014017,0.0038146,0.088464,0.41384,0.52117,0.89804,0.87901,0.87352,0.79051,0.80771,0.85015,0.702,0.27836,0.061575,0.0047935,0.0035442,0.0003097,0.00060481,0.00055818,0.0005288,0.0012743,0.2529,0.46398,0.73006,0.78824,0.30827,0.2987,0.17166,0.46998,0.70511,0.70436,0.54609,0.46759,0.05596,0.015434,0.00012742,0.00018425,0.00014043,0.0001429,0.00022606,0.00017717,0.0020724,0.022174,0.19,0.69108,0.66321,0.66252,0.40014,0.07401,0.27114,0.28192,0.18794,0.19757,0.33337,0.002228,0.00054356
3,0.093673,0.041813,0.021472,0.015872,0.0064776,0.0019231,0.001083,0.0031483,0.065081,0.0018048,0.0010825,0.00044485,0.00032276,0.00032772,0.00015273,0.00013623,0.00019885,0.0001401,0.00053926,0.062677,0.37837,0.37547,0.5,0.073893,0.090671,0.026679,0.058822,0.0049756,0.0016972,0.015017,0.0016226,0.00047747,0.0017333,0.028466,0.0034077
3,0.032045,0.047205,0.042334,0.039307,0.016519,0.020345,0.0249,0.00099058,0.021457,0.041961,0.073648,0.11827,0.21948,0.15613,0.13564,0.0050191,0.0010631,0.00022187,0.002694,8.4504e-05
3,0.86925,0.8576,0.40644,0.20727,0.27941,0.18198,0.27921,0.19687,0.22682,0.16323,0.10182,0.032666,0.021184,0.0034674,0.0022387,0.0010013,0.00062723,0.0017677,0.0010679,0.00032155
3,0.11445,0.053969,0.11459,0.17076,0.29656,0.019614,0.011959,0.002692,0.00085103,0.0031929,0.004433,0.035429,0.027138,0.0037952,0.0057137,0.012998,0.0014236,0.00094206,0.00033647,0.00077636,0.0035206,0.00087084
3,0.011449,0.087762,0.084928,0.29782,0.21879,0.17442,0.022994,0.006082,0.0046985,0.10694,0.0601,0.024736,0.0013056,0.00087343,0.0010713,0.00030232,0.00027659,0.0001724,0.00019342,0.00013902,0.00010207,7.5465e-05,7.9506e-05,8.4959e-05,0.00015023,0.029485,0.1977,0.33428,0.34547,0.14228,0.034749,0.021515,0.083125,0.068641,0.0071164,0.00047213,0.00037115,0.00022708,0.00056277,0.0011784,0.00013787
3,0.30176,0.17548,0.042195,0.20511,0.074105,0.0050788,0.001253,0.0026909,0.0071462,0.0085611,0.044574,0.011025,0.045458,0.068686,0.046015,0.060207,0.07906,0.03603,0.059304,0.008864,0.0049119,0.015896,0.077277,3.5773e-05
3,0.51958,0.18861,0.029691,0.024828,0.06155,0.096198,0.074641,0.041827,0.15603,0.078118,0.011932,0.0087153,0.030664,0.0057938,0.00052752,0.0012602,0.00151,0.20445,0.16745,0.28027,0.33683,0.47483,0.28668,0.84109,0.72844,0.32181,0.031021,0.01945,0.0071981,0.13861,0.010793,0.024274,0.005217,0.0029967
3,0.38248,0.079141,0.060719,0.011197,0.033513,0.095161,0.096118,0.070848,0.024645,0.0061667,0.025994,0.0090919,0.032229,0.13778,0.13112,0.048063,0.0027236,0.001766,0.0056328,0.00074251,0.0014427,0.00080906,0.00028256,0.00025844,0.0002622,0.00038383,0.0004521,0.0010554,0.016771,0.0061502,0.13361,0.45824,0.20247,0.21685,0.045085,0.022153,0.033953,0.54097,0.63523,0.31897,0.11309,0.16259,0.36636,0.26493,0.25077,0.057523,0.01121,0.0024889,0.00054456,0.0014437,0.00058524,1.5581e-05
3,0.039704,0.0046562,0.029284,0.0012101,0.0042056,0.01481,0.028055,0.0064741,0.00064962,0.012036,0.013792,0.011778,0.019759,0.0092745,0.013217,0.00029637,0.0039232,0.014238,0.0046637,0.0011099,0.0089114,0.13616,0.15184,0.5191,0.28219,0.23614,0.2429,0.25491,0.33401,0.06139,0.033662,0.074952,0.068806,0.14488,0.027408,0.01332,0.0034689
3,0.0051043,0.0015286,0.0012106,0.002239,0.0066971,0.012169,0.00061019,0.001599,0.00063334,0.00091462,0.00044444,0.00044542,0.00038091,0.00030812,0.00023307,5.0953e-05,0.0015576,0.022213,0.081562,0.2631,0.025195,0.099634,0.038503,0.088581,0.088826,0.026465,0.011585,0.036997,0.012258,0.012499,0.011933,0.038248,0.0060456,0.0041153,0.0011746,0.00041707,0.00037742,0.00032546,0.00032389,0.00013546,0.00020061,0.0001569,0.00018088,0.014788,0.051166,0.44194,0.32959,0.053252,0.011379,0.082646,0.0039207,0.0047158,0.0043563,0.0034791,0.00074864,0.00013221,7.6082e-05,6.18e-05,9.7045e-05,8.2602e-05,0.026146,0.086164,0.10318,0.20656,0.18751,0.24452,0.62747,0.94969,0.83302,0.18201,0.088793,0.013375,0.029676,0.01008,0.0075318,0.001854,0.015387
3,0.041377,0.041056,0.27834,0.040597,0.0072178,0.010236,0.22544,0.045441,0.37263,0.19278,0.19612,0.27247,0.62391,0.47534,0.11253,0.015499,0.0051356,0.00084223,0.00036629,0.022709,0.14677,0.7045,0.38652,0.31012,0.77087,0.67365,0.55617,0.59232,0.64256,0.48613,0.38926,0.14973,0.12973,0.38951,0.01876,0.001642
3,0.081187,0.0029049,0.00032259,0.0003496,0.0013419,0.0046061,0.0010665,0.0058552,0.031301,0.022684,0.02968,0.10659,0.048783,0.00038564,0.00026187,0.0070856,0.044308,0.27251,0.29722,0.35992,0.071441,0.0001021,0.084911,0.070479,0.12253,0.011623,0.0028226,0.00044846,0.0038523,0.0076444,0.0031518,0.0097783,0.0013227,0.057854,0.070552,0.012152,0.043293,0.0043688,0.001725,0.0018581,0.00093155
3,0.31061,0.056271,0.058854,0.083928,0.081846,0.073121,0.0067175,0.027441,0.096433,0.013708,0.005091,0.014915,0.017723,0.023375,0.040712,0.043923,0.012464,0.068863,0.061882,0.051283,0.20975,0.2979,0.18166,0.27737,0.03229,0.042893,0.024077,0.052282,0.29721,0.23417,0.20879,0.12177,0.037106,0.026556,0.014642,0.0081367,0.00051288,0.0002291
3,0.5,0.099664,0.035519,0.19553,0.14725,0.11522,0.42343,0.56205,0.78555,0.35047,0.49402,0.25952,0.43824,0.30543,0.2464,0.15302,0.58213,0.45899,0.43149,0.26668,0.1561,0.040901,0.020966,0.0026203,0.0018308,0.0010439,0.00047838,0.00035246,0.00028558,0.00015562,0.00032474,0.00030966,0.00022701,0.00069322,0.0021001,0.0062923,0.075355,0.72551,0.87044,0.71013,0.68051,0.64712,0.24762,0.37435,0.72431,0.82688,0.78539,0.28496,0.066444,0.023823,0.015006,0.019536,0.0015374
3,0.089587,0.054705,0.067659,0.11023,0.25516,0.20989,0.11254,0.025412,0.014999,0.021315,0.0029718,0.0021799,0.0029089,0.00038963,0.00027599,0.00018958,0.00019957,0.00016318,0.025265,0.40203,0.48903,0.59173,0.13126,0.13606,0.047786,0.031005,0.0096821,0.0059914,0.095512,0.08825,0.096549,0.01754,0.00051286,0.00067133,0.0064539,0.2602,0.58007,0.33383,0.47626,0.31505,0.21011,0.033996,0.023127,0.0059875,0.0077086,0.0024966,0.00023522,0.00030929,0.00016347,0.00013567,6.6277e-05,8.0442e-05,0.0001128,0.00014621,0.00020101,0.0010753,0.084997,0.18228,0.12653,0.38011,0.092032,0.13338,0.013677,0.0084465,0.00049625,0.00088602,0.00010163,6.5178e-05,5.0904e-05,0.00056471,0.006386,0.028813,0.18346,0.17039,0.085922,0.022745,0.0019806,0.00038679,0.00029116,0.0042662,0.13433,0.32906,0.54111,0.44722,0.14577,0.15184,0.0024373,0.0020589,0.00084531,0.00093443
3,0.24971,0.1846,0.14131,0.23927,0.53128,0.70368,0.5,0.13729,0.095078,0.015712,0.011973,0.00030287,0.00041243,8.0324e-05,0.00011639,6.8439e-05,7.2269e-05,0.00051279,0.020583,0.1989,0.097309,0.073557,0.041078,0.013068,0.0075672,0.055063,0.028584,0.019587,0.028037,0.034715,0.02502,0.046795,0.077798,0.11447,0.0089572,0.0035753,0.00053752,0.0001072,9.6841e-05,0.00014686,5.8596e-05,6.159e-05,0.0055068,0.4374,0.43732,0.6812,0.7315,0.3293,0.48667,0.39169,0.3093,0.21531,0.38454,0.31269,0.49072,0.27115,0.21974,0.012358,0.0017136
3,0.025063,0.020153,0.0054253,0.0048089,0.0063565,0.0009024,0.000471,0.00087161,0.0017219,0.022072,0.0044495,0.00017149,0.00026372,0.00021061,0.0035142,0.0068607,0.010141,0.0014081,0.0014353,0.00040466,0.0016075,0.0054016,4.5829e-05,0.00010116,0.0003021,0.0038938,0.01244,0.011159,0.0064541,0.010426,0.0022218,0.0011312,0.002956,0.00082831,0.0033353,0.020988,0.035382,0.062737,0.027176,0.069908,0.081448,0.13634,0.067205,0.016257,0.05893,0.067209,0.034503,0.27504,0.29616,0.035815
3,0.14314,0.20667,0.13483,0.018014,0.00028898,0.0010538,0.00023416,0.00016908,0.00017966,0.012439,0.26393,0.18366,0.15413,0.04729,0.016356,0.001186,0.0029958,0.0093672,0.10552,0.076464,0.03366,0.020812,0.008529,0.010573,0.0033539,0.00033463,0.00030899,0.00020375,0.00013084,0.00019787,0.00015123,8.5125e-05,7.4121e-05,0.012576,0.064711,0.050293,0.021816,0.019829,0.013311,0.013975,0.03791,0.009971,0.015275,0.0073604,0.0029805,0.0013916,0.043049,0.10988,0.18435,0.1963,0.10631,0.017805,0.0063484,0.0050251,0.0085014,0.038417,0.33509,0.63844,0.77997,0.96482,0.95985,0.98675,0.95014,0.85326,0.56503,0.15878,0.04463,0.00068717
3,0.01176,2.5432e-05,0.00065085,0.0027483,0.014849,0.064096,0.069725,0.001738,0.0095563,0.026338,0.0092283,0.025253,0.018617,0.0008769,0.00018764,0.00028529,0.002444,0.0050365,0.13361,0.73849,0.8104,0.8094,0.59993,0.34196,0.31965,0.46497,0.068499,0.20072,0.29627,0.35828,0.52776,0.37769,0.23449,0.1801,0.084628,0.0012948,0.0053305,0.0076511,0.0043651,0.00047081
3,0.014205,0.0025401,0.0095152,0.079036,0.066004,0.0024017,0.21502,0.19348,0.098251,0.035319,0.072348,0.24957,0.15029,0.17106,0.0341,0.003072,0.00030976,0.00012664,0.00023418,0.00011067,6.1525e-05,8.5658e-05,0.00011903,0.00015534,9.1726e-05,0.00012932,0.00014264,0.00019272,0.065242,0.10293,0.33577,0.38069,0.63591,0.60161,0.19443,0.043625,0.31219,0.03195,0.048431,0.5,0.14216,0.15218,0.39966,0.12237,0.093344,0.16897,0.087681,0.014011,0.0024184
3,0.02783,0.096944,0.054103,0.020934,0.044195,0.10006,0.030091,0.0092338,0.038809,0.035331,0.019449,0.002365,0.0011485,0.00093664,0.00063356,0.00041897,0.00032179,0.00019535,0.00019507,6.4916e-05,5.2937e-05,7.3562e-05,6.4848e-05,5.3032e-05,8.8382e-05,7.8085e-05,0.036963,0.26442,0.72358,0.63922,0.42413,0.078167,0.060061,0.050865,0.24065,0.22087,0.23181,0.054524,0.028195,0.10451,0.018391,0.0041057,0.0073717,0.033737,0.047735,0.002207,0.0022747
3,0.1039,0.0015353,0.0053637,0.0079535,0.0029498,0.010646,0.020473,0.021866,0.013276,0.084166,0.01463,0.0066715,0.070081,0.03035,0.048551,0.0046527,0.00063033,0.00080083,0.0011007,4.5927e-05,4.6275e-05,0.00024046,0.011386,0.32791,0.67402,0.62877,0.63804,0.41415,0.072739,0.098906,0.049074,0.026637,0.039899,0.017576,0.0051204,0.0090609,0.004044,0.0021981,0.00049275
4,0.00069647,0.0013829,0.022854,0.38894,0.24933,0.56226,0.47507,0.1643,0.060903,0.095772,0.17794,0.14755,0.090476,0.026397,0.013808,0.024118,0.008823,0.0046779
4,0.6975,0.47828,0.37462,0.41066,0.87436,0.81729,0.91347,0.84057,0.72301,0.12858,0.016337,0.02718,0.019987,0.024527,0.01705,0.059641,0.0012181
4,0.061091,0.033396,0.065358,0.30896,0.20159,0.35671,0.59013,0.52601,0.59343,0.29455,0.088101,0.024666,0.0073082,0.0064598,0.0060138,0.0091547,0.00099849,0.0049238
4,0.13971,0.17013,0.41186,0.61208,0.52785,0.62761,0.44345,0.25933,0.032465,0.0090272,0.091385,0.074413,0.16399,0.30478,0.0053727,7.6741e-05
4,0.28681,0.093542,0.43565,0.61087,0.38405,0.53694,0.56954,0.35812,0.07031,0.0086675,0.23108,0.07758,0.086217,0.093461,0.0029842,0.0012589
4,0.20399,0.16802,0.026061,0.50766,0.19351,0.44844,0.79177,0.79487,0.60326,0.44371,0.5,0.23557,0.23826,0.047165,0.0037462,0.002381,9.3044e-05
4,0.04145,0.017455,0.13609,0.53561,0.18476,0.17801,0.10467,0.043474,0.16723,0.48214,0.75657,0.89047,0.83525,0.43018,0.07951,0.032526,0.16129,0.016674
4,0.44486,0.25525,0.072041,0.17238,0.33082,0.20023,0.21508,0.4288,0.32333,0.32271,0.13347,0.058517,0.014146,0.12284,0.060618,0.00079427,0.0006884
4,0.33703,0.21709,0.19024,0.078138,0.20881,0.47917,0.90889,0.88119,0.74281,0.16431,0.015709,0.027412,0.03936,0.0093595,5.1606e-05
4,0.97644,0.89643,0.77122,0.6766,0.66496,0.43017,0.44007,0.75869,0.57482,0.51274,0.23033,0.060599,0.016167,0.001229,0.0047401,3.7128e-06
4,0.0052652,0.0032209,0.0085449,0.020243,0.0076322,0.0033751,0.22243,0.56328,0.55539,0.5,0.91163,0.92531,0.40001,0.14787,0.044519,0.00037425
4,0.44759,0.16387,0.0075305,0.0016065,0.14286,0.78188,0.86713,0.52138,0.52352,0.20685,0.45545,0.64685,0.40138,0.03704,0.032233,0.023717,0.020364,0.0025108
4,0.39685,0.43589,0.28859,0.10252,0.24923,0.53656,0.68296,0.59737,0.33058,0.51198,0.2603,0.44219,0.5574,0.64343,0.40811,0.13147,0.0092621,0.0035257,0.0032239,0.0016302,0.00016685
4,0.33531,0.18678,0.050688,0.33631,0.86713,0.84543,0.67312,0.42909,0.51993,0.47225,0.038905,0.0013912,0.0067633,0.0039934,0.0041227,0.0003302
4,0.0078152,0.0023001,0.0070604,0.0065438,0.11737,0.65142,0.80568,0.67867,0.6411,0.6809,0.7856,0.6079,0.56899,0.73961,0.72801,0.22015,0.38655,0.58398,0.027473,0.0039504,0.00023776
4,0.51308,0.40969,0.29658,0.76728,0.6452,0.61908,0.77202,0.54035,0.45452,0.80334,0.24205,0.058477,0.040632,0.044329,0.0069145,0.0085212,0.00012097
4,0.43426,0.74679,0.79524,0.97129,0.85911,0.91779,0.72054,0.72183,0.8756,0.86977,0.69894,0.34723,0.51657,0.59336,0.28175,0.31751,0.13888,0.24079,0.041849,0.034863,0.046585,0.077709,0.015472,0.062127,0.013445,0.19792,0.022097,0.0054003,0.0034996,0.0041769,0.00035444,0.0015336,0.0012317,8.6818e-05
4,0.52569,0.38112,0.28266,0.18906,0.78812,0.82241,0.8065,0.77032,0.87238,0.92944,0.61652,0.5,0.61779,0.14351,0.44403,0.15224,0.10793,0.094362,0.47477,0.42896,0.66667,0.72427,0.78323,0.46296,0.39996,0.65138,0.78025,0.62475,0.5,0.68226,0.13997,0.010049,0.0056194
4,0.58546,0.5,0.47645,0.66691,0.94817,0.95234,0.90089,0.96678,0.97096,0.8393,0.91078,0.58061,0.22018,0.61373,0.34229,0.36002,0.33945,0.65978,0.55024,0.67539,0.70451,0.73138,0.52742,0.14792,0.25049,0.21096,0.20966,0.35413,0.33429,0.022916,0.017668
4,0.33518,0.34882,0.28611,0.75561,0.89864,0.84797,0.30818,0.59421,0.44575,0.43471,0.59387,0.544,0.56914,0.57779,0.74024,0.82799,0.67942,0.73808,0.68533,0.55688,0.43787,0.30797,0.57352,0.42756,0.5,0.75167,0.39618,0.38293,0.27514,0.11147,0.021253,0.015626
4,0.43183,0.21235,0.16054,0.37933,0.64239,0.60643,0.75255,0.94097,0.85911,0.67407,0.68861,0.78201,0.53219,0.75099,0.53578,0.15419,0.33528,0.41397,0.68883,0.78143,0.5,0.7589,0.72704,0.16544,0.034011,0.38876,0.19985,0.15511,0.22744,0.039267,0.00252,0.0034437
4,0.23227,0.35877,0.028661,0.05882,0.060608,0.022082,0.016179,0.78017,0.52469,0.82928,0.86461,0.77037,0.31616,0.52424,0.23404,0.7648,0.25621,0.090399,0.050772,0.26514,0.0071238
4,0.15096,0.29468,0.37339,0.37056,0.32758,0.48005,0.30897,0.64492,0.64959,0.67344,0.4417,0.62875,0.75177,0.29397,0.013961,0.0051041,0.060836,0.004573,7.3204e-05
4,0.70213,0.86238,0.50833,0.69738,0.86201,0.84355,0.78984,0.9348,0.86951,0.62216,0.6192,0.28942,0.28854,0.37921,0.40833,0.14107,0.070311,0.24335,0.0035527
4,0.84307,0.43387,0.37929,0.21396,0.052073,0.087077,0.1717,0.17456,0.21412,0.32299,0.25296,0.2498,0.23647,0.44257,0.013384,0.0025281,0.037154,0.0020127
4,0.069375,0.052582,0.030625,0.12837,0.2855,0.50529,0.35454,0.41507,0.10346,0.64064,0.45303,0.15531,0.62306,0.53636,0.53757,0.087521,0.008817,0.0019815,0.0061217,0.31385,0.091528,0.16837,0.011744,0.0012657
4,0.40372,0.74605,0.33876,0.36571,0.2587,0.16468,0.53082,0.72613,0.8352,0.93417,0.65154,0.75667,0.78515,0.88606,0.82037,0.81724,0.70516,0.71372,0.85058,0.81752,0.66028,0.61372,0.19551,0.053243,0.021382
4,0.8548,0.31014,0.76672,0.63481,0.80377,0.69903,0.85942,0.91587,0.84325,0.91257,0.67969,0.63456,0.41701,0.82924,0.77052,0.56012,0.62104,0.70272,0.20559,0.0584,0.0022034,0.061183,0.025239,0.011749
4,0.88487,0.75279,0.56208,0.82853,0.69207,0.58152,0.55184,0.63109,0.51783,0.75748,0.93963,0.82879,0.73307,0.87072,0.41992,0.31817,0.43731,0.22844,0.29148,0.059739,0.01493,0.00054845,4.5099e-05
4,0.48858,0.80083,0.5,0.27648,0.51646,0.30268,0.27359,0.68437,0.77905,0.77826,0.90822,0.68495,0.39985,0.31667,0.60821,0.31043,0.29506,0.058701,0.30091,0.089598,0.45511,0.090218,0.023807,0.024506,0.00017672
4,0.71563,0.23133,0.36299,0.92914,0.56048,0.15603,0.14385,0.35204,0.24327,0.27409,0.07286,0.1042,0.043708,0.024538,0.27903,0.17587,0.17228,0.19585,0.13476,0.30003,0.39501,0.29604,0.32897,0.39623,0.16514,0.091975,0.0083816,0.0011976,0.00048402,0.00085624
4,0.69396,0.015268,0.0051533,0.017393,0.088746,0.18017,0.17286,0.29566,0.12698,0.38021,0.45926,0.35444,0.54283,0.38438,0.89529,0.91957,0.80026,0.81417,0.96849,0.93968,0.88354,0.90852,0.61159,0.21567,0.80716,0.016776,0.0028993
4,0.8634,0.54028,0.55152,0.096726,0.037943,0.056449,0.20505,0.24249,0.52527,0.72233,0.74794,0.27179,0.41986,0.33098,0.59852,0.75991,0.62221,0.46108,0.65932,0.71129,0.50855,0.71758,0.19229,0.16704,0.090001,0.011015,0.0001103,4.3271e-06
4,0.95098,0.48071,0.60409,0.85078,0.54845,0.18852,0.21558,0.19136,0.23284,0.25423,0.54429,0.63967,0.40997,0.28732,0.65153,0.85507,0.77893,0.8054,0.89462,0.92033,0.75185,0.4819,0.27106,0.088945,0.0065747,0.0027834,0.00092963
4,0.35063,0.080065,0.019321,0.027117,0.11126,0.036593,0.026517,0.071506,0.22774,0.089934,0.066471,0.051641,0.065927,0.075935,0.42993,0.17814,0.27924,0.067042,0.25667,0.22587,0.4199,0.35433,0.45809,0.5548,0.48719,0.69573,0.53846,0.67728,0.099236,0.0060673,0.0028139
4,0.30544,0.10905,0.017893,0.016912,0.017988,0.014456,0.11622,0.2588,0.28191,0.081143,0.048906,0.15622,0.70362,0.58128,0.71205,0.82488,0.73356,0.48749,0.93197,0.92076,0.85392,0.87827,0.66961,0.44892,0.088038,0.091286,0.19934,0.028089
4,0.53115,0.68169,0.3355,0.047229,0.058532,0.040338,0.36876,0.39673,0.6191,0.82002,0.79219,0.81774,0.45181,0.10583,0.08132,0.035089,0.036635,0.069772,0.51782,0.42751,0.50827,0.51357,0.28601,0.086081,0.57371,0.17989,0.24969,0.41404,0.27151,0.27789,0.25243,0.16523,0.17071,0.07832,0.024574,0.0093171
4,0.024832,0.0034491,0.048835,0.74058,0.26074,0.17494,0.74297,0.8458,0.91092,0.45837,0.68917,0.61235,0.56597,0.13611,0.21057,0.81825,0.73116,0.84117,0.67328,0.33868,0.11853,0.13293,0.60723,0.59611,0.82095,0.8793,0.79364,0.57059,0.77771,0.92274,0.76666,0.74953,0.58619,0.36486,0.2007,0.041936,0.0003124
4,0.12609,0.079325,0.062025,0.089584,0.015176,0.087213,0.15686,0.61201,0.47304,0.30359,0.5996,0.44473,0.23678,0.21216,0.56958,0.43149,0.61321,0.56551,0.19294,0.014694,0.0044482,0.010321,0.025676,0.059304,0.12652,0.28794,0.47105,0.25821,0.72765,0.87907,0.74204,0.81146,0.3896,0.52266,0.24891,0.11335,0.020808,0.00021434
4,0.53299,0.55313,0.75116,0.85921,0.80892,0.64826,0.797,0.93732,0.97215,0.95718,0.97251,0.85776,0.69973,0.38213,0.31514,0.2934,0.5703,0.65818,0.8079,0.39839,0.061703,0.26139,0.25356,0.43183,0.35461,0.56927,0.17709,0.48712,0.29322,0.46351,0.31794,0.4301,0.24734,0.060326,0.061711,0.25473,0.11122,0.059705,0.00036135
4,0.81425,0.64746,0.21631,0.18333,0.13016,0.18593,0.11223,0.76485,0.86271,0.10311,0.11402,0.060927,0.13697,0.07941,0.16416,0.086014,0.1906,0.43048,0.4688,0.33864,0.38415,0.25918,0.19043,0.31933,0.38801,0.42498,0.22655,0.5,0.89089,0.85779,0.93683,0.5,0.043017,0.0082112,0.00084433,0.00079676,6.6617e-05
4,0.60513,0.54878,0.29061,0.069047,0.0085198,0.002241,0.0008798,0.0060783,0.86798,0.53666,0.41863,0.29121,0.36451,0.20895,0.25831,0.19187,0.82162,0.74569,0.83875,0.3567,0.28719,0.056606,0.0026768,0.000713,2.7965e-05
4,0.23017,0.068867,0.03272,0.079988,0.093107,0.23027,0.22851,0.44055,0.59285,0.82055,0.58647,0.55004,0.083446,0.0279,0.043387,0.0054621,0.098753,0.64623,0.76022,0.81512,0.96216,0.83795,0.83137,0.77625,0.15934,0.072611,0.0022606
4,0.31244,0.0081342,0.021847,0.11376,0.13919,0.034507,0.056764,0.022416,0.45869,0.68561,0.79627,0.89068,0.81042,0.39434,0.30862,0.18576,0.10509,0.27499,0.5,0.54327,0.50796,0.42808,0.64179,0.69561,0.55478,0.17616,0.079124,0.05051,0.0018039
4,0.40875,0.21091,0.21825,0.24935,0.17794,0.0094733,0.025732,0.016616,0.64252,0.21179,0.11654,0.24382,0.16575,0.34787,0.52294,0.20324,0.55609,0.66987,0.54636,0.67246,0.58133,0.5,0.25009,0.068109,0.0061929,0.0081599
4,0.77836,0.63511,0.23058,0.65301,0.28423,0.12576,0.16456,0.12497,0.80116,0.68996,0.70792,0.57521,0.23559,0.078159,0.16558,0.11449,0.20644,0.28339,0.60309,0.2907,0.35954,0.095433,0.059923,0.0529,0.062296,0.12031,0.0070081
4,0.452,0.3156,0.63377,0.61133,0.41868,0.035808,0.063964,0.030162,0.073736,0.41095,0.84221,0.86303,0.63588,0.8291,0.21615,0.56029,0.45237,0.046947,0.027797,0.20322,0.042322,0.00094927,0.00096726
4,0.1776,0.20666,0.59334,0.79487,0.66256,0.17964,0.074838,0.15335,0.33129,0.25029,0.47116,0.28249,0.11677,0.015137,0.022977,0.008141,0.22983,0.10403,0.095954,0.36586,0.050122,0.002615,5.2306e-05
4,0.0040548,0.013855,0.014144,0.16517,0.22799,0.054067,0.063772,0.041736,0.15055,0.64811,0.51057,0.83681,0.7529,0.78666,0.83656,0.44892,0.23635,0.28736,0.30054,0.13413,0.29694,0.13646,0.016923,0.0034137
4,0.90521,0.9344,0.93612,0.9228,0.66527,0.46263,0.34561,0.32107,0.79437,0.96781,0.99549,0.98118,0.97079,0.2687,0.11492,0.032446,0.015658,0.061604,0.13826,0.0022993,0.0054591,8.3562e-05
4,0.048041,0.075742,0.047648,0.26652,0.4024,0.29235,0.45055,0.267,0.052864,0.080409,0.55594,0.83192,0.97147,0.89712,0.83229,0.52691,0.15502,0.068999,0.20478,0.16828,0.13246,0.18001,0.14334,0.0059368
4,0.81809,0.88249,0.90746,0.70117,0.81845,0.73883,0.445,0.35317,0.22209,0.85735,0.97098,0.93435,0.68192,0.76278,0.12187,0.04201,0.032416,0.056574,0.0898,0.25341,0.098898,0.0080445,1.4602e-05
5,0.084509,0.068438,0.0018313,0.00093331,0.0014209,0.0068638,0.055232,0.025952,0.13296,0.10704,0.071234,0.0072871,0.0058082,0.00053374,0.001133,0.0011932,4.6365e-05,8.2037e-05,0.00011775,7.0947e-05,1.5514e-05,1.384e-05,0.003169,0.0041447,0.0017458,0.005822,0.0002086
5,0.037357,0.0044747,0.020386,0.027605,0.54598,0.4512,0.45656,0.010661,0.0095351,0.0027295,0.00023433,8.3675e-05,0.0077428,0.012639,0.047194,0.16345,0.064748,0.0054696,1.0262e-05
5,0.00045506,8.5707e-06,5.4484e-06,0.00065547,0.0033806,0.69443,0.085965,0.018813,0.036037,0.013562,0.0022814,0.0079399,0.0025785,0.00041624,7.8233e-05,0.00098426,0.017078,0.041993,0.037982,0.078383,0.021032,0.0012091,0.024764,4.7477e-05
5,0.0018206,9.5401e-06,1.927e-05,5.9582e-05,0.00015661,0.00018201,0.00052328,0.00070623,0.00021826,7.6491e-05,0.002019,0.0017794,0.00015151,4.4169e-05,7.3374e-06,1.9788e-06,6.9554e-07,7.4251e-05,0.10215,0.13909,0.20786,0.56462,0.15811,0.0067111,1.0232e-05
5,0.0071348,0.0034626,0.0037381,0.0031373,0.0017049,0.00017589,0.0029799,0.0045277,0.0015121,0.0020387,0.06972,0.041921,0.018991,0.11358,0.060991,0.0005191
5,0.0033504,4.4293e-05,0.004071,0.092139,0.0087523,0.0025131,0.011712,0.028839,0.098064,0.068432,0.06435,0.024772,0.14999,0.073236,0.027515,0.0052845,0.067187,0.0005137,0.0026423
5,1.0744e-05,6.842e-07,8.7155e-07,3.9967e-05,0.0001879,0.0066209,0.015463,0.021194,0.042901,0.05729,0.010362,0.0060516,0.0089767,0.0060368,0.0072522,0.1506,0.074847,0.23603,0.11511,0.13656,0.061568,0.00010638
5,0.024728,0.00015935,0.018046,0.0024257,0.040124,0.027059,0.11449,0.1285,0.021341,0.045377,0.18413,0.076446,0.089691,0.010317,0.0056203,0.0029071,0.0011611,0.0053479,0.0020573,0.006789,0.0041779,0.0010815,0.019633,0.67527,0.7305,0.85174,0.71831,0.57646,0.10279,0.03116,0.018788,0.023441,0.043186,0.0090204,0.052915,0.010445,0.034813,0.03939,0.027112,0.035323,0.02891,0.0012594
5,0.03261,0.035873,2.4514e-05,0.0010503,0.00016246,0.00053546,0.00046654,0.062514,0.10717,0.064497,0.024514,0.053994,0.48501,0.21357,0.05847,0.0067221,0.0018112,0.0001963,0.00012523,0.0023683,0.019396,0.04955,0.18717,0.20715,0.20032,0.16655,0.23351,0.035155,0.027151,0.012953,0.0032142,0.00048872,0.022617,0.011136,0.022093,0.14263,0.34397,0.138,0.10463,0.057827,0.018519,0.0062654,0.0017104,0.0007147,0.00031619,0.001504,0.0010889,0.0048238,0.0038688,0.0023557,0.00082222,0.0010706
5,0.05258,0.023248,0.0063517,0.0058136,0.0091502,0.10007,0.30236,0.032355,0.14403,0.023525,0.036605,0.12249,0.058987,0.027029,0.021772,0.011935,0.0053535,0.0065986,0.0094921,0.026741,0.0095176,0.016112,0.002414,0.0037565,0.0037212,0.0030235,0.00080516,0.0001089,0.00041102,0.00019808,0.0011163,0.069037,0.19244,0.0018324
5,0.0033799,0.0074502,0.0057738,0.43857,0.68906,0.55319,0.030139,0.03663,0.0090268,0.0024541,0.0074401,0.036811,0.054196,0.19406,0.047812,0.041796,0.10432,0.12911,0.015105,0.0088414,0.021652,0.0098326,0.0082883,0.03998,0.028381,0.00078995,0.00026669,0.00045117,2.0539e-05,6.5955e-06,2.2412e-06,7.2014e-05,0.010259,0.01289,0.00082826,0.01395,0.18133,0.00021951
5,0.029249,0.019437,0.042249,0.38474,0.25009,0.14835,0.038167,0.0084286,0.0015835,0.0038724,0.042192,0.019845,0.026932,0.12144,0.1548,0.01032,0.0048008,0.0004921,0.0010274,0.0062887,0.0069965,0.00087902,0.0074704,0.0058808
5,0.061284,0.014998,0.0083698,0.018056,0.014061,0.037271,0.014239,0.0063425,0.0075588,0.0017799,0.015617,0.023213,0.0064552,0.030372,0.096362,0.037352,0.068124,0.1169,0.032404,0.048222,0.22251,0.078718,0.23653,0.028069,0.013924,0.009334,0.038502,0.0081668,0.0036439,0.00016793,0.001407
5,0.0070047,0.0044463,3.1821e-05,9.4781e-05,0.00015879,1.9669e-05,0.00046263,0.00044126,0.0024127,0.0023458,0.0046732,0.0020882,0.00043077,0.0095439,0.29172,0.84323,0.53004,0.70698,0.6726,0.62225,0.27923,0.33511,0.085393,0.0014742,0.00023729,0.0015161,0.075085,0.01237,0.073844,0.018024,0.0036426
5,0.14362,0.12063,0.29489,0.10271,0.33282,0.14662,0.36122,0.4481,0.6687,0.68277,0.4558,0.36795,0.030099,0.018661,0.016427,0.00042118,0.00083907,0.03391,0.18746,0.34603,0.19017,0.0059303,0.00019851,5.5199e-06,2.0713e-06,5.7849e-07,0.00066521,0.01169,0.010395,0.028312,0.0055604,0.00067323,9.6146e-05,0.00014094,0.0002986,0.00076732,0.00049082,0.0013794,0.00017786,0.002673,0.0055191,0.0094841,0.012156,0.02664,0.019571,0.0060381,0.0028788,0.010732,0.0016838,0.0047375,0.00044881
5,0.038144,0.024209,0.29769,0.31359,0.836,0.87922,0.90609,0.71216,0.30648,0.20807,0.22655,0.22605,0.19593,0.15285,0.060797,0.011807,0.011488,0.032275,0.075071,0.1521,0.051515,0.068664,0.023572,0.0075551,0.0030562,0.0097039,0.001075,0.00095627,0.00083926,0.0017327,0.0030134,0.0038996,0.011636,0.036856,0.0020631,0.10974,0.36768,0.13504,0.62677,0.28885,0.22949,0.22968,0.011608,0.060781,0.0093166,0.00016411
5,0.0050593,0.0018517,0.00016955,0.012542,0.0075638,0.045902,0.16649,0.090137,0.073033,0.012906,0.019071,0.026783,0.056098,0.12865,0.061625,0.016634,0.002687,0.026629,0.025427,0.0078959,0.049725,0.042294,0.0096713,0.0090132,0.019313,0.0036559,0.00063305,0.00018828,0.0011244,0.00042712,0.0059918,0.012724,0.67553,0.28673,0.060733,0.012321,0.098064,0.00025271
5,0.16883,0.010958,0.043833,0.092345,0.10151,0.028784,0.04928,0.021323,0.25772,0.53618,0.9146,0.026391,0.010759,0.00064688,0.00021669,1.2385e-05,0.0019218,0.17129,0.20847,0.30327,0.48907,0.73726,0.16837,0.020843,0.085026,0.46525,0.0033275
5,0.0067659,0.004043,0.00033159,0.0012834,0.020396,0.042111,0.22849,0.048488,0.020582,0.0035675,0.00033353,9.7272e-05,5.0229e-05,0.0001732,0.00097868,0.023264,0.00063497,0.0011778,0.0051338,0.10524,0.19092,0.02807,0.0019194,0.00021892,0.00023375,0.0033583,0.0014885,3.9987e-05,6.3036e-06,0.00013628,0.00058889,5.4703e-05
5,0.012833,0.0048403,0.001952,0.0023543,0.052303,0.17759,0.10229,0.04439,0.033735,0.0013077,0.0011869,0.067471,0.0038865,0.022084,0.035712,0.0065479,0.00010335,5.0391e-05,3.5541e-05,2.3703e-05,1.5089e-05,4.8918e-06,0.0035148,0.014427,0.01051,0.068127,0.29081,0.33009,0.0027611
6,0.087618,0.11624,0.22923,0.32822,0.30492,0.47646,0.0091751,0.0042947,0.0067161,0.0014684,0.00091828,0.00093817,0.0010423,6.0394e-05,0.00057416,0.00012518
6,9.4485e-05,0.00020487,0.00065159,0.016925,0.15007,0.10172,0.065242,0.0095348,0.0013537,0.00012105,1.5805e-05,1.8995e-06,0.00014415,0.0040512,0.016879,0.22625,0.45174,0.0042782,0.0020692
6,0.45079,0.38452,0.48665,0.48833,0.32976,0.37862,0.36177,0.15069,0.024484,0.0017882,0.0024901,0.0039503,0.00069152,0.00036747,0.00046073
6,0.0098038,0.014499,0.018202,0.05716,0.048755,0.020632,0.012282,0.030649,0.00029121,0.00010096,3.823e-06,1.0034e-07,1e-07,0.00028517,0.0002013,0.00031184,0.00012531
6,0.0013246,0.0022377,0.020005,0.076319,0.052171,0.029443,0.036031,0.060154,0.0022582,0.001126,0.0015927,0.0004379,0.043354,0.052267,0.061398,0.0064865
6,0.0089102,0.0020036,0.0058113,0.0097425,0.0068431,0.00091294,0.000801,8.0456e-05,0.00017058,0.00010415,3.2789e-05,0.018361,0.015809,0.032828,0.0046236,0.010417
6,0.015538,0.0036176,0.010312,0.06012,0.049025,0.03796,0.020117,0.036782,0.096015,0.018546,0.0042159,0.001177,0.0003781,0.001217,0.001674,0.0018973
6,0.055321,0.018893,0.0852,0.037353,0.0097946,0.0042538,0.0014043,0.00069919,0.002958,0.0010963,0.00038385,0.014512,0.005579,0.013803,0.033833,0.014051,0.019921
6,0.052167,0.066567,0.19098,0.35601,0.53698,0.4294,0.067988,0.07061,0.067528,0.088431,0.32132,0.15813,0.13466,0.02283,0.00073257
6,0.00030083,0.00086358,0.0023856,0.11924,0.23833,0.46485,0.10366,0.057192,0.07502,0.02171,0.00091968,0.003371,0.012415,0.00055583,0.00080163,0.00013021
6,0.0045306,0.007087,0.0058546,0.009309,0.061661,0.034131,0.065696,0.035042,0.039777,0.026549,0.017687,0.0070176,0.011489,0.60694,0.0196,0.00013336
6,0.00019147,4.0051e-05,8.97e-05,0.0010967,0.0014157,0.0010122,0.0018278,0.025175,0.019309,0.0075078,0.00095951,0.00047932,0.00092934,0.026379,0.016546
6,0.0046762,0.0032138,0.0064395,0.0047625,0.027951,0.036207,0.012222,0.048034,0.0047989,0.00074445,0.00030085,0.0016042,0.0026843,0.0020631,0.00099441,0.00035243,6.1024e-05,0.0021725,0.0066249,0.028117,0.033781,0.011594,0.010965,0.0032905,0.00033762,0.0020353,0.002134,0.0052406,0.020341,0.0063355,0.015217
6,0.082561,0.016522,0.0093177,0.046358,0.063529,0.10946,0.078976,0.023288,0.015173,0.0075533,0.0064458,0.0014399,0.0052241,0.0046293,0.020785,0.036183,0.048696,0.0083386,0.00216,0.012973,0.0044858,0.005229,0.0043247,0.012013,0.004138,0.013574
6,0.034705,0.0041618,0.00029853,0.0015161,0.0095475,0.0207,0.033017,0.02069,0.064742,0.19687,0.53098,0.19372,0.20845,0.23637,0.2969,0.30473,0.50533,0.00085319,0.54059,0.51458,0.28735,0.55132,0.2853,0.081257,0.059608,0.13171,0.015702,0.0033593
6,0.16293,0.05963,0.026519,0.0409,0.070757,0.088824,0.5,0.29141,0.081933,0.0377,0.0036125,0.020873,0.074964,0.017358,0.0024893,0.010445,0.0052489,0.0028276,0.033966,0.023624,0.0062089,0.00010397,0.00041967,0.0025418,0.0011362,0.016137,0.066049,0.0015058,0.0019824,7.7508e-05
6,0.052056,0.025197,0.00068902,0.00027299,7.5654e-05,0.00013026,0.00024721,0.00019701,1.9846e-05,2.3846e-05,0.00022981,0.0006994,0.00059561,0.0011998,0.00029373,0.0022932
6,0.0089822,0.003902,0.020803,0.013011,0.0070982,0.0066749,0.012043,0.0205,0.043417,0.0051041,0.0012506,0.00046996,0.00011244,6.6655e-05,8.1121e-05,0.00084706,0.0041219,0.012674,0.00048791
6,0.3147,0.20441,0.016997,0.0081989,0.00061487,0.00055282,0.029223,0.059213,0.080079,0.083198,0.10292,0.017608,0.010484,0.0073919,0.023248,0.0050882
6,0.027902,0.10741,0.064508,0.024751,0.020696,0.0026376,0.0014729,0.013384,0.0049702,0.00099559,0.007437,0.0089194,0.012158,0.013153,0.0068431,0.035023,0.14474,0.043216,0.09346,0.062018,0.0078131,0.00032568,0.00034736,0.015926,0.0057432,0.028782,0.072757
6,0.0091915,0.0063764,0.037638,0.11383,0.018586,0.013243,0.037929,0.019724,0.0030808,0.0025093,0.005158,0.0055885,0.010658,0.0021394,0.0016319,0.0053174,0.0023781,0.005975,0.041731,0.083813,0.0036363
6,0.059319,0.037312,0.06885,0.10016,0.0082032,0.016612,0.019887,0.041198,0.027402,0.035936,0.011596,0.029733,0.0027447,0.0031054,0.067944,0.046656,0.1275,0.21246,0.068654,0.07782,0.00014615
6,0.0068332,0.0026095,0.0003813,0.0014102,0.00042283,0.002685,0.0018101,0.0091527,0.0019279,0.021181,0.023837,0.010608,0.010263,0.015358,0.0012786,0.0051142,0.012195,0.024773,0.027492,0.064921,0.53166,0.055828,0.00013991
6,0.0023855,0.00049737,9.859e-05,0.0014193,0.00093832,0.00021432,0.00031269,0.0025696,0.034156,0.039116,0.09056,0.030448,0.0014367,0.00070103,0.13933,0.2719,0.23308,0.11901,0.047975,0.022002,0.034539,0.0031082,0.0010447,0.002817,0.0032416,0.0021466,0.0014365,0.0011746,0.00068025,0.0030523,0.0015156
6,0.079633,0.17806,0.1642,0.13756,0.018253,0.023207,0.064796,0.035364,0.017659,0.0051116,0.014264,0.0011906,0.011399,0.018745,0.0033552,0.0084195,0.057311,0.026138,0.0091644,0.0013258,0.0032293,0.0011049,0.0050596,0.0056134,0.00079138
6,0.043408,0.0054927,0.0096286,0.021965,0.018364,0.01016,0.024774,0.021423,0.039333,0.036922,0.013826,0.0064572,0.018209,0.0024202,0.00026359,0.0064083,0.0002275,0.011559,0.012476,0.0038839,0.015627,0.0067255,0.0055849,0.0022565,0.00045138
6,0.13223,0.12196,0.087713,0.3713,0.45082,0.20041,0.38035,0.64571,0.24817,0.15939,0.15424,0.060011,0.079084,0.028567,0.025439,0.061247,0.039875,0.011787,0.0035403,0.0019482,0.0015136,0.0034345,0.010691,0.012393,0.015865,0.048175,0.19034,0.48119,0.1439,0.23522,0.051874,0.11281,0.023958
6,0.004952,0.011668,0.0074443,0.001719,0.0011917,0.0024325,0.00024498,0.00056192,0.0027666,0.0035889,0.0069035,0.0060748,0.0046026,0.020789,0.018437,0.017206,0.022771,0.012565,0.00043057,3.2228e-05,2.278e-05,4.1314e-06,2.0623e-06,0.00045091,0.0054818,0.013958,0.01401,0.42,0.16394,0.22678,0.14875,0.0043776
6,0.087815,0.070317,0.12607,0.027823,0.065308,0.082004,0.067731,0.021033,0.0028282,0.0055085,0.0071492,0.0064659,0.00059732,0.00018997,0.00034847,0.00015134,0.0013473,0.024228,0.062477,0.033416,0.056848,0.1271,0.058575,0.0049791,0.0028265,0.0029045,0.0011882
6,0.062361,0.069186,0.040794,0.21852,0.063608,0.078002,0.044717,0.035448,0.0083958,0.0079003,0.00080667,0.00084314,0.0022783,0.0062771,0.0037073,0.021345,0.22334,0.16792,0.0022631,0.001653
6,0.21729,0.0566,0.035977,0.081779,0.046105,0.027424,0.014582,0.0035427,0.024442,0.0025778,0.039884,0.39772,0.64657,0.60554,0.34816,0.014096,0.026232,0.030831,0.0088053,0.08282,0.30711,0.13547,0.15193,0.22968,0.10404,0.011972,0.023659,0.00065542
6,0.65909,0.34947,0.38245,0.12976,0.10429,0.026399,0.010401,0.00052467,0.00077689,0.0001144,8.0447e-05,0.00082632,0.0019398,0.0019604,0.0024264,0.0014954,0.00027005,0.00022564,1.4031e-05,2.2173e-05,7.2872e-06,0.002449,0.002551,0.021981,0.046471,0.089194,0.0011978
6,0.043515,0.059907,0.031589,0.039849,0.012107,0.010539,0.0091727,0.023811,0.0067329,0.0066528,0.0011376,0.0067452,0.0036804,0.026097,0.048232,0.010221,0.00017657
6,0.022216,0.0054213,0.0024142,0.0057362,0.0084859,0.0087548,0.0036231,0.00050859,2.5853e-05,6.3277e-06,1.7426e-05,5.5042e-06,1.4691e-05,0.0013856,0.00046095,0.00049066,0.00095579,0.00057361,0.00079429,0.000325,7.7233e-05,5.4231e-05,0.00069521,0.00034555,0.0014015,0.00090789,0.00090069,0.00081096,3.8593e-05
6,0.46918,0.072356,0.18248,0.26834,0.09389,0.21895,0.13973,0.15305,0.031355,0.00070869,0.0066096,0.033904,0.34004,0.46794,0.35989,0.16485,0.21894,0.012452,0.0041843,0.0014864,0.012795,0.015384,0.0098224,0.00011289,0.00082949
6,0.16597,0.050659,0.13736,0.20578,0.35842,0.15471,0.039553,0.031031,0.012999,0.032121,0.004091,0.0015437,0.00013422,0.00012479,6.1652e-05,0.015596,0.16073,0.53521,0.78439,0.46181,0.11853,0.10587,0.017635,0.01301,0.001052,0.014613,0.023724,0.005777,0.0013212,2.5638e-05
7,0.030575,0.0099774,0.086245,0.03688,0.043785,0.040242,0.031357,0.1247,0.19587,0.14295,0.044187,0.0040843,0.0011698,0.028066,0.0036022,0.0067915,0.00091328,0.00098562,7.3914e-05,0.00086973
7,0.001794,0.00017837,0.00074525,0.0036886,0.64396,0.4887,0.22193,0.5051,0.42459,0.091237,0.022954,0.011513,0.035516,0.22532,0.10318,0.20434,0.15944,0.30365,0.075463,0.0080977,0.0003324
7,0.0031648,0.0019052,0.0050579,0.018029,0.012057,0.0141,0.0017937,0.011513,0.16991,0.05006,0.042922,0.0075256,0.0030136,8.966e-05,0.00016089,0.00084873,0.00037783,3.8511e-05,0.00031045,0.00020427,0.00041837
7,0.0033317,0.00028093,0.00034948,0.0098966,0.027587,0.090359,0.006277,0.084558,0.083188,0.59579,0.16102,0.22539,0.68399,0.47443,0.33338,0.19034,0.016812,0.00010691
7,0.20264,0.15016,0.069293,0.090587,0.029945,0.11142,0.2822,0.51567,0.36598,0.72542,0.44059,0.058771,0.0091123,0.0013888,0.00070252,0.00013041
7,0.15934,0.49294,0.18033,0.12446,0.094512,0.10026,0.66827,0.6899,0.78465,0.36907,0.10117,0.0072243,0.0032021,0.011283,0.00050133,0.00063869
7,0.0046574,0.00048472,0.055283,0.25837,0.072613,0.083806,0.03703,0.12212,0.2444,0.23424,0.14841,0.45682,0.37506,0.089159,0.026589,0.0060237,0.015494,0.0058691
7,0.014663,0.01158,0.0019714,0.018643,0.01595,0.01427,0.041714,0.21825,0.44649,0.75125,0.25561,0.14852,0.010446,0.0035938,0.0003877,0.00025154
7,0.00038541,5.0563e-05,8.5707e-05,0.00034783,0.00075854,0.020147,0.12387,0.26025,0.067335,0.49275,0.2759,0.13802,0.064653,0.29702,0.083539,0.0067376,0.0097465,0.055771,0.0078597,0.015566,7.7118e-05
7,0.045022,0.014671,0.020506,0.019018,0.31464,0.67466,0.34857,0.19838,0.15744,0.039789,0.0095539,0.01616,0.02583,0.073814,0.004334,0.00025652
7,0.0028172,0.0014862,0.0019412,0.011152,0.015663,0.018207,0.14007,0.21839,0.028248,0.59385,0.4248,0.40511,0.40692,0.23593,0.18639,0.53134,0.3223,0.014065,0.024248,0.070119,0.0076746,0.00062751,0.0001243
7,0.011138,0.043063,0.058293,0.19209,0.19988,0.63821,0.84344,0.7105,0.55272,0.28208,0.28171,0.22848,0.85576,0.76447,0.15886,0.045984,0.017827,0.001645,0.00072097,1.2797e-05
7,0.0018069,0.00013195,8.5432e-05,0.00015781,0.002019,0.0041271,0.059116,0.017305,0.12871,0.67211,0.22064,0.075555,0.42371,0.11959,0.15232,0.20404,0.46206,0.14692,0.19597,0.15206,0.11804,0.087339,0.041442,0.0076344,0.051528,0.1156,0.49464,0.58089,0.5,0.3067,0.12524,0.075261,0.21766,0.050911,0.25414,0.16372,0.067785,0.17958,0.08737,0.060764,0.016984,0.013481
7,0.45367,0.15799,0.060284,0.28712,0.12418,0.51486,0.37125,0.41803,0.93227,0.98231,0.88278,0.74344,0.74669,0.47411,0.4785,0.39519,0.49456,0.25236,0.13064,0.19374,0.10352,0.1725,0.065797,0.020532,0.0096837,0.012727,0.0016869,0.10378,0.07963,0.097361,0.27416,0.079836,0.005152,0.0012166
7,0.27089,0.32876,0.43922,0.61097,0.70537,0.57566,0.58302,0.14042,0.048355,0.18934,0.19922,0.11452,0.0049616,0.0003533,2.1132e-05,0.00012407,0.0032793,0.24557,0.31612,0.147,0.22856,0.071625,0.14143,0.20346,0.27782,0.065245,0.0072124,0.032241,0.001983,0.19005,0.11354,0.14617,0.074893,0.050199,0.17282,0.099705,0.052242,0.14716,0.033805,0.0012823,0.00075191
7,0.32322,0.059892,0.01269,0.098704,0.19674,0.11738,0.25631,0.27271,0.43517,0.39384,0.09851,0.23438,0.098685,0.044459,0.035682,0.27634,0.34351,0.045418,0.19496,0.15755,0.48126,0.61503,0.47679,0.11931,0.040602,0.030224,0.071558,0.091319,0.062969,0.06331,0.052337,0.014321,0.029774,0.0011215
7,0.23095,0.31498,0.29278,0.28052,0.45326,0.47451,0.41398,0.4023,0.65972,0.74466,0.59099,0.48818,0.69345,0.35691,0.10891,0.2286,0.023283,0.055878,0.041367,0.16203,0.43423,0.7307,0.52003,0.38857,0.26084,0.35877,0.41598,0.35398,0.11801,0.050487,0.0092778,0.0010101,0.00050431
7,0.40149,0.10712,0.0059179,0.066331,0.08029,0.0077496,0.0093948,0.046609,0.081371,0.25534,0.31259,0.2748,0.48217,0.5,0.26027,0.45581,0.10684,0.21742,0.024881,0.0012492,0.00048674,0.0010795,0.00062664,0.00091906
7,0.24739,0.28088,0.010529,0.0049228,0.0022888,0.0020582,0.0045055,0.0014406,0.22278,0.053076,0.062619,0.15375,0.25284,0.38788,0.3881,0.26588,0.2954,0.19151,0.21643,0.024881,0.052647,0.0061334,0.03788,0.045826,0.0031785,0.00022475
7,0.21104,0.2927,0.021605,0.0076837,0.029251,0.014487,0.015567,0.4377,0.18862,0.13549,0.25996,0.40068,0.24201,0.5757,0.42888,0.020863,0.00074196,0.00153,0.0014209,0.00075363
7,0.055935,0.25402,0.065806,0.046668,0.078088,0.10311,0.10793,0.022393,0.059994,0.060532,0.1285,0.30292,0.1631,0.11824,0.13673,0.24612,0.12846,0.0050359,0.0015906,0.005144,0.0084578,0.002019,6.9658e-05
7,0.0033293,0.0048615,0.0038074,0.0037097,0.011038,0.039569,0.010462,0.023395,0.03618,0.065042,0.009662,0.01607,0.0098179,0.0087957,0.010776,0.0023269,0.0035256,0.00014699
7,0.094764,0.054771,0.02236,0.0057243,0.043043,0.098457,0.20853,0.16823,0.22708,0.09725,0.066574,0.10989,0.61157,0.41057,0.33362,0.18386,0.51297,0.54715,0.48672,0.56823,0.44417,0.25592,0.12863,0.065404,0.010468,0.0083841,0.013347,0.0014291,0.00051038
7,0.0039331,0.024292,0.018717,0.10318,0.12538,0.046589,0.081905,0.14318,0.066966,0.41439,0.13215,0.17466,0.16541,0.77078,0.709,0.77214,0.59821,0.55279,0.62499,0.56398,0.4752,0.79225,0.89598,0.28523,0.058485,0.0029877,0.0013042,0.05993,0.059663,0.015081,0.010243,0.0038185,0.016478,0.012174,0.0016139
7,0.40875,0.31518,0.49466,0.71551,0.46778,0.67647,0.30418,0.29208,0.48365,0.47406,0.43802,0.78024,0.4796,0.48553,0.77295,0.34025,0.20685,0.30972,0.0059124,0.0067525,0.0083965
7,0.0098554,0.011766,0.016104,0.042897,0.12258,0.061648,0.098752,0.016066,0.0019626,0.0027087,0.0020911,0.014052,0.46282,0.55535,0.23964,0.13605,0.17858,0.33163,0.10078,0.18047,0.052433,0.0055919,0.0019761,0.00062999,6.121e-05,2.0603e-05,3.996e-05,0.00012536
7,0.020675,0.028617,0.018495,0.037024,0.013763,0.070652,0.1745,0.35913,0.59647,0.45977,0.77511,0.22473,0.19044,0.33753,0.3206,0.56929,0.56953,0.53013,0.42405,0.052466,0.050842,0.032955,0.32949,0.032295,0.14919,0.0008413,0.0010427
7,0.23266,0.063499,0.0081342,0.12764,0.5346,0.50958,0.082357,0.2448,0.7107,0.55382,0.29549,0.37315,0.20614,0.21921,0.10698,0.092884,0.21642,0.48771,0.072285,0.15318,0.51294,0.32027,0.45007,0.11464,0.25272,0.26388,0.32225,0.29666,0.47868,0.06075,0.031868,0.017144,0.01029,0.0015378,0.00018227
7,0.0010993,0.0013475,0.00018099,0.0035055,0.029135,0.033555,0.0082843,0.015603,0.017143,0.14489,0.22618,0.13168,0.12059,0.040257,0.034455,0.16445,0.31092,0.39423,0.35561,0.52366,0.53513,0.19856,0.10639,0.24675,0.047076,0.059345,0.07145,0.32971,0.60644,0.41034,0.54376,0.7099,0.0045534,0.00075597,0.00045007
7,0.38711,0.38922,0.1683,0.030099,0.009656,0.0062022,0.010134,0.045024,0.051634,0.14409,0.021862,0.10989,0.020054,0.015297,0.58558,0.42442,0.47785,0.69239,0.71065,0.36671,0.59431,0.31923,0.22346,0.28015,0.087548,0.0091712,0.0014804
7,0.051749,0.013065,0.0041042,0.10487,0.35241,0.21838,0.054288,0.06231,0.2269,0.37221,0.15564,0.17476,0.29115,0.056933,0.107,0.025796,0.047052,0.20426,0.207,0.56491,0.67373,0.71231,0.83369,0.96764,0.89235,0.84503,0.93936,0.86588,0.47657,0.3862,0.11039,0.13042,0.088278,0.087233,0.042108,0.11266,0.060876,0.0021194
7,0.00091748,0.0059255,0.0055518,0.0055994,0.013888,0.016301,0.002465,0.11628,0.31365,0.39843,0.19524,0.20566,0.41463,0.08693,0.058112,0.22571,0.3868,0.1309,0.11276,0.078044,0.03317,0.1069,0.036759,0.19505,0.44341,0.74804,0.50882,0.59172,0.58704,0.15846,0.16797,0.062255,0.023695,0.0014399,0.00032714,0.00038724,0.00056503,0.0010913,8.7811e-06
7,0.18285,0.22452,0.10764,0.063444,0.090245,0.22218,0.36528,0.12541,0.12703,0.15016,0.26475,0.11584,0.065778,0.031818,0.064133,0.13157,0.11147,0.38392,0.37217,0.54989,0.0079611,0.23704,0.22072,0.075914,0.26348,0.20341,0.0050108,0.018026,0.47213,0.12105,0.2319,0.35176,0.12042,0.18782,0.24288,0.097199,0.2094,0.011199,0.0042454,9.4372e-05
7,0.0091129,0.01715,0.041263,0.21226,0.61397,0.68832,0.16178,0.46079,0.4117,0.28834,0.51501,0.90244,0.84488,0.25203,0.59761,0.75477,0.17214,0.35184,0.38096,0.39455,0.83847,0.39642,0.43694,0.70153,0.85511,0.81547,0.97505,0.93977,0.97347,0.97064,0.7817,0.69947,0.46415,0.16346,0.06815,0.088734,0.035729,0.0019399,0.034251
7,0.023394,0.031663,0.01563,0.012919,0.25181,0.066866,0.016285,0.0041006,0.099532,0.23971,0.021923,0.043132,0.13819,0.16938,0.079435,0.13903,0.028281,0.00033568,0.0024212,0.084974,0.059976,0.10883,0.14528,0.025853,0.0068964,0.13593,0.21192,0.23385,0.34714,0.26689,0.074547,0.47983,0.5743,0.75761,0.91617,0.91609,0.71233,0.43042,0.31361,0.28948,0.12362,0.14677,0.06008,0.016305,0.10785,8.2369e-05
7,0.82303,0.69489,0.78711,0.80723,0.46349,0.11879,0.056149,0.080903,0.5,0.5986,0.22624,0.41709,0.35143,0.37649,0.43824,0.1349,0.032145,0.18006,0.24411,0.54274,0.56607,0.59167,0.7555,0.24447,0.3426,0.13296,0.31973,0.263,0.16528,0.091169,0.30018,0.73442,0.1679,0.13448,0.54145,0.18251,0.066229,0.45416,0.071345,0.054548,0.014548,0.0038464,0.00244,0.0004328,0.00019325
7,0.086268,0.0013233,0.0036393,0.0082921,0.041136,0.010493,0.00021166,0.00045133,0.00034611,0.0066649,0.5532,0.55105,0.43055,0.19529,0.41622,0.029585,0.23406,0.54943,0.17811,0.26009,0.65771,0.658,0.54527,0.6942,0.72858,0.6765,0.48662,0.022945,0.11626,0.045949,0.042196
7,0.16163,0.025578,0.39911,0.1202,0.25209,0.11226,0.24557,0.48083,0.46149,0.39957,0.21513,0.14002,0.088358,0.43424,0.033209,0.013497,0.37757,0.28047,0.4386,0.7666,0.65988,0.45486,0.11712,0.036809,0.048777,0.013595
7,0.08475,0.69677,0.30175,0.72425,0.2366,0.5,0.095334,0.26725,0.16922,0.16162,0.051757,0.080963,0.14695,0.14959,0.15224,0.13708,0.089721,0.0087982,0.18299,0.42848,0.50644,0.44154,0.52833,0.34505,0.11373,0.023381,0.0041899,0.0016226,0.0025156,0.00044248
7,0.045534,0.035899,0.0094884,0.014846,0.020601,0.41963,0.52656,0.23704,0.049824,0.015951,0.093414,0.031081,0.0057724,0.29586,0.19683,0.20713,0.40101,0.19455,0.25998,0.071096,0.04305,0.01972,0.00016648,0.0026194,0.017455,0.40001,0.20034,0.40676,0.77979,0.7061,0.70281,0.82084,0.52763,0.25078,0.13922,0.06089,0.012276,0.077844,0.004749
7,0.30649,0.00041335,0.0015875,0.0203,0.042819,0.023316,0.012232,0.0011702,0.00038979,0.00096779,0.06008,0.13214,0.025473,0.0096723,0.0069966,0.046145,0.11582,0.0052173,0.0026088,0.0049803,0.046701,0.010921,0.15712,0.36748,0.31935,0.715,0.73118,0.3571,0.0336,0.021252,0.0030107,0.0039632,0.002064,0.0045683
7,0.028695,0.00075847,0.017549,0.066779,0.28825,0.2733,0.17442,0.1252,0.073792,0.026564,0.0011628,0.0095471,0.022525,0.32943,0.62055,0.62685,0.60155,0.86778,0.82389,0.0040647,0.15707,0.11095,0.27312,0.18783,0.15386,0.11665,0.01542,0.00055859
7,0.41713,0.24823,0.81048,0.88329,0.90962,0.8691,0.81887,0.10892,0.2108,0.70816,0.4866,0.54302,0.42298,0.66646,0.23236,0.15332,0.21061,0.17328,0.30041,0.3821,0.26011,0.064734,0.0086028,0.0056971
7,0.251,0.5,0.6292,0.38541,0.45739,0.60323,0.41212,0.11764,0.16717,0.83183,0.80262,0.95689,0.94642,0.91366,0.021785,0.010878,0.0040628,0.018635,0.020028,0.01938,0.040897,0.00633,0.0041998
7,0.66274,0.28482,0.3012,0.45075,0.76846,0.31574,0.64397,0.33193,0.18941,0.038871,0.015415,0.00030858,0.00016928,4.3097e-05,0.00015976,0.00037767,0.0091707,0.59452,0.88519,0.95902,0.95718,0.9742,0.95345,0.71745,0.23941,0.058247,0.039309,0.045808,0.011846,0.049539,0.024792,0.00087737,0.0021645,3.1064e-05
