1,0.23067,0.063536,0.2596,0.30345,0.036583,0.011588,0.0095035,0.009885,0.018873,0.013973,0.0070254,0.014515,0.0083155,0.013433,0.019597,0.0091138,0.010296,0.0080215,0.022084
1,0.92612,0.7927,0.89507,0.96561,0.94905,0.68797,0.82775,0.81084,0.79948,0.62801,0.23804,0.1269,0.23701,0.30529,0.3758,0.059049,0.0057347,0.018261,0.0029808
1,0.38771,0.25109,0.032396,0.036022,0.12469,0.12232,0.23361,0.34621,0.41191,0.22871,0.12662,0.10922,0.12307,0.067058,0.10613,0.11294,0.10586,0.12925,0.1042
1,0.023271,0.023683,0.013019,0.042063,0.063491,0.0091867,0.0020177,0.00095369,0.0054111,0.0035286,0.0032707,0.045259,0.021135,0.0082202,0.0013984,0.0030067,0.030735,0.10816,0.14214,0.033404,0.0083675,0.013694,0.0068179
1,0.94349,0.76483,0.79953,0.92185,0.73682,0.58771,0.60709,0.70396,0.86134,0.90025,0.61462,0.39047,0.53485,0.067464,0.056853,0.040063,0.029746,0.033374,0.024103
1,0.08188,0.0055331,0.0036564,0.01587,0.030565,0.040657,0.098848,0.094871,0.030674,0.033054,0.024879,0.018255,0.0079914,0.017854,0.0056173,0.097327
1,0.91431,0.75232,0.16628,0.034249,0.01337,0.024179,0.13728,0.2227,0.19096,0.38129,0.33943,0.13912,0.41244,0.66455,0.38149,0.17981,0.064686,0.029398,0.020119,0.0038162,0.0099676
1,0.077851,0.00063179,0.001547,0.0029981,0.0011496,0.0079396,0.039054,0.024351,0.088306,0.25657,0.14658,0.19641,0.19233,0.037401,0.0098903,0.0029999,0.0026426,0.0081433,0.026754,0.031461
1,0.23071,0.00078474,0.0019075,0.0075566,0.017109,0.026003,0.0251,0.051125,0.047862,0.062449,0.04768,0.021153,0.012308,0.019773,0.0049235,0.0025068,0.041786
1,0.84377,0.79732,0.58726,0.37099,0.24684,0.093852,0.10747,0.091167,0.01937,0.039173,0.055674,0.030713,0.057523,0.03026,0.034645,0.031649,0.063048,0.0058471
1,0.69817,0.51506,0.63599,0.43783,0.43112,0.11254,0.11785,0.11893,0.09094,0.044503,0.05152,0.056423,0.048268,0.069486,0.038288,0.025841,0.070921
1,0.87731,0.85749,0.89425,0.3428,0.047581,0.036675,0.32017,0.39379,0.34075,0.54743,0.47404,0.16142,0.045006,0.023172,0.016821
1,0.031941,0.035867,0.026215,0.028514,0.018107,0.017671,0.011468,0.022634,0.011979,0.011892,0.01352,0.013076,0.031966,0.032002,0.0098423,0.036846
1,0.48573,0.23044,0.087632,0.084866,0.042884,0.033225,0.029351,0.013088,0.0062435,0.0059517,0.0090301,0.018697,0.039835,0.052789,0.086826,0.035201,0.0099337,0.0061773
1,0.044132,0.0076015,0.020454,0.037849,0.017025,0.012068,0.0131,0.0059941,0.0043587,0.0079569,0.0041702,0.0043952,0.011192,0.083205,0.062127,0.047184,0.028926,0.013214,0.00059739,0.0025686,0.0038729,0.0020794,0.0042687,0.0031811,0.001553,0.01888,0.045394,0.10171,0.081629,0.050648,0.078425,0.01854
1,0.54882,0.15933,0.36681,0.36875,0.070122,0.01802,0.0298,0.040165,0.018646,0.024449,0.011038,0.015237,0.016453,0.10968,0.087284,0.09036,0.049138,0.017394,0.0035267,0.0045509,0.0060357,0.013585,0.0073377,0.01878,0.023073,0.046292,0.03791,0.046087,0.037787,0.081479,0.021057
1,0.0056682,0.0016441,0.055126,0.10566,0.093854,0.16595,0.22049,0.00046105,0.00061563,0.0021545,0.0022164,0.01294,0.010388,0.039713,0.049494,0.064287,0.054412,0.019145,0.011638,0.015924,0.022887,0.0079579
1,0.052201,0.0048613,0.0092899,0.010565,0.013747,0.038756,0.071635,0.25808,0.2823,0.034863,0.0078599,0.015913,0.018981,0.04923,0.11159,0.092266,0.029361,0.038591,0.064695,0.066098,0.038621,0.060274,0.064842,0.01202,0.0024593
1,0.023793,0.0022116,0.035598,0.035715,0.090508,0.083602,0.046044,0.01646,0.017221,0.083991,0.13762,0.1505,0.21639,0.14839,0.075334,0.023905,0.075521,0.027712,0.013484,0.07282
1,0.08313,0.015476,0.071847,0.052428,0.021088,0.021847,0.034246,0.030599,0.021409,0.048953,0.32165,0.13727,0.44748,0.51962,0.48194,0.34952,0.20238,0.074028,0.021039,0.011811
1,0.0060656,0.0011578,0.001631,0.0020095,0.00050789,0.00023353,9.5211e-05,0.00012799,0.0038267,0.0054822,0.022013,0.0023637,0.00093342,0.00030336,0.00020372,0.0010919,0.0032024,0.007434,0.031047,0.0075043,0.0006295,0.0016727,0.0039888,0.021787
1,0.016632,0.0074599,0.0031407,0.0048963,0.00097568,0.0022192,0.00093508,0.001171,0.0015479,0.0019445,0.002334,0.0017751,0.0037861,0.0015033,0.00067599,0.0004886,0.0012222,0.0015634,0.0056621,0.017409,0.023461,0.041803,0.039864,0.012296,0.046524
1,0.089988,0.020249,0.0096913,0.0057214,0.047397,0.04778,0.12568,0.025613,0.023062,0.0026839,0.0054741,0.0086847,0.00085828,0.0066811,0.010827,0.02374,0.010094,0.021267,0.041817,0.049854,0.077272,0.032522,0.0096592,0.015542,0.011611,0.0034027,0.026777
1,0.018811,0.0023891,0.0014798,0.019111,0.014066,0.034095,0.021143,0.022911,0.10903,0.087188,0.056897,0.0078146,0.012882,0.0074555,0.0033992,0.0073299,0.0090084,0.022067,0.078311,0.060647,0.016845,0.029098,0.014775,0.0057605,0.0061005
1,0.016234,0.012246,0.023523,0.013299,0.060673,0.033511,0.012106,0.013747,0.02209,0.050522,0.13179,0.19764,0.031662,0.070821,0.026287,0.03711,0.020749,0.042994,0.016967,0.021893,0.10356,0.058483,0.017447,0.0085301,0.0060396,0.0083699
1,0.061349,0.0046194,0.024656,0.022714,0.019473,0.055235,0.047594,0.055086,0.11378,0.1556,0.059682,0.017748,0.018562,0.029403,0.037425,0.088461,0.039501,0.048318,0.02833,0.039045,0.04508,0.056837,0.0064458,0.0060554,0.0083375,0.015602,0.010438,0.013148,0.015355,0.027864,0.0068271,0.064178,0.046713
1,0.039693,0.023961,0.015019,0.015619,0.022536,0.035155,0.032496,0.031332,0.13252,0.22866,0.18071,0.12951,0.10937,0.0805,0.013623,0.025527,0.037824,0.099925,0.031587,0.020799,0.085146,0.043564,0.022011,0.022191,0.0072271,0.0068129,0.0046401,0.0048372,0.0029924,0.0052255,0.0045646,0.012156,0.0092901,0.0077263,0.047621
1,0.096733,0.037739,0.059361,0.0053959,0.011975,0.019344,0.021159,0.028633,0.31448,0.42477,0.30588,0.30383,0.41207,0.11199,0.12559,0.073077,0.059115,0.076993,0.042167,0.0041497,0.0042627,0.0066617,0.010566,0.011316,0.013281,0.020754,0.0094023,0.010247
1,0.060412,0.0056141,0.0095135,0.0079379,0.0041388,0.011195,0.013797,0.017565,0.10124,0.1477,0.18934,0.12969,0.097232,0.19608,0.15085,0.2015,0.2377,0.25274,0.4359,0.76299,0.74376,0.66966,0.77244,0.77056,0.029282,0.039103,0.025142,0.02334,0.023651,0.021549,0.014752,0.010011
1,0.56101,0.010012,0.0038539,0.0063702,0.0065971,0.0092555,0.011584,0.011239,0.0099907,0.085773,0.094095,0.25367,0.031203,0.09775,0.091809,0.089035,0.058259,0.012958,0.014246,0.0088162,0.17081,0.26138,0.37832,0.58313,0.77147,0.65475,0.022746,0.0074988,0.013876,0.017352,0.013187,0.032354,0.0069021
1,0.27904,0.034021,0.0089653,0.012915,0.015167,0.025413,0.048967,0.012779,0.065933,0.13911,0.47242,0.64726,0.75467,0.62811,0.26454,0.061012,0.050015,0.0093261,0.010469,0.066849,0.10815,0.071438,0.065298,0.48349,0.60413,0.75294,0.68801,0.79363,0.53374,0.16907,0.035248,0.056069,0.072406,0.029005,0.026973,0.046952,0.049924,0.073643,0.011739,0.02653
1,0.54505,0.14117,0.035017,0.166,0.10339,0.083252,0.072335,0.11432,0.072774,0.082533,0.095472,0.089392,0.062654,0.051369,0.0076806,0.016801,0.013456,0.029368,0.03365,0.066952,0.052069,0.056398,0.074638,0.036205,0.028003,0.067456,0.15464,0.050514,0.079126,0.082296,0.036712,0.021222,0.0094016,0.036413,0.028563,0.017108,0.059492
1,0.24553,0.035272,0.18057,0.29995,0.33216,0.16298,0.20206,0.023659,0.049855,0.046293,0.039761,0.094951,0.22597,0.082166,0.1247,0.19129,0.38161,0.019078,0.060823,0.11542,0.01839,0.058497,0.03897,0.02734,0.014395,0.03596,0.046597,0.053928,0.015238
1,0.11865,0.0057589,0.0069625,0.012497,0.011848,0.0079714,0.010835,0.0074042,0.017788,0.013055,0.022799,0.016945,0.019995,0.026909,0.056639,0.12685,0.14933,0.045893,0.040143,0.0062722,0.0089712,0.0090946,0.0080624,0.0061023,0.0038452,0.002358,0.0064649,0.015372,0.0064576,0.019819
1,0.9317,0.15093,0.29666,0.24299,0.5,0.53396,0.5,0.67451,0.1141,0.19355,0.049612,0.035646,0.033033,0.049654,0.061053,0.12285,0.10225,0.047956,0.08189,0.058976,0.10034,0.070723,0.029838,0.019347,0.029781,0.040289,0.012175,0.0022783
1,0.79212,0.32175,0.35498,0.52667,0.13491,0.070259,0.14811,0.43454,0.20188,0.14936,0.102,0.35831,0.29346,0.2391,0.056193,0.035533,0.0069219,0.0061863,0.0064722,0.0061141,0.015053,0.017891
1,0.030257,0.0041294,0.0042464,0.0064522,0.0048895,0.0058059,0.0078922,0.012071,0.011162,0.070352,0.023538,0.013762,0.0054395,0.0066863,0.003509,0.0042694,0.004255,0.004264,0.0038339,0.0044677,0.0071065,0.0047141
1,0.12252,0.030882,0.068998,0.06343,0.087603,0.052968,0.06977,0.26041,0.14891,0.28209,0.018911,0.0056455,0.035842,0.045881,0.0055736,0.052076,0.01221,0.0045131,0.0079176,0.013669,0.013581,0.011582,0.0066639,0.0086565,0.015615
2,0.97549,0.90712,0.81943,0.66807,0.30854,0.5,0.57407,0.8113,0.63211,0.58589,0.66418,0.73506,0.88901,0.38789,0.48452,0.59826,0.14783,0.14374,0.032549
2,0.96929,0.93384,0.85718,0.88266,0.47094,0.33451,0.4098,0.11665,0.13555,0.2409,0.19126,0.19946,0.22812,0.065864,0.066087,0.04962
2,0.51857,0.4114,0.46173,0.57211,0.5,0.27149,0.23254,0.5,0.63147,0.8256,0.83508,0.87454,0.14636,0.11554,0.5297,0.72409,0.71929,0.70795,0.4405,0.3755,0.14846,0.12942
2,0.94768,0.91629,0.91187,0.63656,0.37623,0.7387,0.90848,0.92262,0.73225,0.72684,0.78319,0.088223,0.1532,0.12971,0.037165,0.019516,0.012139
2,0.54557,0.25927,0.066431,0.049794,0.019112,0.034039,0.060092,0.082069,0.32059,0.18469,0.87977,0.88907,0.91622,0.90945,0.9081,0.039329,0.086884,0.12892,0.12436,0.1089,0.10976,0.095399,0.075983,0.041239
2,0.99465,0.9906,0.99162,0.99526,0.59226,0.65361,0.80184,0.75048,0.89277,0.94364,0.91002,0.40059,0.53001,0.60101,0.047433,0.020767,0.01544
2,0.31436,0.15982,0.15507,0.22972,0.17745,0.061808,0.057811,0.20337,0.19456,0.4171,0.5127,0.65406,0.95701,0.95581,0.93375,0.92356,0.14925,0.27008,0.25623,0.27017,0.12359,0.030986,0.047134,0.0086764
2,0.24197,0.06115,0.1171,0.11362,0.15676,0.38412,0.52648,0.49187,0.58528,0.35516,0.16918,0.23911,0.38643,0.57995,0.54179,0.53354,0.35252,0.19359,0.040189,0.021175,0.03676
2,0.14058,0.011714,0.019005,0.13412,0.46085,0.69692,0.74197,0.82912,0.86866,0.92774,0.32298,0.17642,0.05738,0.017549,0.011943
2,0.96055,0.87502,0.40525,0.42879,0.64325,0.62077,0.59614,0.41509,0.40779,0.30092,0.23682,0.17795,0.11603,0.061933,0.078406,0.037912,0.037502
2,0.65454,0.14374,0.024924,0.10237,0.032717,0.033256,0.38483,0.48216,0.18968,0.3287,0.43267,0.39945,0.3658,0.57049,0.38762,0.16362,0.083831,0.059426,0.051961,0.025404,0.0054907,0.072919
2,0.13928,0.031309,0.075391,0.19972,0.19348,0.23133,0.7627,0.77572,0.75977,0.77426,0.67387,0.087559,0.035066,0.035753,0.014049,0.017526,0.014346
2,0.81809,0.54373,0.84501,0.92685,0.98665,0.98431,0.98165,0.96044,0.97286,0.16727,0.091466,0.085922,0.1199,0.099292,0.075463
2,0.98565,0.82084,0.097132,0.10325,0.5067,0.64531,0.58369,0.88277,0.9307,0.91134,0.92334,0.92823,0.43935,0.053717,0.067518,0.043118,0.022136,0.025785,0.050779
2,0.68977,0.12055,0.40376,0.65557,0.74841,0.67573,0.7761,0.56078,0.7725,0.77542,0.48706,0.26145,0.14297,0.044778,0.065527
2,0.93509,0.87547,0.89491,0.83178,0.86027,0.115,0.079454,0.056878,0.030166,0.10625,0.10903,0.22979,0.30912,0.54739,0.35677,0.37091,0.06668,0.021348,0.011113
2,0.15233,0.14547,0.19699,0.4076,0.18985,0.29552,0.72917,0.40982,0.51468,0.71974,0.64473,0.40428,0.41799,0.40769,0.2735,0.338,0.38314,0.29096,0.19956,0.18027,0.10615,0.16643,0.029979,0.095345,0.20807,0.26459,0.24726,0.034146,0.054839
2,0.98663,0.98493,0.95462,0.74331,0.90472,0.92851,0.95252,0.96308,0.97091,0.90482,0.58949,0.64332,0.53371,0.64497,0.67279,0.51516,0.042965,0.018943
2,0.84547,0.77842,0.93446,0.89808,0.71385,0.78279,0.50737,0.65187,0.50841,0.2235,0.03437,0.18885,0.23487,0.18671,0.15858,0.37187,0.4562,0.26256,0.060532,0.016031,0.031583
2,0.91685,0.85779,0.82107,0.64508,0.52744,0.48082,0.34534,0.35799,0.15126,0.35244,0.24258,0.78643,0.92367,0.9773,0.81485,0.088453,0.022226,0.01861
2,0.58623,0.46951,0.40621,0.62984,0.72924,0.92563,0.94654,0.89481,0.67987,0.67078,0.45458,0.52209,0.64102,0.37174,0.016735,0.0063979
2,0.77524,0.60547,0.59793,0.33736,0.23351,0.33792,0.48686,0.48803,0.48142,0.3724,0.21724,0.46156,0.36495,0.38946,0.45727,0.58605,0.44873,0.34503,0.091765,0.02502
2,0.64318,0.11037,0.14326,0.11878,0.13873,0.19169,0.21943,0.22693,0.42423,0.54366,0.56157,0.45748,0.25207,0.29278,0.25489,0.19569,0.34512,0.49122,0.156,0.062778,0.042779,0.018539,0.055545,0.031372,0.12763,0.074561,0.0096033,0.022091,0.18019,0.45387,0.35309,0.2554,0.099212,0.019759,0.0041245
2,0.52457,0.13953,0.36012,0.67956,0.64547,0.35301,0.58652,0.46343,0.43394,0.5,0.18475,0.095057,0.20301,0.30707,0.40854,0.27458,0.33531,0.010351,0.017793,0.24759,0.080274,0.22229,0.23855,0.20587,0.070988,0.085173,0.067761,0.1629,0.12811,0.037811
2,0.72718,0.33086,0.29198,0.35064,0.15569,0.066109,0.10501,0.098644,0.04733,0.064573,0.050423,0.052864,0.22133,0.20312,0.25185,0.21102,0.072579,0.053319,0.080222,0.11221,0.14823,0.13373,0.098005,0.10053,0.14149,0.13354,0.13187,0.099895,0.024508
2,0.97477,0.93477,0.83239,0.92441,0.863,0.8377,0.86434,0.77918,0.39491,0.28629,0.26644,0.2892,0.83335,0.86959,0.65335,0.53727,0.26326,0.05315,0.048022,0.19645,0.33419,0.12676,0.090915,0.48361,0.51834,0.36001,0.29155,0.22786,0.083993,0.011347
2,0.66727,0.59326,0.437,0.45137,0.6428,0.22452,0.065804,0.042729,0.061203,0.039364,0.041745,0.020555,0.014856,0.052203,0.071729,0.87309,0.95293,0.9163,0.936,0.96334,0.23317,0.056818,0.046963,0.078282,0.18342,0.16671,0.56785,0.66136,0.57825,0.091369,0.092759,0.033815,0.031539,0.018802
2,0.17602,0.114,0.15214,0.1312,0.16103,0.12699,0.094986,0.11063,0.15655,0.19282,0.10489,0.083261,0.059833,0.084652,0.086116,0.21315,0.33435,0.1903,0.23202,0.23716,0.15922,0.01539,0.13902,0.11564,0.37701,0.4108,0.46662,0.56951,0.69349,0.64694,0.65285,0.59345,0.57176,0.20603,0.030558,0.044068,0.024361,0.030375
2,0.86847,0.80994,0.71101,0.69384,0.84198,0.8284,0.81979,0.87704,0.87352,0.7134,0.51587,0.45636,0.57136,0.53786,0.87663,0.92932,0.85673,0.76472,0.37762,0.021222,0.0042441,0.027265,0.17149,0.45238,0.64733,0.55119,0.6484,0.34312,0.47101,0.28922,0.24391,0.20356,0.17014,0.059974,0.024772
2,0.8846,0.59933,0.80185,0.94332,0.80843,0.69222,0.8373,0.71323,0.4174,0.24836,0.077553,0.093167,0.12472,0.72854,0.78442,0.71437,0.66304,0.78757,0.16624,0.080847,0.066741,0.43666,0.45675,0.45489,0.53022,0.77586,0.24353,0.064508,0.069776,0.023817,0.020428,0.011053
2,0.61493,0.28253,0.24194,0.3317,0.2972,0.16775,0.17349,0.22596,0.58247,0.38972,0.34162,0.3542,0.24211,0.21009,0.35647,0.7528,0.70502,0.69022,0.61826,0.26823,0.235,0.37528,0.49069,0.85058,0.81092,0.78051,0.64665,0.76455,0.34723,0.36495,0.4874,0.52614,0.20853,0.10144
2,0.024493,0.0055615,0.006786,0.020492,0.055965,0.013495,0.024043,0.031151,0.01398,0.094436,0.14102,0.13012,0.40674,0.32992,0.10839,0.084454,0.14178,0.2829,0.32349,0.54809,0.63067,0.10501,0.050109,0.0026855
2,0.063617,0.0094197,0.045907,0.067341,0.06038,0.061242,0.31313,0.2566,0.18425,0.53517,0.88596,0.91673,0.87999,0.98456,0.99153,0.99052,0.9887,0.76209,0.059592,0.0056006
2,0.19287,0.086545,0.085159,0.15705,0.076812,0.075304,0.10756,0.27915,0.41518,0.43007,0.69201,0.81012,0.78167,0.89086,0.97559,0.989,0.98784,0.96387,0.53704,0.012112
2,0.057763,0.01603,0.023025,0.027614,0.056607,0.098388,0.080316,0.067367,0.03737,0.046476,0.062963,0.087178,0.29712,0.56988,0.53506,0.68873,0.84616,0.93588,0.88538,0.8939,0.78222,0.031282,0.059549
2,0.13901,0.032404,0.03869,0.072622,0.051214,0.014758,0.022999,0.084342,0.059457,0.10684,0.078821,0.27005,0.2021,0.24948,0.3433,0.56334,0.62852,0.6018,0.56357,0.097749,0.024069
2,0.098158,0.023682,0.017523,0.051918,0.13334,0.10692,0.10606,0.14426,0.057471,0.19065,0.24532,0.71691,0.85593,0.9168,0.91389,0.96059,0.94412,0.92106,0.75225,0.10727,0.03665,0.023521,0.063816
2,0.025884,0.020891,0.0049751,0.0051371,0.0086928,0.018196,0.007178,0.0090957,0.051562,0.035254,0.026541,0.048419,0.14566,0.10246,0.3347,0.48497,0.74645,0.82395,0.73581,0.56973,0.17899,0.018224,0.011103,0.039287
2,0.42999,0.06016,0.17979,0.034271,0.010124,0.018586,0.1012,0.038751,0.23728,0.036864,0.20849,0.09361,0.031804,0.081077,0.057444,0.028426,0.12365,0.33946,0.28349,0.092716,0.046323,0.0036989
2,0.8931,0.85367,0.82836,0.69051,0.55195,0.46842,0.84036,0.80756,0.56236,0.35514,0.22495,0.066177,0.079304,0.065324,0.12466,0.39172,0.69843,0.69583,0.43186,0.71045,0.24436,0.17176,0.25513,0.22869,0.31839,0.30695,0.1372,0.077996,0.051779,0.035932,0.03487,0.035466,0.0060915
2,0.68881,0.5728,0.67185,0.76546,0.61536,0.36607,0.06148,0.080891,0.44907,0.61562,0.65594,0.30616,0.57127,0.23781,0.27601,0.28851,0.44044,0.23509,0.13885,0.15706,0.067154,0.039026,0.017202
2,0.10759,0.082748,0.063719,0.19055,0.18888,0.1724,0.048632,0.17557,0.29965,0.36096,0.18527,0.23543,0.12326,0.11716,0.23886,0.30194,0.41381,0.37119,0.37217,0.27109,0.07722,0.011976,0.034186
2,0.525,0.1301,0.58777,0.58045,0.48167,0.15547,0.2288,0.62888,0.54411,0.23836,0.26121,0.21915,0.063356,0.053614,0.039796,0.055544,0.057983,0.041277,0.032125,0.068886,0.015114,0.030862
2,0.18873,0.036772,0.06383,0.037762,0.092938,0.12117,0.011496,0.0030284,0.0033472,0.0039279,0.00089664,0.10077,0.48871,0.42845,0.53313,0.4331,0.20714,0.060174,0.060045,0.03678,0.082277,0.029694,0.037786,0.1746,0.24946,0.14043,0.10002,0.045072,0.020712,0.016478
2,0.060979,0.041803,0.040764,0.061374,0.067611,0.036016,0.02487,0.078023,0.060182,0.1537,0.61651,0.72421,0.50743,0.38635,0.51375,0.19723,0.38264,0.51081,0.52795,0.061567,0.54006,0.40926,0.081601,0.016751,0.026534,0.020278,0.019074,0.021494
2,0.95476,0.60342,0.065285,0.42136,0.48963,0.1839,0.56539,0.86514,0.7933,0.78021,0.80257,0.56022,0.58316,0.77798,0.82296,0.6425,0.36484,0.26239,0.11738,0.060945,0.028459,0.043382,0.048751,0.022917
2,0.37577,0.24213,0.19884,0.20808,0.10422,0.042982,0.020029,0.021981,0.0077625,0.014166,0.061826,0.070414,0.1466,0.11995,0.11879,0.093823,0.25208,0.93429,0.93986,0.93439,0.96279,0.95708,0.4384,0.29718,0.023389,0.032991,0.014026,0.016522,0.013883,0.023403,0.07898,0.011846
2,0.34561,0.16439,0.13229,0.10911,0.074365,0.12313,0.10927,0.060487,0.060737,0.12073,0.35826,0.38938,0.31748,0.41559,0.20514,0.4297,0.39087,0.40419,0.39625,0.64796,0.43951,0.54349,0.56802,0.7581,0.7488,0.72003,0.72651,0.073457,0.018576
2,0.5,0.18269,0.25489,0.24464,0.39696,0.39353,0.67145,0.24538,0.05393,0.098524,0.35649,0.18246,0.51803,0.66439,0.63227,0.62204,0.90562,0.79351,0.90994,0.44367,0.53839,0.61663,0.32147,0.019741,0.023929,0.058525,0.024241,0.04307
2,0.11781,0.064212,0.061939,0.05436,0.026651,0.061843,0.043327,0.019942,0.02235,0.058806,0.086948,0.11644,0.080744,0.063193,0.0065727,0.0040278,0.0061374,0.048192,0.0060103,0.0074062,0.0032868,0.0019614,0.0020723,0.0015456,0.014408,0.0294,0.0072806,0.013741
2,0.35588,0.12824,0.1188,0.16706,0.22436,0.21058,0.094792,0.061145,0.0077969,0.0046252,0.0053787,0.01421,0.068594,0.63201,0.7583,0.75626,0.9376,0.73592,0.58988,0.60945,0.71775,0.1198,0.69676,0.31478,0.62198,0.88215,0.87056,0.47067,0.54815,0.19385,0.10847,0.092644,0.017876,0.098737,0.089602,0.045986
2,0.090631,0.28916,0.41235,0.76092,0.75085,0.77666,0.58419,0.28784,0.26089,0.5,0.46609,0.68294,0.37512,0.25118,0.057861,0.049727,0.1735,0.0759,0.044135,0.044246,0.044935,0.04481,0.048941,0.086966,0.096502,0.014178,0.040134
2,0.065763,0.037534,0.03,0.039006,0.038176,0.023076,0.019579,0.02249,0.021007,0.016581,0.019431,0.060429,0.10238,0.15838,0.27987,0.34738,0.46848,0.83161,0.33621,0.64549,0.6951,0.67388,0.10766,0.088964,0.11675,0.048487,0.010293
2,0.58631,0.14579,0.028334,0.038098,0.029679,0.032766,0.053946,0.2309,0.32316,0.6135,0.80825,0.83828,0.5064,0.047664,0.29034,0.26075,0.10156,0.2194,0.18385,0.25436,0.39552,0.34695,0.31153,0.20269,0.41223,0.21488,0.59015,0.51878,0.56183,0.026851,0.014152,0.012291,0.01423,0.020435,0.017071,0.035041,0.067988
2,0.054009,0.05335,0.091713,0.080122,0.20366,0.25694,0.30751,0.27337,0.33197,0.096326,0.039201,0.059643,0.04245,0.045951,0.064503,0.071006,0.097099,0.099077,0.058662,0.051873,0.048374,0.08252,0.1029,0.11849,0.1216,0.15783,0.10794,0.13988,0.21282,0.20252,0.18015,0.86089,0.98478,0.99638,0.99567,0.99379,0.93087,0.60385,0.35415,0.20735,0.040892,0.031177,0.056097,0.10809,0.099021
2,0.92749,0.20397,0.031033,0.015524,0.18285,0.16384,0.20492,0.47845,0.40689,0.23578,0.38523,0.28616,0.22581,0.1318,0.05279,0.024137,0.013433,0.14193,0.068849,0.038653,0.075827,0.070993,0.019306,0.040545,0.15343,0.51417,0.67781,0.65248,0.77801,0.60521,0.18342,0.14641,0.15989,0.088056,0.14073,0.12108,0.27756,0.097554,0.04957
2,0.22607,0.061361,0.033963,0.028607,0.060513,0.080531,0.15421,0.22161,0.40101,0.7271,0.87022,0.91567,0.92491,0.53274,0.60922,0.56489,0.33396,0.17749,0.30035,0.14458,0.058644,0.030202,0.02703,0.17443,0.16042,0.15809,0.2026,0.18762,0.034313,0.049648,0.05243,0.081809,0.10869,0.0807,0.12328,0.076757
2,0.21491,0.10576,0.029501,0.036299,0.058755,0.053519,0.060186,0.11685,0.10409,0.081395,0.061694,0.11427,0.20983,0.25681,0.23228,0.16781,0.044439,0.096705,0.059553,0.074254,0.16412,0.14437,0.076048,0.25356,0.21502,0.5,0.93027,0.947,0.92972,0.9789,0.98709,0.21101,0.084803,0.11169,0.075681,0.052515,0.075415,0.14829,0.082431,0.066687,0.068753
2,0.18818,0.042781,0.066411,0.059678,0.12932,0.14361,0.26168,0.35787,0.361,0.2691,0.44562,0.1531,0.18729,0.29173,0.34635,0.38931,0.39605,0.28377,0.29309,0.39813,0.53838,0.37413,0.41968,0.16927,0.11506,0.20034,0.12271,0.018455,0.015097
2,0.11,0.14306,0.11865,0.038995,0.28376,0.39439,0.45903,0.392,0.55351,0.72718,0.21958,0.028695,0.024987,0.25553,0.32246,0.62681,0.83377,0.88334,0.83068,0.89646,0.95106,0.95239,0.96371,0.88878,0.079684,0.041509,0.070595,0.11865,0.060745,0.031408,0.023886,0.015932
2,0.77662,0.21958,0.25342,0.53446,0.50708,0.24837,0.4368,0.6809,0.86202,0.70517,0.60759,0.52904,0.64979,0.66838,0.62244,0.54591,0.43774,0.05995,0.029049,0.01652,0.012373,0.012606,0.022543,0.022094,0.037843,0.010698,0.035337
2,0.80332,0.4181,0.68611,0.91874,0.88454,0.91419,0.94839,0.92862,0.5,0.76951,0.73939,0.83183,0.59224,0.53562,0.30395,0.17108,0.18846,0.18005,0.21419,0.097071,0.075947,0.093584,0.08768,0.037309
2,0.044659,0.028868,0.0474,0.038706,0.035436,0.073523,0.08485,0.10158,0.1431,0.10778,0.040593,0.033482,0.12006,0.26262,0.36901,0.45586,0.74518,0.58344,0.80719,0.94905,0.95151,0.85227,0.92328,0.95948,0.91483,0.9079,0.89773,0.70639,0.78478,0.79732,0.6653,0.080726
2,0.097446,0.051709,0.023763,0.039874,0.049996,0.043413,0.070072,0.087294,0.060963,0.14745,0.11057,0.17316,0.19793,0.42362,0.56543,0.66486,0.88709,0.15546,0.563,0.87341,0.93902,0.96406,0.90801,0.94201,0.88298,0.77771,0.71349,0.40519,0.52688,0.29911,0.10276,0.03114,0.010836
2,0.53,0.18954,0.4553,0.88798,0.89336,0.91998,0.90347,0.86828,0.60594,0.3857,0.39644,0.34978,0.60172,0.71844,0.83222,0.82062,0.63264,0.62956,0.55821,0.39306,0.33649,0.37228,0.20646,0.055284,0.0044714
2,0.27803,0.17561,0.17911,0.19225,0.2998,0.18113,0.37861,0.37225,0.30145,0.61453,0.87347,0.84337,0.85833,0.63962,0.38366,0.37863,0.39314,0.55343,0.7605,0.89339,0.86332,0.21687,0.29698,0.26562,0.025646,0.022287,0.030985,0.028713,0.029085,0.031367,0.030037,0.0049798
2,0.64595,0.44652,0.71366,0.80124,0.70673,0.74161,0.91272,0.93341,0.82742,0.154,0.019831,0.37786,0.31998,0.11367,0.10115,0.42011,0.015743,0.012154,0.0090875,0.0069952,0.011651,0.015499
2,0.17785,0.24381,0.2017,0.11562,0.21598,0.30244,0.22567,0.21488,0.11436,0.1193,0.073265,0.066593,0.14054,0.30861,0.39662,0.7827,0.80452,0.8508,0.51698,0.50555,0.45353,0.33396,0.30247,0.28662,0.10629,0.041345,0.017979
2,0.47744,0.34684,0.2378,0.33328,0.67595,0.5616,0.74039,0.75281,0.69185,0.15493,0.13047,0.64553,0.67593,0.76664,0.71347,0.072674,0.36032,0.33966,0.38017,0.67612,0.42906,0.026742,0.059723,0.064288,0.030979,0.03481
2,0.40844,0.10367,0.18189,0.43408,0.38065,0.53202,0.46346,0.74482,0.648,0.2145,0.10214,0.50741,0.5,0.32343,0.23612,0.35924,0.078591,0.062651,0.046006,0.053855,0.048071,0.023722
2,0.34105,0.36237,0.6728,0.69376,0.78956,0.76913,0.82649,0.5586,0.19546,0.081454,0.12954,0.035264,0.023598,0.014787,0.13059,0.048565,0.10968,0.082679,0.072433,0.10604,0.06377,0.03026
2,0.67799,0.68889,0.50826,0.79178,0.67688,0.67336,0.82825,0.83745,0.73371,0.24271,0.096449,0.016617,0.12961,0.081523,0.11036,0.10354,0.067921,0.1904,0.10329,0.20485,0.14644,0.11779,0.06026,0.028397,0.025143
2,0.89945,0.65275,0.80926,0.86242,0.77501,0.32736,0.46188,0.44243,0.38226,0.54083,0.35854,0.08169,0.16805,0.44049,0.61106,0.31566,0.25651,0.36822,0.10893,0.024878,0.038134,0.10652,0.12463,0.14433,0.060923,0.12608,0.021341
3,0.00013133,2.2909e-05,1.4664e-05,1.2654e-05,2.8085e-05,3.3314e-05,4.9855e-05,0.00015452,0.00031268,0.0013364,0.0034206,0.0065014,0.002273,0.00054712,0.0010678,0.0012955,0.0029234,0.035046
3,0.0054962,0.0014017,0.00059345,0.00024084,0.00014303,4.6918e-05,3.8927e-05,0.00010545,0.00023089,0.00076375,0.0018511,0.017127,0.018088,0.02244,0.052354,0.0047307,0.00068581,0.0011254,0.0019242
3,0.00074647,0.00040764,4.5104e-05,6.5549e-05,1.1745e-05,2.537e-05,0.00010191,0.00016033,0.0052098,0.0049279,0.022503,0.022683,0.019045,0.0020448,0.00031513,7.7508e-05,6.1516e-05,1.8478e-05,6.8267e-06,3.5078e-05,0.00012462,5.2073e-05,0.00053157,0.00039873,0.00022602,0.00010187,4.1042e-05,1.0263e-05,2.2484e-05,7.8569e-05,0.0017519
3,3.9552e-05,1.5781e-05,2.8137e-05,0.00029381,0.00010107,0.00014761,0.00019205,0.00042068,0.00090696,0.00041879,4.8419e-05,0.0002044,0.0001973,9.5037e-05,3.2758e-05,8.1563e-05,0.00013605,0.00030917,0.001883,0.035069,0.0066202
3,0.0022192,0.0003649,0.00015185,7.5245e-05,4.6993e-05,6.3938e-05,0.00021712,0.00098989,0.0012373,0.002669,0.0016512,0.0025358,0.0053741,0.0066784,0.0052698,0.00026299,0.0002507,0.00023767,9.118e-05,0.00011894,4.5168e-05,3.534e-05,1.3327e-05,7.676e-05,6.3387e-05,0.00035893,0.00025151,0.00076639,0.0052989
3,0.00018891,0.00012769,0.00042141,0.00025431,0.00027798,0.00015086,0.00011409,0.00028014,0.0011036,0.0040268,0.0040273,0.0094225,0.0091362,0.011469,0.014958,0.0078709,0.0081333,0.0080509,0.0098684,0.0076495,0.0099119,0.0096044,0.01122,9.0584e-05,0.00024516,0.00013574,0.00012878,4.3247e-05,0.00024646,0.00022588,0.00011344,6.9174e-05,4.8102e-05,0.00032122,0.00019374,0.00024207,0.00029675,0.0014055,0.0009805
3,0.0011792,0.00028864,0.00036108,0.0001504,8.9832e-05,0.00012429,4.2844e-05,2.5541e-05,0.00010482,0.00016872,0.00016545,0.00015621,7.1872e-05,2.6739e-05,0.00033156,0.00041127,0.0036808,0.0042278,0.0042558,0.0038413,0.0035316,0.003963,0.0028766,0.00039074,7.6672e-05,0.00014829,7.4667e-05,4.2723e-05,3.4314e-05,0.00013674,8.752e-05,0.00037363,0.0013192,0.00031214,0.0003075,0.00010064,3.7811e-06,1.3704e-06,3.1168e-06,8.8309e-06,3.0425e-05,6.4895e-05,4.6517e-05,1.7421e-05,7.8287e-06,1.3021e-05,6.9162e-05,6.1762e-05,0.00074859,0.0030088,0.01907,0.0091754,0.0050504,0.0013235,0.0083424,0.0068457,0.011554
3,0.00059464,0.00026572,3.661e-05,0.00011757,3.3226e-05,4.667e-05,6.8487e-05,4.2559e-05,9.1409e-05,0.00020267,0.00030817,0.00079707,0.00055601,0.00027598,0.00025984,0.00053319,0.00076702,0.011398,0.02158,0.01694,0.002034,0.00087797,0.00089165,0.00051038,0.00025225,4.6934e-05,6.7274e-05,0.00012151,0.0003656,0.0015828,0.00053112,0.0003055,3.5286e-05,1.4034e-05,1.2291e-05,5.0128e-05,4.8484e-05,0.00020831,0.00080006,0.00037503,0.00016385,2.0435e-05,2.9321e-05,1.7386e-05,2.2407e-05,8.6357e-05,0.00029108,0.0008591,0.0022034,0.001026,0.0037646,0.009046,0.020749,0.0033704
3,0.0010921,0.00050391,0.00022913,0.0001376,7.2211e-05,8.3074e-05,4.6836e-05,3.3223e-05,6.8495e-05,9.7233e-05,9.8619e-05,7.8811e-05,9.4449e-05,1.1628e-05,1.0799e-05,1.2564e-05,3.1826e-05,1.8055e-05,0.0002515,0.0011603,0.00099369,0.00065814,0.00035992,0.00011378,6.2823e-05,5.1081e-05,0.00014275,0.00015119,0.00023624,0.00073903,0.0017813,0.0018331,0.0054297,0.0052885,0.0035803,0.0023448,0.0012751,0.0058973,0.0053726
3,0.0012455,0.00050998,0.00023745,8.7645e-05,3.9699e-05,0.00015861,5.373e-05,0.00011627,0.0016578,0.00062009,0.00045744,0.00093836,5.8747e-05,3.7951e-05,1.9898e-05,3.084e-05,2.4085e-05,5.8715e-05,3.5858e-05,9.4156e-05,3.5729e-05,3.0459e-05,2.7896e-05,1.4117e-05,4.1306e-05,0.00097202,0.0016445,0.013761,0.057867,0.52905,0.12075,0.0087932,0.0095918,0.039752
3,0.0016103,0.00013231,0.0011318,0.00013108,4.9368e-05,7.8625e-05,5.7e-05,5.136e-05,6.3665e-05,2.6911e-05,5.2509e-05,2.3374e-05,1.2377e-05,3.3194e-05,0.00013841,3.7069e-05,0.00018244,0.00016509,0.0001079,4.5375e-05,5.3191e-05,9.3452e-06,1.2078e-05,1.2448e-05,1.3192e-05,1.5215e-05,0.00020387,0.00031174,0.00049001,0.014214,0.024879,0.010549,0.010271,0.020028,0.040674
3,0.0017856,0.00043313,0.0012577,0.0014612,0.00052052,0.00096112,0.0039654,0.0022587,0.0015172,0.0011378,0.002002,0.0018603,0.0014363,0.0013356,0.0004313,0.00017791,0.00014742,6.8964e-05,5.5446e-05,0.0001304,0.00050199,0.0017719,0.0025891,0.0033809,0.00037722,0.00014096,7.0043e-05,4.0014e-05,1.8701e-05,0.00024662,0.0009036,0.0013956,0.00078924,0.00051657,0.00056848,0.0015692,0.00085833,0.0031771,0.020352,0.1648,0.10122,0.013329,0.0021973,0.00053732,0.0010145
3,4.8114e-05,1.7094e-05,5.0569e-06,2.0437e-05,4.9467e-05,0.00015571,0.00023769,5.8034e-05,1.7169e-06,6.5317e-06,6.2512e-05,5.7325e-05,0.00050925,0.0056836,0.0047142,0.0035398,0.0043736,0.0048236,0.0012011,0.0004223,0.0024325,0.0020218,0.00070038,0.00012183,0.00053474,0.00020096,0.00013152,0.00011784,0.00020374,0.00074473,0.00030088,5.8556e-05,0.00027995,0.00069162,0.0029244
3,6.3236e-06,3.6235e-06,6.701e-06,2.5575e-05,6.0408e-05,0.00015597,6.583e-06,2.595e-05,4.3079e-05,0.00011726,0.001656,0.00048625,8.7786e-05,0.00013687,6.2207e-05,5.0377e-05,1.6242e-05,3.3657e-05,0.00034183,0.00032897
3,0.00082861,0.00035438,7.9817e-05,5.4388e-05,6.8856e-05,8.1402e-05,4.5557e-05,1.4854e-05,4.0551e-05,4.0277e-05,7.1899e-05,0.00015301,0.00017197,5.3403e-05,0.00015261,0.00017183,0.00018677,0.0032078,0.028582,0.02606
3,3.543e-05,1.5569e-05,2.9949e-05,0.00015114,0.00029054,0.00030054,0.0010723,0.0026779,0.00064611,1.6368e-05,7.096e-06,7.4271e-06,5.9806e-05,0.00047392,0.0078962,0.0059218,0.005464,0.0063457,0.0084273,0.0090668,0.0083636,0.0060485,0.0052918,0.004155,0.00067008,0.00035194,0.0019351,0.0027815,0.0017551,0.00074366,0.00064494,0.0003604,0.00021065,0.00032607,0.0001425,6.7113e-05,1.3192e-05,0.00017374,0.00021778,0.00059403,0.0089809
3,7.0069e-05,3.1623e-06,4.5743e-06,3.4428e-05,8.7753e-05,0.00035614,0.0024149,0.0008865,4.0227e-05,5.1863e-05,0.00022565,0.00022693,0.0004188,0.00043446,0.00043886,0.001158,0.0022968,0.0023952,0.0075144,0.0042987,0.0037598,0.0046621,0.0021017,0.0043444
3,1.0535e-05,1.905e-06,2.1077e-06,3.756e-06,1.8137e-06,1.8385e-06,2.5046e-06,5.1898e-06,4.343e-05,7.9831e-05,6.6585e-05,3.0502e-05,9.1309e-05,4.935e-05,1.4543e-05,3.0615e-05,2.6646e-05,0.00010527,0.004092,0.011233,0.00082482,0.00021406,0.00019941,0.00015142,1.5254e-05,4.858e-06,5.8149e-06,4.6665e-06,4.2357e-06,2.8455e-06,4.4358e-06,1.104e-05,0.00020944,0.00018744,0.0011765,0.00035444,0.00027514,0.00059842,0.0048677,0.0042739
3,0.0010308,0.00013938,4.5392e-05,1.5516e-05,3.3904e-05,0.00014001,0.0002038,0.00031896,0.0004033,0.0012829,0.00022586,0.0010599,0.0042524,0.0054845,0.0066275,0.057235,0.066311,0.012335,0.017455,0.013519,0.0044924,0.00047362,0.00042084,0.00071742,0.00028898,0.0017591,0.002958,0.0026843,0.037583,0.0093106,0.0029579,0.0054527,0.012848,0.0088911
3,0.0051113,0.00082358,7.0787e-05,9.9648e-05,0.00010045,0.00025462,0.00054257,0.00096104,0.00034784,4.5638e-05,9.8992e-05,0.00013582,0.00065622,0.0036202,0.0048318,0.0046609,0.00061367,0.001269,0.002693,0.0069532,0.013342,0.01801,0.047791,0.047393,0.043292,0.039961,0.038836,0.036707,0.066949,0.029631,0.0022874,0.0033672,0.0067323,0.011043,0.0063071,0.003494,0.010859,0.012714,0.0042044,0.0016638,0.00011422,0.00017688,0.00019104,0.00015036,0.00014577,0.00032259,0.00085674,0.00085098,0.0040562,0.0061155,0.031788,0.013212
3,0.00012295,2.5357e-05,5.5426e-06,2.4413e-05,2.3514e-05,4.5089e-05,0.00010685,0.00026747,1.5635e-05,1.6478e-05,1.6787e-05,2.4266e-05,6.5782e-05,0.00012755,0.00013949,1.0167e-05,9.0965e-07,1.206e-06,2.2263e-06,6.0466e-06,2.2512e-05,6.7321e-05,0.0001507,5.9268e-05,5.8226e-06,1.3223e-05,3.0468e-05,2.6401e-05,1.1922e-05,4.9158e-06,7.6591e-06,1.319e-05,5.2108e-05,0.0001328,0.0003594,0.00037034,0.0038541
3,0.0066477,0.00029541,7.4189e-05,1.8823e-05,6.1416e-06,1.8067e-05,0.00012681,0.00041797,0.011038,0.023991,0.010619,0.006452,0.0065717,0.0069362,0.0050457,0.0011892,0.011603,0.0019425,0.0021279,0.0021244,0.0001095,0.00013595,0.00070673,0.001425,0.001976,0.0067115,0.0019204,0.000235,0.00012031,0.00012435,0.00023581,0.00043459,0.0014152,0.0042301,0.006256,0.005134,0.0059653,0.0057502,0.009176,0.0097771,0.013065,0.013111,0.011813,0.00060792,7.1881e-05,0.00024185,0.00040737,0.00022164,0.00030294,0.0041457,0.0029732,0.050776,0.035631,0.02284,0.014485,0.0079349,0.0088739,0.0080433,0.007484,0.0066106,0.064387,0.052112,0.010321,0.0057681,0.00059712,4.4215e-05,8.9726e-05,8.2704e-05,4.7741e-05,4.2673e-05,0.00020768,0.00048952,0.0030484,0.015567,0.0032187,0.012749,0.011075
3,2.2222e-05,3.0521e-06,2.99e-07,3.0666e-07,2.8324e-07,9.9583e-07,4.8611e-06,8.8591e-07,2.7965e-06,5.6458e-06,8.8697e-06,8.0767e-05,7.9411e-05,6.6709e-06,1.8364e-06,1.0205e-05,4.2168e-05,8.0345e-05,3.4256e-05,0.00012444,4.9964e-05,4.4582e-06,4.5165e-06,3.6039e-06,5.0625e-06,1.4388e-05,2.6573e-05,1.6416e-05,7.5727e-06,5.6857e-06,5.6321e-06,3.3066e-06,7.7973e-06,0.00020343,0.00019105,8.2704e-05,5.7753e-05,0.00050805,0.0049017,0.0041941,0.0053913
3,0.00030114,2.798e-05,2.5475e-05,1.2428e-05,1.6656e-05,2.9859e-05,7.1752e-05,4.9925e-05,0.00021096,0.00025803,0.00048109,0.00028665,0.00057879,0.00065395,0.00047748,0.00067053,0.00070553,0.00040444,8.8291e-05,7.1367e-05,9.3564e-05,9.3154e-05,3.149e-05,1.9701e-05,3.4988e-05,3.8846e-05,2.2111e-05,5.3154e-05,4.2337e-05,4.7021e-05,0.00014367,0.0005678,0.0086778,0.005708,0.0074664,0.0076384,0.0098519,0.010625,0.0085197,0.0056481,0.00053031,0.00010249,0.00018412,0.0001938,0.00016661,4.5573e-05,7.8528e-05,0.00011771,8.0133e-05,0.00013346,6.4233e-05,4.9076e-05,4.908e-05,5.1191e-05,1.8626e-05,3.1103e-05,5.0956e-05,0.0040151,0.010147,0.0086878
3,0.00013932,1.5554e-05,3.902e-06,4.437e-06,3.5969e-06,2.4152e-05,2.0216e-05,3.998e-05,9.3023e-05,8.8655e-05,0.00018364,0.00017215,0.00010874,0.00025759,0.00059324,0.00011465,0.00016055,0.0002853,0.00020927,0.00034649,0.00021016,0.00026821,0.00031732,0.00015284,6.0795e-05,6.4255e-05,0.00024795,0.00034756,0.0012398,0.0012344,0.011152,0.00672,0.0064792,0.0074304,0.036513,0.018146,0.020476,0.0074912
3,0.0059657,0.00059804,5.1495e-05,6.7068e-05,0.00033457,0.00068913,0.0011289,0.00059905,0.00069288,0.0007318,0.0013025,0.0015877,0.0027595,0.0030967,0.00082056,0.0014217,0.0029892,0.0036891,0.002593,0.0040208,0.0027185,0.00048963,0.00064185,0.0012949,0.0046206,0.011182,0.033949,0.029972,0.025978,0.034828,0.047106,0.035759,0.038435,0.038432,0.046149,0.050376,0.0089358,0.013927,0.0076377,0.0018654,0.0008907,0.0025855,0.0034031,0.0063105,0.0075137,0.00733,0.0036897,0.0024067,0.0048909,0.01732,0.023395,0.025727,0.045698
3,6.0468e-05,1.9978e-05,1.175e-06,1.6178e-06,4.09e-06,7.1673e-06,1.531e-05,2.6047e-05,2.5002e-05,7.5668e-05,0.00020625,0.00099337,0.016335,0.0070955,0.0066319,0.0080721,0.0058988,0.0067482,0.0049252,0.0032481,0.0013646,0.0012121,0.00027849,0.00024675,0.00076249,0.0010535,0.0025167,0.021179,0.0061836,0.0033463,0.0017993,0.00054896,3.4181e-05,1.762e-05,4.4696e-05,0.00019026,0.00018484,5.2012e-05,0.00017623,0.00033985,0.00028942,0.00037645,0.00014931,0.000166,0.00025646,0.00069814,0.00081594,0.0062493,0.006319,0.0040743,0.005353,0.0056037,0.0058029,0.0080998,0.0074674,0.00083091,0.00050764,0.00086695,0.0012234,0.00081336,0.00019495,0.00022813,0.00010549,6.1643e-05,4.3421e-05,0.00051658,0.00073017,0.0064339,0.0070245,0.00085585,0.00058917,0.00086374,0.00073784,0.00085739,0.00022109,0.00078326,0.0039849,0.0064964,0.01649,0.0020503,0.0072997,0.0059329,0.005518,0.0028979,0.0027785,0.0014058,0.0013475,0.0069342,0.0050796,0.003022
3,8.8955e-05,8.4115e-06,1.419e-06,2.1874e-06,3.426e-06,3.1912e-06,2.8694e-06,8.2879e-06,1.3556e-05,1.2673e-05,1.1106e-05,0.00037467,0.0017085,0.0013743,6.8308e-05,2.6588e-05,4.413e-05,1.9178e-05,1.7957e-05,3.4142e-05,7.3956e-05,0.00010433,3.3704e-05,6.9268e-06,2.6232e-05,5.7375e-05,0.00010436,2.4768e-05,2.893e-05,3.8043e-05,3.7914e-05,7.813e-05,0.00021006,0.0010663,0.0023857,0.0016234,0.00078163,0.00071088,0.00042528,0.00029617,0.001193,0.0021226,0.0031247,0.0013916,0.0017855,0.0016342,0.0013802,0.00058558,0.0011936,0.0029694
3,0.0016075,0.00082891,0.00050211,0.00025038,3.2625e-05,0.00094975,0.0058788,0.047982,0.028705,0.0034331,0.0030997,0.0020529,0.00094273,0.0015945,0.0010094,0.0017804,0.0030294,0.0034058,0.0029835,0.0036909,0.00074325,0.00061443,0.00051637,0.0013185,0.0035836,0.021421,0.013172,0.011662,0.010033,0.0090665,0.01111,0.010482,0.011437,0.00062312,0.00044173,0.0014807,0.0010608,0.00044874,0.00040708,0.0002907,0.00028682,0.0012375,0.0020797,0.0073557,0.0035941,0.0058975,0.028862,0.066664,0.091348,0.051313,0.021765,0.0083436,0.003094,0.00029395,0.00087421,0.0034327,0.012733,0.010144,0.0062199,0.0084935,0.010317,0.0093008,0.0063649,0.0068211,0.0014011,0.0033263,0.0028241,0.0046877
3,0.00011053,4.3251e-06,2.7602e-06,6.8921e-06,2.5879e-05,0.00011677,0.00025757,0.0001056,5.9503e-05,0.00019292,0.00073397,0.0038521,0.00057298,0.00017332,0.00056105,0.0018559,0.0074938,0.080367,0.012857,0.0043826,0.0036704,0.00080111,0.00057782,0.00039354,0.0013501,0.002021,0.00089251,0.00026084,0.00028159,0.00079895,0.0033063,0.0011376,0.0035378,0.0046999,0.0033413,0.0058076,0.0039102,0.004433,0.0090628,0.0092219
3,0.00039244,7.4005e-05,2.0244e-05,8.9771e-05,3.2013e-05,1.4167e-05,4.9151e-06,2.7525e-05,0.00010169,0.00013604,0.00015857,0.00020071,0.00027184,0.00014903,0.00057598,0.0018848,0.0044938,0.00021383,0.00022208,0.0003041,0.0006712,0.0015204,0.0055204,0.006393,0.0050317,6.9572e-05,1.4954e-05,1.5382e-05,5.6803e-05,3.5254e-05,1.7343e-05,2.6825e-05,1.7476e-05,1.2475e-05,7.9107e-05,0.00074529,0.0033332,0.014672,0.0081041,0.0042972,2.9579e-05,0.00024697,9.2797e-05,0.00014071,0.00014464,0.00029767,0.00011817,0.00014697,0.00013022,0.00012526,0.00031545,0.00084957,0.00068975,0.0038982
3,0.00027526,7.0619e-05,0.00010299,7.6052e-05,8.3606e-05,0.00011134,0.00017773,0.00051114,0.0016014,0.0038222,0.012042,0.0015825,0.00082503,0.00042321,0.0015632,0.0020508,0.0041324,0.011894,0.010604,0.0076528,0.0085613,0.0089989,0.0080021,0.0075406,0.006881,0.0082642,0.00037192,0.00089601,0.00071666,0.00043225,0.00019136,0.00035668,0.00069536,0.00058355,0.00064983,0.00056852,0.0004762,1.6975e-05,2.248e-05,0.00016254,0.00023593,0.00094795,0.0016541,0.0025143,0.0014597,0.0012836,0.0096038
4,0.048759,0.025208,0.018791,0.0026681,0.0073515,0.022133,0.0098915,0.0066604,0.0048631,0.0086243,0.0091869,0.0088502,0.0073347,0.0081563,0.012564,0.01365,0.012105,0.027582
4,0.044028,0.017832,0.006636,0.0097003,0.0022766,0.006369,0.022481,0.010705,0.0089606,0.0062297,0.0022887,0.002113,0.002543,0.0014099,0.0014658,0.0019968,0.0066272
4,0.00022369,5.9049e-05,0.00020926,0.00023848,0.0001428,0.00024906,0.0006161,0.00046112,0.00049146,0.00056085,0.0060564,0.013294,0.094556,0.015153,0.016194,0.045933,0.024616,0.024068
4,0.047642,0.039877,0.047747,0.015388,0.0026913,0.0058118,0.0065458,0.0033246,0.0017627,0.002599,0.006018,0.017469,0.029273,0.018214,0.023517,0.040291,0.023458,0.036443
4,0.0049285,0.0012145,0.0023566,0.00095576,0.0014984,0.022451,0.10527,0.047794,0.012462,0.066566,0.019616,0.0058481,0.0041931,0.013307,0.034176,0.034753
4,0.004557,0.000765,0.0010692,0.00031849,0.00025105,0.0037225,0.0022726,0.0035335,0.0057141,0.024979,0.012394,0.019078,0.0041944,0.0066966,0.028283,0.033992
4,0.021904,0.0015867,0.00060856,7.5418e-05,0.00020445,0.00036493,0.0010398,0.002118,0.0098719,0.014744,0.020973,0.013501,0.0063601,0.0012226,0.00081812,0.0012903,0.0043984,0.016279
4,0.0053204,0.00066506,0.00049584,0.00020277,0.00027798,0.00026554,0.00074226,0.0039131,0.0058955,0.022678,0.035879,0.032498,0.028878,0.027149,0.057215,0.030445,0.029923
4,0.019555,0.00031556,0.00055064,0.00037435,0.0007146,0.00046121,0.00044522,0.0023116,0.0030412,0.0062039,0.0085279,0.012078,0.0092513,0.024319,0.024246,0.055005,0.016814,0.007198
4,0.0036312,8.6284e-05,2.1323e-05,4.0927e-05,3.8063e-05,0.00013475,0.0012483,0.0030299,0.019239,0.014474,0.0050798,0.0050032,0.0023685,0.0061136,0.014412
4,0.061942,0.049427,0.045618,0.01586,0.032801,0.036278,0.0041802,0.053007,0.056327,0.033294,0.017476,0.023395,0.001729,0.0012264,0.0044065,0.031531
4,0.0042893,0.0011266,0.0088744,0.0078271,0.0033941,0.0018281,0.0042987,0.0007949,0.0010096,0.0018606,0.0018905,0.0008132,0.0014541,0.00069675,0.00043544,0.00031988,0.0012267,0.0056715
4,0.0026057,0.0017991,0.00046837,0.0010101,0.0011751,0.0011901,0.0023081,0.0014824,0.00073151,0.0023408,0.0010178,0.0019138,0.0019001,0.0031224,0.0030581,0.0011494,0.0054199,0.020785,0.013666,0.0090465,0.0096244
4,0.0088619,0.00044497,0.0019865,0.0036631,0.0022382,0.00162,0.0023603,0.0010912,0.0040256,0.0027432,0.011465,0.014392,0.014767,0.0060127,0.0052942,0.0079109
4,0.060852,0.0054453,0.0034615,0.0037277,0.0068518,0.0046823,0.0076796,0.034439,0.015975,0.0022694,0.0024086,0.0016512,0.0010812,0.001124,0.0017529,0.003305,0.0044959,0.0051019,0.0059861,0.0030181,0.0013658
4,0.028184,0.0074957,0.014623,0.0070466,0.0031426,0.001701,0.0030798,0.0051991,0.0025224,0.0036292,0.0021783,0.0024511,0.0056562,0.0072086,0.0060089,0.016596,0.0064985,0.0035109,0.00082956,0.00058327,0.00085202,0.0024607,0.0027067,0.006587,0.0084347,0.017678,0.016404,0.029177,0.021027,0.014387,0.0073314,0.030612,0.026007
4,0.01844,0.0064402,0.013763,0.0045163,0.00092793,0.0011557,0.0022781,0.0028868,0.0028096,0.0014735,0.002263,0.003327,0.0023259,0.0025195,0.0052879,0.0071395,0.0027022,0.0025494,0.0028297,0.0015179,0.0021872,0.0032555,0.0064837,0.0034617,0.0044514,0.0046613,0.010428,0.014555,0.011062,0.016198,0.0093323
4,0.26444,0.061746,0.061355,0.0082231,0.01006,0.0075673,0.015283,0.02475,0.0083016,0.012881,0.0070495,0.0091865,0.013639,0.013565,0.0079565,0.0085097,0.0078074,0.0051432,0.0037343,0.0026489,0.0031346,0.0033068,0.0037471,0.0094508,0.010069,0.016829,0.027298,0.04703,0.050178,0.054668,0.061208,0.032849
4,0.019388,0.0066676,0.013652,0.0058429,0.0034502,0.0026941,0.0028473,0.0017709,0.00045958,0.0011239,0.00021765,0.00015705,0.00033991,0.0011411,0.0019168,0.0067807,0.0020678,0.00090074,0.00018387,0.00011839,0.00014915,0.00060437,0.0018384,0.000379,0.00062642,0.00090041,0.0022548,0.018076,0.020112,0.015028,0.060645,0.0064321
4,0.024525,0.010597,0.020665,0.025513,0.021207,0.019787,0.02789,0.022461,0.010368,0.0016498,0.0012341,0.0013957,0.0067955,0.0084191,0.015598,0.016333,0.0060219,0.0018769,0.0012668,0.0014429,0.00081164,0.0017602,0.0021982,0.0031741,0.0026836,0.0031714,0.005969,0.0078424,0.0063272,0.033221,0.064538,0.012163
4,0.0014708,4.3605e-05,9.6286e-05,0.00070714,0.00065014,0.00057406,0.0011975,0.00056087,0.0019171,0.0034355,0.0072683,0.010934,0.013107,0.016185,0.023478,0.010717,0.0034492,0.0024201,0.0037465,0.0045953,0.023539
4,3.3088e-06,1.022e-06,5.915e-06,5.5798e-05,0.00010554,0.0001175,3.4722e-05,0.00012618,0.00030984,0.0010451,0.0011453,0.0016393,0.0019269,0.00094791,0.00033002,0.0012535,0.0015118,0.0020865,0.0034239
4,0.00035091,9.8664e-05,0.00041344,0.00037478,0.00026984,0.00046105,7.0504e-05,6.1375e-05,8.9935e-05,0.00032113,0.0010449,0.00081412,0.0010502,0.0022444,0.0025831,0.0018723,0.0047915,0.0062464,0.0061583
4,5.0709e-05,1.3134e-05,5.0521e-05,8.0341e-05,0.00010858,6.933e-05,3.8663e-05,7.4467e-05,0.00030428,0.0018165,0.0025776,0.0054228,0.0015646,0.00054094,7.8391e-05,0.0003582,0.00076733,0.0047763
4,0.0023128,8.235e-05,6.806e-05,0.00014742,0.000183,0.0004059,0.00021649,0.00028981,0.00057953,0.00067153,9.5264e-05,0.00085709,0.00036534,0.00055424,0.0017513,0.0069346,0.040629,0.099094,0.060348,0.0033215,0.001733,0.0015165,0.0042788,0.013846
4,0.00039974,0.00011205,0.00018308,0.00089278,0.0023814,0.0098833,0.0023507,0.0015197,0.0037135,0.0050409,0.0043679,0.0016908,0.0035593,0.001353,0.000646,0.00070196,0.0016426,0.0024489,0.0082589,0.0036328,0.0043285,0.00090101,0.0010309,0.0030115,0.010077
4,0.0045966,0.00048174,0.00063422,0.00094775,0.00077773,0.00081579,0.00059031,0.0010057,0.0015821,0.0040678,0.0017256,0.0031571,0.0029262,0.0012901,0.0019297,0.0030943,0.010184,0.0061468,0.01368,0.0040435,0.006548,0.0037885,0.004894,0.042448
4,0.00062638,5.3407e-05,1.9158e-05,0.00011823,0.00045928,0.0031274,0.0022591,0.00078183,0.00074954,0.00037777,6.0953e-05,0.00022168,0.00032836,0.0002906,0.00051441,0.00082072,0.0014637,0.0039026,0.0093626,0.007939,0.0037661,0.0027407,0.0029442,0.0027323,0.0055522
4,0.0034423,0.001099,0.0011991,0.0030451,0.0048643,0.0034514,0.0013985,0.00077413,0.00068432,0.0020072,0.0014284,0.0007964,0.001172,0.0044481,0.02006,0.029537,0.018916,0.016817,0.0071994,0.0013571,0.00092922,0.0010443,0.00088462,0.00054043,0.0013429,0.0033425,0.0035826,0.0081503,0.010057,0.024171
4,0.00083341,3.9372e-05,2.5822e-05,5.5733e-05,5.4263e-05,0.00074608,0.00099456,0.00047877,0.00049904,0.0030056,0.0036548,0.00077454,0.00091298,0.00092426,0.00061306,0.00088785,0.0020072,0.0043703,0.00058593,0.00044162,0.00016357,0.00011871,6.783e-05,4.0234e-05,0.00026245,0.0017884,0.0021823
4,0.0024094,0.00068101,0.00053104,0.0001582,7.8433e-05,3.5478e-05,4.5275e-05,3.7924e-05,0.00017132,0.0010888,0.00070002,0.0012745,0.00059397,0.0012729,0.00030492,0.0004873,0.001323,0.0019336,0.0002081,0.00022536,0.00018193,0.00023095,0.00031155,0.000352,0.0017118,0.0033828,0.007181,0.027309
4,0.18132,0.08309,0.10488,0.061298,0.034585,0.028095,0.018461,0.011504,0.010658,0.023981,0.055966,0.016646,0.0044292,0.0073866,0.03445,0.047955,0.052085,0.050454,0.064231,0.072673,0.018492,0.0074853,0.013699,0.01515,0.0083204,0.0086776,0.013395,0.041988,0.063522,0.048
4,0.053567,0.0075472,0.010385,0.0060949,0.0063707,0.011893,0.0099825,0.0068236,0.0052151,0.036799,0.047221,0.020219,0.0038037,0.0089487,0.01157,0.017917,0.034772,0.047002,0.063279,0.055039,0.055324,0.022501,0.018052,0.0064984,0.0034425,0.0024407,0.0031186,0.0097502,0.0095955,0.0095816,0.011968
4,0.0038056,0.00098069,0.00091546,0.00077176,0.0031291,0.0030513,0.00089601,0.00043764,0.00066346,0.00066661,0.00033663,3.3768e-05,0.00012125,0.00023181,0.00094847,0.0020635,0.0039542,0.0038762,0.0016794,0.0013835,0.00073472,0.00041003,0.00052305,0.00040678,0.00066363,0.0016136,0.0058068,0.013371
4,0.00074499,4.849e-05,5.2818e-05,0.0002277,0.0003243,0.00031443,9.998e-05,0.00010053,9.8625e-05,0.00013331,0.00094752,0.0010179,0.00023011,0.00018661,0.00047287,0.00023409,0.00041544,0.00080627,0.0012527,0.0012404,0.00096794,0.0028642,0.0036425,0.0039259,0.0017169,0.0025157,0.0019803,0.0021577,0.0012621,0.0064029,0.0051583,0.0064189,0.0103,0.027946,0.04722,0.0081598
4,0.028944,0.00028703,5.7781e-05,0.00016281,0.0003836,0.0006876,0.0024002,0.0028198,0.0014496,0.0018733,0.0014198,0.0037451,0.0028158,0.0024881,0.00037294,0.00098515,0.00113,0.00075467,0.0010996,0.00050251,0.00021363,0.00036908,0.0010901,0.0032378,0.0051579,0.0086614,0.014164,0.03087,0.023978,0.011016,0.015379,0.0057059,0.0057396,0.0074906,0.050188,0.023094,0.0023059
4,0.029054,0.00055429,0.00028254,0.0010445,0.0019462,0.0059391,0.0043571,0.0030624,0.0025296,0.0029048,0.0056515,0.013651,0.010606,0.0051594,0.0010437,0.0010682,0.00088785,0.0025408,0.0090479,0.0058877,0.0079406,0.0059449,0.010143,0.010811,0.018375,0.02467,0.019613,0.022031,0.027105,0.013193,0.019092,0.011379,0.0082102,0.0049141,0.011131,0.030924,0.023349,0.032398
4,0.00035945,1.4486e-05,2.5291e-05,3.7793e-05,0.00017192,0.00018834,0.00033936,0.00017929,0.0003327,0.00027576,0.0006236,0.0016832,0.0015169,0.00085926,0.00030476,0.001294,0.0007367,0.0004182,0.0012316,0.0016134,0.00015715,0.00032969,0.00032882,0.00079856,0.00052929,0.00092139,0.00086735,0.00083645,0.00090667,0.001085,0.00053014,0.00099073,0.00099111,0.00079305,0.00067019,0.0048808,0.018628,0.01635,0.021667
4,0.024872,0.0045448,0.00043577,0.00038929,0.0019728,0.0012144,0.0020871,0.0090003,0.0067298,0.00090433,0.00079831,0.00055387,0.0011533,0.0018577,0.0094461,0.0095976,0.0027878,0.0021066,0.002516,0.0063469,0.0025963,0.0017659,0.0027344,0.006857,0.005653,0.016022,0.017943
4,0.11598,0.0032382,0.0038107,0.0091207,0.022056,0.023635,0.060519,0.13494,0.01952,0.0074762,0.0010249,0.00070014,0.0030278,0.0031511,0.003937,0.0067225,0.037454,0.014633,0.0074848,0.0085074,0.010229,0.0060946,0.0044325,0.006944,0.007346,0.0074706,0.0079895,0.010294,0.037516
4,0.0099704,0.0019542,0.0015555,0.0034684,0.011919,0.023243,0.013994,0.026951,0.021781,0.00173,0.00074345,0.00039338,0.0013523,0.0012908,0.0035891,0.0079575,0.0077313,0.011193,0.020104,0.0066751,0.0048223,0.0046002,0.0036997,0.0058792,0.022021,0.025723
4,0.0021685,0.00062479,0.00011896,0.00018356,0.00046933,0.00038362,0.0012127,0.012679,0.0036811,0.00074158,0.00033287,0.00026089,0.00023675,0.00062269,0.00079865,0.0018618,0.0026575,0.0012891,0.0012723,0.0011806,0.00047305,0.00049073,0.001756,0.0031182,0.0059201,0.0077215,0.013607
4,0.0075648,0.0012977,0.0011408,0.0016168,0.0019528,0.009327,0.0015595,0.0039286,0.001573,0.00045424,0.00042675,0.0011184,0.00079887,0.00072918,0.00026074,0.00023653,0.00031905,0.0024222,0.0050627,0.0042037,0.0024794,0.014481,0.0048928
4,0.0014068,0.0008662,0.0011099,0.0013056,0.0025632,0.0043484,0.0039809,0.0025173,0.0025973,0.0047505,0.0047541,0.0060771,0.0034564,0.00084121,0.00021678,0.001142,0.0017226,0.0038434,0.003273,0.013547,0.017959,0.0066272,0.053417
4,0.029316,0.0052078,0.0093627,0.013198,0.022788,0.033499,0.055726,0.057696,0.015989,0.0081215,0.020772,0.012423,0.017113,0.022507,0.028641,0.0019487,0.0029253,0.0044196,0.011116,0.015443,0.016778,0.0091371,0.011459,0.063166
4,0.021657,0.0013625,0.00046329,0.0021822,0.0024411,0.0038245,0.015056,0.010114,0.0067823,0.0010944,0.00073529,0.00047046,0.0005865,0.00064982,0.00041419,0.00031952,0.0004448,0.0010865,0.002431,0.0020106,0.0033453,0.0022708,0.0051961,0.01182
4,0.00058442,8.1576e-05,0.00027945,0.0005035,0.00055891,0.0017254,0.0072731,0.014289,0.0030979,0.0017376,0.0019668,0.00095347,0.00074361,0.0014143,0.00024152,0.00034485,0.00027245,0.00027982,0.000261,0.00043976,0.0011608,0.0028088,0.016207
5,0.24308,0.31131,0.15621,0.053591,0.041372,0.026894,0.015919,0.044613,0.068621,0.052902,0.061707,0.041213,0.061193,0.2251,0.29292,0.42815,0.042279,0.37731,0.43639,0.64164,0.76609,0.62129,0.054018,0.048228,0.023273,0.017996,0.031741
5,0.077718,0.018585,0.0070352,0.0045741,0.0019458,0.0012943,0.0061047,0.091475,0.12681,0.10561,0.26935,0.075765,0.1047,0.063897,0.020446,0.018884,0.036174,0.043459,0.004737
5,0.67012,0.37303,0.070551,0.004283,0.014875,0.0022106,0.0056543,0.014266,0.038017,0.038784,0.044407,0.064773,0.12878,0.23444,0.32743,0.029993,0.018053,0.019381,0.027942,0.032034,0.078231,0.10008,0.013073,0.0027776
5,0.45898,0.006765,0.0014485,0.00074554,0.00090555,0.0032632,0.01071,0.006467,0.0094995,0.0017346,0.0015841,0.0046265,0.21908,0.47156,0.41192,0.74798,0.83461,0.5,0.053987,0.030283,0.016169,0.013659,0.0055804,0.022898,0.004947
5,0.099248,0.043698,0.066964,0.077813,0.17995,0.17564,0.071384,0.23949,0.26831,0.22789,0.047052,0.015755,0.0092156,0.0048628,0.002694,0.039024
5,0.0027337,0.00041686,0.0022138,0.024541,0.035049,0.055022,0.060972,0.035425,0.0088455,0.0027952,0.010548,0.0059419,0.012275,0.010811,0.012355,0.0044454,0.0013755,0.0031845,0.0041533,0.010599,0.016792,0.0078591,0.01564,0.05894,0.053449,0.087528,0.063795,0.019111,0.011868,0.0082198,0.0073021,0.0049615,0.0079468
5,0.069271,0.00077423,0.00090254,0.00044688,0.00040174,0.0021309,0.0030446,0.0043884,0.0035337,0.0059254,0.0067549,0.008797,0.0069357,0.023626,0.020392,0.019399,0.016603,0.0056591,0.0051312,0.0026519,0.0072296,0.019751
5,0.020958,0.000701,0.011695,0.0074521,0.0039897,0.0040402,0.0059298,0.0027699,0.004034,0.0040691,0.002889,0.001748,0.0035548,0.0014511,0.0031433,0.0051446,0.0052456,0.0069027,0.014003,0.014613,0.0062199,0.0022589,0.0001381,7.1724e-05,0.00020772,0.00029668,0.00057057,0.00045171,0.00025875,0.00028749,0.00017393,0.00032463,0.004752,0.013016,0.044471,0.23665,0.40174,0.5,0.42908,0.72998,0.15963,0.023283
5,0.19641,0.19872,0.003988,0.23998,0.28527,0.17354,0.084332,0.027031,0.0092037,0.011104,0.0058614,0.017557,0.022832,0.013147,0.016232,0.0094547,0.0058126,0.0061297,0.0093068,0.0096538,0.002214,0.0014532,0.0010698,0.00016788,0.00046169,0.0015929,0.0026573,0.043393,0.060951,0.042671,0.17711,0.054114,0.0010146,0.00059819,0.00011343,0.00024569,0.00023881,0.00040699,0.0008951,0.0037684,0.021467,0.011456,0.0033319,0.0079802,0.03633,0.168,0.20867,0.085777,0.059884,0.028025,0.02569,0.016131
5,0.027536,0.0086785,0.0015439,0.0038408,0.005219,0.0048233,0.005174,0.06162,0.026527,0.030055,0.055529,0.010447,0.0039558,0.0033826,0.0064119,0.0013526,0.00039339,0.00031709,0.0012857,0.0063355,0.0031683,0.0048822,0.003855,0.037364,0.12329,0.1565,0.12087,0.032585,0.13418,0.12167,0.14048,0.08523,0.03831,0.0064286
5,0.35024,0.20511,0.12656,0.058003,0.059485,0.094438,0.13575,0.10457,0.092409,0.049664,0.061442,0.082783,0.15393,0.065469,0.058147,0.015617,0.014271,0.1077,0.17685,0.087062,0.061527,0.088579,0.055406,0.041924,0.033704,0.037895,0.053611,0.027364,0.15586,0.077128,0.3147,0.27438,0.26656,0.2267,0.095854,0.10715,0.063748,0.0077646
5,0.028625,0.010372,0.016058,0.024614,0.020111,0.03717,0.034508,0.028441,0.029899,0.039352,0.0075558,0.0076011,0.0099586,0.0089986,0.010059,0.013803,0.023574,0.0088361,0.018302,0.036483,0.014643,0.043902,0.049169,0.0041576
5,0.025493,0.0056802,0.00023101,0.00016505,0.00011656,9.6896e-05,0.00050734,0.005225,0.052131,0.010329,0.010098,0.047579,0.015729,0.00063069,0.00073615,7.3303e-05,3.0297e-05,0.00010721,8.1413e-05,0.0001848,0.00039297,0.0011816,0.010726,0.14369,0.11674,0.063882,0.0025056,0.00036087,0.0011443,0.0035834,0.018387
5,0.09122,0.021017,0.0068391,0.006013,0.0038943,0.0051636,0.0088112,0.022936,0.037699,0.075281,0.0503,0.0048676,0.00023021,0.00012691,0.00010834,0.00081746,0.00075406,0.0020464,0.0070333,0.004492,0.01499,0.009918,0.039463,0.058585,0.23963,0.20816,0.17968,0.26106,0.18992,0.059984,0.046533,0.034652,0.040377,0.069909,0.041755,0.36758,0.13724,0.12257,0.084553,0.0226,0.0090276,0.027284,0.017602,0.017792,0.0070507,0.0017648,0.0023415,0.0013916,0.0012169,0.0016368,0.0023996,0.015176,0.02085,0.018696,0.033181,0.027568
5,0.10074,0.0030021,0.0021629,0.0037019,0.0040128,0.0038413,0.010482,0.013029,0.0086115,0.011204,0.012377,0.018348,0.026609,0.081004,0.063948,0.013533,0.0027203,0.0061978,0.0067684,0.0030583,0.006809,0.068747,0.16806,0.16691,0.12983,0.17359,0.060158,0.019049,0.36538,0.3483,0.25114,0.044495,0.37387,0.29412,0.18082,0.31147,0.28251,0.143,0.054568,0.030701,0.010135,0.018518,0.015166,0.010519,0.01047,0.0076835,0.011174,0.020332,0.014333,0.014262,0.020185
5,0.014736,0.00027717,0.00010044,0.00022134,0.00020829,0.00012844,0.00013902,0.00019049,0.00052983,0.0017645,0.012546,0.0064398,0.0048766,0.00051216,0.00093765,0.00057204,0.00036304,0.00064119,0.0013095,0.0025959,0.0053588,0.0048321,0.012458,0.013102,0.0076022,0.0051018,0.0046912,0.036354,0.033833,0.023424,0.31539,0.071995,0.020633,0.011845,0.0076602,0.001929,0.00066421,0.0084119,0.0071614,0.0033185,0.0063321,0.035476,0.060871,0.034363,0.039591,0.038295
5,0.015903,0.0076256,0.00019091,0.0019426,0.0018182,0.0036852,0.0074215,0.011774,0.0033886,0.0095833,0.022199,0.023653,0.034294,0.018821,0.012064,0.0080713,0.024511,0.0072718,0.028449,0.024318,0.012639,0.0077301,0.021025,0.050443,0.22951,0.10454,0.029329,0.011585,0.038967,0.071279,0.091376,0.026663,0.0036089,0.001425,0.0017136,0.0020289,0.0087943,0.01925
5,0.0089226,0.00039172,0.000489,0.00041445,0.0020522,0.00080575,0.0030189,0.0058195,0.004181,0.001752,0.00033938,0.0066241,0.0084713,0.020862,0.064814,0.15724,0.00076997,0.00073405,0.00061021,0.00091215,0.0014219,0.0056925,0.0035008,0.006959,0.041402,0.063683,0.046118
5,0.0043348,0.0028852,0.0036398,0.001153,0.001006,0.00053342,0.00098891,0.00029918,0.0013461,0.0027609,0.0072147,0.028209,0.0041808,0.0044884,0.0026686,0.00099616,0.0079387,0.023207,0.012879,0.0047083,0.0030547,0.0013261,5.2413e-05,6.9615e-05,0.00011437,0.00028603,0.00054303,0.0011225,0.0013149,0.0020571,0.0029214,0.0076685
5,0.032638,0.0017686,0.011951,0.009241,0.012118,0.0091291,0.020465,0.016218,0.047742,0.064072,0.024283,0.010961,0.003397,0.0026634,0.0039168,0.011138,0.020007,0.013817,0.0059616,0.0035441,0.0019097,0.0015571,0.00081361,0.012594,0.021857,0.008678,0.0076088,0.012039,0.011543
6,0.14611,0.072258,0.10163,0.036515,0.011091,0.019738,0.06464,0.12119,0.059915,0.061928,0.01212,0.05241,0.040568,0.048703,0.063409,0.049267,0.022829,0.022974,0.0043633
6,0.13505,0.085493,0.094689,0.016459,0.014011,0.002306,0.004389,0.0061429,0.23347,0.364,0.31965,0.18981,0.1254,0.0031848,0.00077744,0.0044168,0.0066196
6,0.33007,0.1686,0.13056,0.068427,0.051368,0.27952,0.42348,0.38337,0.35173,0.61369,0.52813,0.14579,0.0188,0.039455,0.057731,0.011998
6,0.2603,0.060894,0.087513,0.050471,0.010036,0.023775,0.087689,0.51359,0.6494,0.73182,0.58593,0.063638,0.026474,0.017408,0.026551,0.0053507
6,0.10368,0.0070013,0.0030013,0.0037514,0.0088914,0.007543,0.0062157,0.0021614,0.00067421,0.0033854,0.0031183,0.0017294,0.013801,0.031476,0.033875,0.052976
6,0.10266,0.043701,0.047932,0.028283,0.0043119,0.016005,0.23123,0.55783,0.64639,0.76035,0.85259,0.5,0.17863,0.060462,0.050786,0.026958,0.060043
6,0.0052712,0.00022881,0.00057908,0.00070883,0.0053902,0.0078147,0.0086374,0.012156,0.0057893,0.0011522,0.00048314,0.0023752,3.9996e-05
6,0.0082499,0.0037682,0.00071793,0.00035034,0.00042369,0.0013006,0.0033508,0.01777,0.017667,0.019471,0.029687,0.023127,0.0097026,0.0099341,0.014754
6,0.1536,0.018268,0.0099297,0.0031141,0.0030785,0.0039401,0.0032575,0.0045486,0.0032383,0.002297,0.0024611,0.0013297,0.0029803,0.0013727,0.0024695,0.0056596
6,0.064988,0.021686,0.010601,0.0099418,0.0055567,0.013464,0.013623,0.023232,0.0099893,0.013348,0.035967,0.022784,0.0166,0.0097761,0.015553
6,0.028449,0.011528,0.055601,0.060961,0.054478,0.064996,0.0435,0.039455,0.0097618,0.0010032,0.0073254,0.013198,0.043047,0.10017,0.11482,0.049409,0.023316,0.0028795,0.0036843,0.0095041,0.0035839,0.0054076,0.0027569,0.001689,0.0029425,0.0067042,0.021563,0.031794,0.037314,0.059056,0.11083
6,0.056971,0.024729,0.019987,0.01167,0.0095056,0.0062101,0.011455,0.0074188,0.023034,0.0024824,0.002101,0.002377,0.0062829,0.0011096,0.0006766,0.00060273,0.00078483,0.00095783,0.00069636,0.0035394,0.008787,0.0058468,0.032513,0.024518,0.17463,0.081414
6,0.054915,0.014464,0.013131,0.011487,0.0020437,0.0012031,0.00074673,0.0009426,0.00064221,0.0011761,0.00035265,0.00056844,0.0014992,0.0012479,0.0013832,0.0012317,0.0004262,0.00022217,0.0001192,0.00019851,0.00052689,0.0010071,0.016683,0.033086,0.09409,0.081006,0.070613,0.051576
6,0.078127,0.014807,0.048142,0.042897,0.034501,0.0069807,0.022535,0.016074,0.012549,0.0068556,0.003409,0.013363,0.0069524,0.025961,0.031979,0.03772,0.018906,0.013328,0.016045,0.010687,0.0033622,0.0008374,0.00045659,0.0010866,0.0010309,0.00069421,0.00067025,0.0020488,0.0067465,0.0042993,0.097496,0.016723,0.0074618
6,0.064623,0.0082914,0.0017225,0.0013163,0.0009186,0.00021484,0.00013014,0.00017626,9.673e-05,0.00041532,0.00050163,0.0091855,0.0097276,0.0080689,0.014103,0.0074745
6,0.0058144,0.0014923,0.0012635,0.0010371,0.0014856,0.0011062,0.004409,0.060899,0.039375,0.05359,0.042474,0.03932,0.0027322,0.0049037,0.00093986
6,0.028876,0.013364,0.0069395,0.0032143,0.0010213,0.00045869,0.00013949,0.00024558,0.00053449,0.0018079,0.013996,0.030938,0.049785,0.035467,0.052256,0.028425
6,0.016455,0.007638,0.01828,0.021584,0.072966,0.059808,0.047873,0.021583,0.014637,0.0069821,0.0048515,0.014217,0.039097,0.035283,0.039335,0.029115,0.014716,0.016526,0.023517,0.028319,0.089441,0.028307,0.067122,0.018817,0.0038155,0.0034501,0.0035165
6,0.076208,0.0081555,0.0047913,0.020209,0.00061145,0.00031874,0.00046848,0.00058482,5.034e-05,0.00030675,0.00011129,8.6214e-05,7.7738e-05,0.00014978,0.00022151,0.0014073,0.0015527,0.0068922,0.0030467,0.019632,0.001771
6,0.039321,0.0050462,0.0007743,0.0017541,0.0033261,0.0058252,0.0090318,0.0059283,0.0059429,0.0015865,0.00027655,0.0003377,0.00026173,0.00025363,0.0016032,0.0084182,0.01562,0.015131,0.016746,0.0062418,0.0044888,0.00091024,0.021824
6,0.032038,0.0059912,0.0089927,0.0069534,0.0015223,0.0025089,0.0020905,0.00079441,0.00053402,0.0032085,0.013061,0.0047331,0.0024359,0.0027834,0.00082609,0.00049987,0.00098915,0.0014659,0.0011927,0.0035524,0.0021915,0.00073991,0.0001945,0.00029633,0.0001064,0.00030442,0.0034595,0.05106,0.025022,0.024017,0.01894
6,0.062212,0.013564,0.013337,0.0084108,0.0019972,0.00052104,0.0021589,0.0018531,0.0045752,0.025914,0.0065642,0.0013137,0.0012538,0.0010901,0.0011326,0.0024052,0.00020392,0.00036023,0.00017902,0.00036129,0.0013632,0.005159,0.016969,0.002578,0.054524
6,0.0043921,0.00017552,0.00010943,5.7985e-05,0.00024414,9.234e-05,0.00034216,0.0010057,0.0012457,0.0027968,0.0053862,0.0033336,0.0026918,0.0060929,0.029696,0.0026986,0.0029966,0.0020541,0.0021763,0.00023609,0.00037435,0.001435,0.00054846
6,0.0038445,0.00037871,0.00041553,0.00028708,0.00016065,0.00010377,7.1931e-05,0.00012285,0.00073394,0.00096831,0.001687,0.0013421,0.00060713,0.00053309,0.0012756,0.0011752,0.006104,0.017719,0.0075988,0.012913,0.031233,0.0063293,0.0024784,0.0043046,0.0041427,0.0014923,0.0010518,0.0034204,0.0010451,0.0013778,0.0064908,0.022575,0.030305
6,0.057736,0.031479,0.040512,0.092097,0.084174,0.086436,0.11465,0.021946,0.042081,0.034961,0.011852,0.029895,0.01571,0.0029978,0.0015231,0.0018608,0.0028925,0.0019097,0.14666,0.21482,0.55885,0.83037,0.86271,0.24168,0.090307,0.060152,0.037042,0.0077747,0.0043205,0.0076313,0.016359,0.018951
6,0.049103,0.02769,0.017515,0.00017281,7.852e-05,0.00032031,0.00014618,0.00019647,0.00053331,0.00025418,2.623e-05,0.0003642,0.0011768,0.0016521,0.0025709,0.016356,0.0058886,0.0012828,0.00066672,0.0011151,0.00087651,0.00061164,0.0011559,0.0051122,0.0054782,0.026467,0.022
6,0.040496,0.0035548,0.0021372,0.0062318,0.0061848,0.0015179,0.012688,0.0059066,0.0074296,0.010471,0.010474,0.003138,0.0049261,0.0071861,0.020375,0.019716,0.011593,0.0055514,0.0058579,0.003785,0.0033118,0.00324,0.0083805,0.0051825,0.0063227
6,0.0025313,0.0035375,0.0019835,0.0024663,0.0026059,0.0019616,0.0013342,0.0051588,0.0072214,0.0076613,0.01958,0.0039041,0.00072515,0.0012706,0.0025771,0.00043849,0.0040984,0.0051173,0.010505,0.029174
6,0.16422,0.062823,0.022571,0.025295,0.026213,0.023245,0.075583,0.04868,0.034928,0.0087189,0.0064344,0.0029022,0.01253,0.019446,0.028102,0.042008,0.297,0.48823,0.5164,0.070233,0.13839,0.0034274,0.0045801,0.0092299,0.021603,0.020414,0.034001
6,0.0021425,0.00056651,0.0002868,0.00016716,7.2817e-05,0.00017388,0.00020661,9.5747e-05,0.00014274,0.0001114,8.788e-05,0.00022584,0.00041475,0.00027637,0.0010172,0.001774,0.0020725
6,0.23551,0.1113,0.070795,0.0069668,0.003973,0.0090276,0.011854,0.064337,0.30148,0.53229,0.64516,0.096935,0.02147,0.0078879,0.0065268,0.0033952,0.0025438,0.0010892,0.0041458,0.028563,0.056972,0.039857,0.041805,0.028016,0.1058,0.099016,0.065639,0.044975,0.0088345
6,0.10599,0.027326,0.043559,0.065674,0.061247,0.035662,0.068154,0.012919,0.014017,0.0079888,0.043445,0.031101,0.029644,0.013945,0.013131,0.011729,0.00946,0.010754,0.0023896,0.0017562,0.0050354
7,0.00013054,4.6412e-05,3.1396e-05,6.4667e-05,3.9345e-05,9.4624e-05,0.00021887,0.00019619,2.7632e-05,0.00015841,0.00034163,0.00037317,0.0058355,0.017529,0.031592,0.023859,0.040701,0.0051142,0.015968
7,0.0022375,0.00079555,0.00021277,0.00012888,0.00017876,0.00021896,0.00034692,0.00075976,0.00079464,0.00058129,0.00024333,0.00041792,0.00089981,0.0055444,0.0093884,0.0031693,0.0069468,0.017164,0.0055387,0.0021311
7,0.15732,0.031452,0.019666,0.027987,0.028032,0.0033704,0.005628,0.011483,0.004894,0.0020641,0.0023971,0.0021759,0.0037319,0.0068331,0.0074969,0.010908,0.012929,0.0099354,0.0094438,0.066946,0.054699
7,0.02818,0.00068461,0.0010661,0.001441,0.0022461,0.0023124,0.0030992,0.0025115,0.01131,0.022312,0.072236,0.038216,0.030098,0.015118,0.00030482,0.00028595,0.00032533,0.00011726
7,0.0034728,0.00017461,3.5671e-05,0.00010661,0.00037819,0.0010946,0.0053698,0.012898,0.023185,0.0067719,0.0040216,0.00082025,0.00097908,0.0043932,0.0032487,0.024244
7,0.0026495,0.00027172,0.00025217,7.9251e-05,9.5167e-05,0.00024473,0.00095105,0.0020295,0.0011488,0.0041635,0.0020227,0.00061473,0.00040822,0.0010735,0.0018097,0.0084156
7,0.08258,0.0011079,0.00041306,9.4309e-05,3.2309e-05,0.00010954,0.00016171,0.00045733,0.0022154,0.0043607,0.00768,0.0072494,0.0045742,0.0010584,0.00058271,0.0015478,0.0082735,0.029663
7,0.016402,0.00049938,0.00068718,0.00056231,0.00032367,0.0016972,0.0016106,0.0016916,0.0020502,0.00097702,0.0010041,0.00092672,0.00051465,0.0006075,0.0010774,0.0024,0.0018606,0.0013732,0.00067743,0.0013306,0.00076603
7,0.002519,0.00049882,0.0010133,0.001169,0.00034454,0.00022988,0.00012483,0.00025362,0.00033395,0.00021721,0.0010563,0.00072193,0.00081529,0.00099534,0.0029743,0.00067628
7,0.042099,0.016211,0.010092,0.0011264,0.0008766,0.00082256,0.00083056,0.0046144,0.0037353,0.0029245,0.0029754,0.0026725,0.0030426,0.0034792,0.0034085,0.0017305,0.0016964,0.0030787,0.0034813,0.0048233,0.0055871,0.0045048,0.004364
7,0.0067488,0.0018391,0.0042284,0.0038569,0.0038144,0.006167,0.0086476,0.0061718,0.00471,0.002464,0.0037488,0.0071125,0.0020731,0.002328,0.0029311,0.0031824,0.001924,0.0030154,0.0043443,0.0055054
7,0.021928,0.0034782,0.014598,0.013769,0.0049181,0.004284,0.0051955,0.0077538,0.012976,0.022864,0.017612,0.016455,0.0067261,0.0081242,0.0073562,0.01172,0.016518,0.021292,0.014325,0.00074591,0.00036471,0.00089001,0.0018615,0.0055752,0.013612,0.022049,0.031289,0.018729,0.0030159,0.0012304,0.0023696,0.0030169,0.0034153,0.007157,0.0070427,0.013103,0.046929,0.014322,0.0057136
7,0.12017,0.001858,0.0011113,0.0012116,0.0018535,0.0054198,0.0021446,0.0016708,0.0033611,0.014055,0.028113,0.020524,0.016879,0.0058806,0.0034153,0.0030666,0.0046193,0.0059924,0.015356,0.012334,0.026505,0.013902,0.0072856,0.00080324,0.0014292,0.0028316,0.0025767,0.0042845,0.0059245,0.0053174,0.0027226,0.0061055,0.012569,0.022382,0.01809,0.039761,0.033523,0.040232,0.028703,0.1154,0.018949,0.028076
7,0.040245,0.0062928,0.01173,0.0062144,0.0032581,0.0021403,0.0018019,0.0044414,0.0044543,0.0033007,0.0030151,0.0006834,0.00084138,0.00078576,0.0022165,0.0033758,0.0044023,0.0043593,0.0028322,0.00076326,0.0010678,0.00060015,0.00038075,0.00034092,0.00055407,0.0011944,0.0027492,0.0057081,0.015499,0.025742,0.015964,0.015278,0.019163,0.0049704
7,0.10379,0.024818,0.026889,0.005809,0.0033633,0.0014461,0.0023038,0.0035058,0.0020174,0.0030815,0.00055703,0.00057242,0.0010794,0.0015095,0.0017805,0.0042531,0.0063232,0.0034913,0.0008512,0.00082826,0.00065548,0.00077972,0.0013815,0.0012099,0.0022864,0.010452,0.012381,0.017463,0.040077,0.039673,0.022875,0.0256,0.024335,0.023796
7,0.00062004,0.00060532,0.0004484,0.00033715,0.00051185,0.00050393,0.00095204,0.0032002,0.0036998,0.0022227,0.0027706,0.00096722,0.00082933,0.00084406,0.0009752,0.00093905,0.0015745,0.0014844,0.0017731,0.0019872,0.0015482,0.0034349,0.0021517,0.0017604,0.0038321,0.0038016,0.0073171,0.0059502,0.024443,0.024356,0.014996,0.031435,0.018507
7,0.00011182,1.6767e-05,0.00011138,6.3023e-05,6.9991e-05,3.2257e-05,0.00013211,1.247e-06,6.3508e-05,0.00019446,0.00021683,0.00040149,0.00064647,0.00084241,0.0010239,0.00084099,0.00067286,0.0018326,0.00081825,0.00021637,0.00085863,0.0017026,0.0021402,0.0014022
7,0.00060971,5.1501e-05,1.3766e-05,0.00011515,0.00018615,8.3733e-05,0.0004324,0.0013391,0.0001184,0.00049766,0.0012117,0.0008241,0.0019426,0.0045411,0.0047305,0.0031876,0.004554,0.0049456,0.0040065,0.0023446,0.00088488,0.0030137,0.0018913,0.0038934,0.0062067,0.036633
7,0.0095224,0.0010967,0.0001465,0.0001084,0.0001355,0.00021481,0.00013736,1.7699e-05,2.4792e-05,2.4558e-05,2.5139e-05,5.1549e-05,0.00030647,0.00055836,0.0010664,0.0018363,0.0058419,0.0060904,0.0047688,0.024604
7,0.0011914,9.0932e-05,0.0001352,0.00026535,0.0002126,0.00046159,0.00061032,0.00064302,0.00065024,0.00072544,0.0030667,0.0029693,0.0006794,0.00082584,0.0014421,0.0025092,0.0037205,0.0010207,0.000607,0.00089659,0.00075802,0.001662,0.0041877,0.0030513
7,0.0011067,4.6477e-05,4.2874e-05,5.7303e-05,9.1767e-05,0.0008661,0.00051432,5.5966e-05,0.00025812,0.00047161,0.0014674,0.0023463,0.0020956,0.0014237,0.0024917,0.0039625,0.0067576,0.00086582,0.0016781,0.0013642,0.0021376,0.0018411,0.0030879
7,0.0010097,0.00024815,0.00021697,0.00011498,0.00033134,0.00069129,0.00054727,0.0014811,0.00054576,0.0010177,0.00034807,0.00041564,0.0015768,0.00033866,0.00021616,0.00044046,0.00054969,0.00091848,0.00096369,0.0039857,0.00867,0.0063142,0.065778,0.073802,0.0093632,0.0081399,0.015436,0.003858,0.002786
7,0.0070964,0.00043045,0.00034867,0.00026942,6.782e-05,0.00024757,0.0022171,0.0027207,0.0027888,0.0047256,0.002401,0.0017001,0.0013638,0.002855,0.00040421,0.00010021,0.00019417,0.000121,0.00022111,0.00023177,0.00032622,0.000521,0.0029408,0.041635,0.12039,0.18756,0.12831,0.031753,0.0015628,0.0015531,0.002063,0.0021242,0.0058759,0.0072007,0.0058466
7,0.00010135,0.000107,0.00011607,0.00031579,0.00068072,0.001185,0.00055655,0.00092409,0.00027663,0.00020502,0.00032698,0.00071093,0.00086671,0.0012973,0.0020607,0.0022033,0.0083006,0.0074846,0.048653,0.0068673,0.042147
7,0.042219,0.0023491,0.0013361,0.00033744,0.0010458,0.0023185,0.013774,0.012667,0.014459,0.023776,0.0057786,0.0027587,0.00072623,0.0014209,0.0010515,0.0022785,0.0049776,0.0045726,0.0097557,0.02376,0.028717,0.028252,0.0074357,0.0078633,0.011218,0.0085655,0.014704
7,0.016973,0.0014842,0.0037411,0.0020117,0.0015474,0.0038496,0.002061,0.00087023,0.00027822,0.00016767,0.00016286,0.0016732,0.0015004,0.0029494,0.00054074,0.00078274,0.0015714,0.002241,0.003413,0.0056937,0.0071467,0.0081839,0.0056677,0.0015553,0.0026891,0.0016283,0.0034301,0.0034064,0.0044433,0.004974,0.010068,0.0073426,0.0099781,0.0042869,0.012409
7,0.066506,0.0073667,0.0058755,0.0027358,0.0059767,0.0041162,0.0074582,0.0015533,0.0020351,0.0058416,0.0052619,0.015783,0.04102,0.021034,0.0046531,0.010695,0.01293,0.0079383,0.012516,0.020452,0.022944,0.027337,0.042968,0.0083835,0.010301,0.010535,0.0086568,0.0065215,0.0095251,0.010744,0.036502,0.053152,0.0045156,0.0011249,0.00037742
7,0.01483,0.0041426,0.0021222,0.0015318,0.00091576,5.5387e-05,1.1059e-05,9.9029e-06,4.7752e-05,0.0002543,0.00031725,0.00024312,7.4002e-05,0.00014432,0.00020342,0.00026438,0.00054523,0.00027727,7.9264e-05,0.00014773,0.00018027,0.00053411,0.0015645,0.0043678,0.0041761,0.0054714,0.0087305
7,0.0066174,0.0008288,0.0017106,0.00052702,0.00038273,0.0015918,0.00046507,0.00068119,0.00055002,0.002227,0.0048736,0.022773,0.013566,0.013783,0.00076884,0.0021313,0.0031442,0.0014263,0.0034542,0.0067806,0.0071965,0.0055958,0.0099538,0.0084861,0.016311,0.012773,0.00093475,0.0015601,0.0017663,0.0012356,0.00082474,0.0014675,0.0010138,0.0016416,0.0029189,0.0064328,0.010813,0.0036308
7,0.014951,0.0014885,0.00010555,0.00018226,0.00026631,0.00047148,0.00058392,0.00044843,0.00069081,0.00073461,0.0007605,0.00059921,0.00037888,0.00032213,0.00037092,0.00072916,0.0007473,0.0003613,0.00060206,0.00096986,0.00068477,0.00098825,0.00028847,0.0009031,0.0019801,0.0032597,0.0024249,0.0022895,0.0015128,0.0016194,0.0039901,0.0076877,0.0069109,0.01437,0.062293,0.023392,0.017171,0.057211,0.011568
7,0.025227,0.00037094,0.00026003,0.00042397,0.00075846,0.0010678,0.0021177,0.0024739,0.0030196,0.014721,0.01233,0.0062366,0.0026121,0.0015409,0.0039701,0.0034678,0.0015848,0.0020959,0.0041711,0.0045127,0.0024176,0.0076335,0.0025466,0.0029168,0.0028458,0.0061409,0.003396,0.0025178,0.010828,0.012675,0.0096765,0.0093512,0.009479,0.0062835,0.0035858,0.0032185,0.012836,0.054,0.028154,0.0053846
7,0.0021639,2.2605e-05,1.39e-05,8.0748e-06,2.0642e-05,3.738e-05,0.00011909,7.672e-05,0.00030903,0.00019499,0.00042367,0.00092572,0.00073431,0.0004502,0.001077,0.0022887,0.0012661,0.000905,0.0019338,0.0025538,0.00081474,0.00081164,0.00058837,0.0016603,0.00089974,0.0018533,0.00036298,0.00029027,0.00036024,0.00031491,0.0003079,0.00035384,0.0011042,0.0027621,0.0022818,0.0026696,0.0056254,0.0047125,0.015513,0.015382
7,0.0016419,4.2437e-05,2.5441e-05,7.8254e-05,0.00012905,8.507e-05,0.0003919,0.00013124,0.00054732,0.00038792,0.0011573,0.0020837,0.0026758,0.00087607,0.00092683,0.00093165,0.00051549,0.00021954,0.00028478,0.00043648,0.00061871,0.0011154,0.00099435,0.0010392,0.0018737,0.00072947,0.00086305,0.00098074,0.0012238,0.0014441,0.0023323,0.0056983,0.0044315,0.007041,0.014644,0.0357,0.029487,0.006052,0.0036941
7,0.0037602,4.7085e-05,3.6581e-05,5.0228e-05,0.00026903,0.00077055,0.0014039,0.0014124,0.00034915,0.00011448,3.2962e-05,0.00031176,0.0018582,0.0041523,0.006433,0.0027615,0.0015056,0.00011495,0.00013483,0.00014294,0.00014424,0.00015327,0.00036521,0.00042563,0.00045154,0.00077563,0.00033248,0.00043246,0.00061586,0.00075983,0.00087284,0.0010449,0.0011149,0.0047416,0.0027563,0.0051391,0.0089359,0.012724,0.01145,0.012033,0.029413,0.032187,0.081698,0.043042,0.017441,0.0067461
7,0.0093404,0.00021716,0.0004201,0.00063023,0.0020792,0.010964,0.023245,0.037773,0.071529,0.05306,0.0048218,0.00097545,0.00099477,0.00055382,0.00083923,0.0017209,0.0032519,0.0067621,0.0031018,0.0033967,0.0036242,0.0079184,0.029422,0.012916,0.019974,0.011817,0.0099275,0.0069254,0.0053805,0.0084106,0.0055025
7,0.015311,0.0002913,0.00014877,0.0013315,0.0013493,0.0020873,0.0042972,0.0045951,0.002256,0.0010706,0.00072183,0.00082434,0.0014189,0.0023596,0.0017792,0.001154,0.00080026,0.00093942,0.0014996,0.0011531,0.00166,0.0031818,0.0066354,0.010001,0.007005,0.0041477
7,0.021389,0.010755,0.00018443,0.00015169,0.00012058,0.00084604,0.00021807,0.0010492,0.0020676,0.0035153,0.0020597,0.00013237,0.00016902,9.8359e-05,0.00019389,0.00054536,0.00076977,0.00047139,0.00046158,0.00055987,0.0008645,0.002247,0.001049,0.0035037,0.0023494,0.0044051,0.0064318,0.0082275,0.013885,0.055262
7,0.0015352,0.00011019,0.00013658,8.5225e-05,0.00030411,0.0013506,0.007403,0.0033317,0.0045851,0.0085649,0.010109,0.0043176,0.00012269,6.9273e-05,5.3761e-05,4.6922e-05,2.852e-05,0.0013483,0.0099693,0.028181,0.12144,0.30904,0.002294,0.00046299,0.0036418,0.011577,0.0094017,0.011474,0.0058099,0.0018012,0.0022119,0.0056388,0.0052415,0.0018328,0.0030489,0.0027982,0.0030819,0.013525,0.0060231
7,0.015198,6.9685e-05,0.0001483,0.00015004,0.0010099,0.0061802,0.0086852,0.028448,0.042049,0.062549,0.0049832,0.00088663,0.0020659,0.0012628,0.0035516,0.0072755,0.0086986,0.010325,0.017895,0.00045339,0.00059563,0.00059621,0.0006672,0.00068126,0.0013211,0.0018634,0.0024087,0.0009493
7,0.0042041,0.0001434,8.0625e-05,0.00016729,0.00018064,0.00022685,0.0011692,0.0012638,0.0021965,0.0001548,0.00029621,0.00059186,0.00048553,0.00093174,0.00077447,0.00042252,0.00097087,0.0015902,0.0028687,0.0031419,0.0039242,0.006994,0.0026615,0.0056107
7,0.001495,0.00010837,5.5127e-05,7.5503e-05,0.0001821,0.0002419,0.0003786,0.00072789,0.00049228,5.2376e-05,0.00012485,0.000158,0.00020957,0.0003477,0.00051335,0.00037824,0.0023992,0.0080583,0.0091106,0.017316,0.021626,0.0087199,0.0047403
7,0.019838,0.0045923,0.0047747,0.0056593,0.016103,0.0094903,0.014942,0.0198,0.01734,0.0035278,0.0026538,0.003799,0.0020036,0.0027795,0.0059129,0.0074889,0.0030753,0.0007281,0.00071903,0.00084601,0.00020936,0.00038628,0.00060854,0.0011761,0.00075137,0.00096721,0.00080505,0.00098299,0.0006497,0.0024687,0.027549
