1,0.0014438,0.00097795,0.00078628,0.00093628,0.0029619,0.0020251,0.0030788,0.0016085,0.00064764,0.0018529,0.002063,0.0043215,0.014004,0.026788,0.0037109,0.0035785,0.0027873,0.0031678,0.013903
1,0.0049927,0.0035838,0.0033124,0.0031843,0.0037027,0.003093,0.0027505,0.0060726,0.0035225,0.0015455,0.0052369,0.0079416,0.0012987,0.0007916,0.0012109,0.00093041,0.0029166,0.0067481,0.096436
1,0.00052536,0.0010619,0.00044765,0.0011321,0.00094081,0.00085759,0.00082695,0.0011727,0.00041493,0.00054517,0.00051039,0.00063402,0.00019153,0.0011527,0.001453,0.0013338,0.0026215,0.00705,0.020306
1,0.061612,0.039611,0.0033075,0.004775,0.0032416,0.0013594,0.0026077,0.00095579,0.0028606,0.002015,0.0020514,0.0023362,0.0031807,0.0027854,0.020455,0.036379,0.00074319,0.0031298,0.0027137,0.00051839,0.0042127,0.0057212,0.015119
1,0.00070586,0.0017925,0.002636,0.002521,0.0027077,0.0014903,0.001272,0.001163,0.00089791,0.0018651,0.0015997,0.0018458,0.00072786,0.0012065,0.0048902,0.058043
1,0.0004699,0.010036,0.0021415,0.00095302,0.00058096,0.00064721,0.00072789,0.00037803,0.00059087,0.0010823,0.0020646,0.0018771,0.0027172,0.0039975,0.0040619,0.0093226,0.0085825,0.0077842
1,0.0014166,0.044973,0.024949,0.0037253,0.0055242,0.0018155,0.0026797,0.002378,0.0014985,0.0013748,0.0017429,0.0084802,0.0044894,0.0054415,0.0018682,0.002208,0.0010504,0.0020676,0.0035742,0.0033365
1,0.0011061,0.062351,0.0056918,0.00049536,0.00023598,0.00029044,0.00029466,0.0007461,0.00097731,0.002797,0.0078929,0.017079,0.0067385,0.0052378,0.0084373,0.0093019,0.066349
1,0.0041821,0.0023391,0.0031407,0.002738,0.0029276,0.0012609,0.00080488,0.00061938,0.00049463,0.0010371,0.00074846,0.00058521,0.00046312,0.00090581,0.00093156,0.0019516,0.012395
1,0.0058233,0.0064294,0.005748,0.0043747,0.0034723,0.0039181,0.001533,0.0018103,0.0015884,0.00094586,0.0014437,0.0020086,0.002043,0.0035342,0.0061431
1,0.001081,0.0013505,0.00079912,0.0012285,0.001394,0.001396,0.000993,0.0016562,0.00096728,0.00064866,0.00082693,0.00050742,0.0015226,0.0014375,0.007865,0.049501
1,0.0045319,0.003314,0.0014816,0.00056511,0.0011002,0.00077324,0.0007171,0.00032828,0.001194,0.0016344,0.001534,0.00085481,0.00091931,0.00067461,0.0024612,0.0019627,0.0030527,0.0032365,0.0099558
1,0.0007557,0.00043211,0.00071965,0.00038856,0.0018366,0.0022834,0.0011391,0.0013383,0.0015773,0.0017255,0.0013063,0.0005468,0.0004881,0.00090359,0.0021866,0.00094092,0.002199,0.005978
1,0.00042868,0.00083336,0.0013825,0.00085712,0.00080099,0.00053233,0.00076138,0.0024301,0.003324,0.0043758,0.0047888,0.003123,0.00093032,0.0010208,0.00069595,0.00087179,0.0014064,0.001121,0.00070687,0.00044118,0.00065166,0.0030422,0.003139,0.0058657,0.008991,0.0045109,0.0027382,0.00057225,0.00099476,0.00088949,0.0016719,0.00072334,0.00087697,0.0020221,0.0031662,0.049596
1,0.0018436,0.004463,0.0031339,0.0023104,0.0014655,0.001554,0.0011178,0.0009109,0.0022337,0.0019999,0.0015448,0.0015014,0.00079938,0.0016768,0.0018979,0.0012352,0.0010816,0.0010633,0.00042349,0.0015953,0.002917,0.0022991,0.00087832,0.0048392,0.0020857,0.00071562,0.0014579,0.0042293,0.0035351,0.0020851,0.0019057,0.0077771
1,0.0042139,0.0010378,0.00066794,0.00055733,0.0005313,0.00066506,0.00088932,0.00127,0.0011512,0.0011733,0.0012756,0.0011675,0.00095207,0.00051351,0.0002008,0.00022119,0.00025388,0.00059078,0.0010197,0.0023978,0.0038644,0.0013126,0.0010267,0.0028389,0.0051623,0.005818,0.0053932,0.004071,0.0033805,0.0057874,0.0029181,0.00066742,0.00055739,0.00060939,0.00089489,0.00065074,0.00089305,0.0015501,0.0021243,0.052022
1,0.0051643,0.0037079,0.0038761,0.0036655,0.00039902,0.00024773,0.00016635,0.00036694,0.00033812,0.00053646,0.00067638,0.00096944,0.0010129,0.0016871,0.0017369,0.00082765,0.0006386,0.0011075,0.0019228,0.0015638,0.00092386,0.00038695,0.0011505,0.0004003,0.00029785,0.00066723,0.0012042,0.0010986,0.0010641,0.0015582,0.0021174
1,0.0066514,0.012338,0.057978,0.048333,0.04905,0.045957,0.045983,0.0018041,0.0022452,0.0016167,0.001493,0.00087447,0.0004856,0.000478,0.00040142,0.00047288,0.00048694,0.00091524,0.001972,0.0036453,0.009598,0.08397
1,0.0018515,0.016116,0.0095655,0.0073567,0.049599,0.040422,0.038751,0.01001,0.013876,0.007288,0.0020761,0.0019191,0.0010453,0.00062527,0.00042967,0.00027867,0.00021209,0.00030579,0.00021461,0.00033906,0.00036965,0.0020142,0.001874,0.019305,0.019011
1,0.0041763,0.0040219,0.0016158,0.0013606,0.00093228,0.00093683,0.0014609,0.00063818,0.0008741,0.0017345,0.00083746,0.00055554,0.00026592,0.00040132,0.00026347,0.00047884,0.0025979,0.0083761,0.0088013,0.0081507
1,0.0033655,0.037154,0.017095,0.0025078,0.0026472,0.005216,0.0058874,0.0063862,0.0041624,0.0078367,0.010294,0.0037836,0.0011796,0.0017832,0.0099599,0.0071793,0.0083262,0.0083727,0.01425,0.0024291,0.0042532,0.002827,0.0098728,0.021764
1,0.00072902,0.0016413,0.004161,0.0049698,0.0015102,0.00061137,0.00060465,0.00094885,0.0026864,0.0022593,0.0031152,0.0039522,0.0021418,0.0020071,0.0021067,0.0003278,0.0008817,0.00088001,0.00084162,0.00026545,0.00042978,0.00068063,0.0012776,0.0050455,0.056663
1,0.0014202,0.0016589,0.0014966,0.00086013,0.0002551,0.00022742,0.00071792,0.0018361,0.0035519,0.0030094,0.0022558,0.0017549,0.00036805,0.00028813,0.00014913,0.00053913,0.00078744,0.00093518,0.0013194,0.00087566,0.0010597,0.0015777,0.0016648,0.0038719,0.0049321,0.0073032
1,0.00032905,0.0042451,0.0060587,0.00072306,0.00037706,0.00044585,0.00044524,0.00062522,0.0023702,0.0011098,0.0010638,0.005232,0.0010709,0.0014176,0.0019116,0.00057183,0.00058589,0.00032153,0.00075894,0.00078854,0.0010001,0.0020193,0.0038979,0.0043857,0.0070918
1,0.00099005,0.00046516,0.0005033,0.00035661,0.00036907,0.00015873,0.0003238,0.00057207,0.00043625,0.0003462,0.00043356,0.00022501,0.00047925,0.00025878,0.00037198,0.0028056,0.0014449,0.00063014,0.00031328,0.00061333,0.0011831,0.0004287,0.0013533,0.0042323,0.0088519,0.078582
1,0.0011197,0.00044622,0.00031351,0.00058631,0.00055135,0.00038368,0.00025526,0.00033362,0.00065988,0.00034852,0.00044664,0.0019774,0.0024082,0.0016524,0.0044789,0.001266,0.00058766,0.00055947,0.00058226,0.00044229,0.0012816,0.00075962,0.0030341,0.0017236,0.00050221,0.00023624,0.00079241,0.0014052,0.0018005,0.0039599,0.013614,0.010239,0.01022
1,0.0035554,0.0035023,0.0015874,0.0018403,0.00085883,0.00069481,0.0040514,0.002726,0.0008906,0.0009309,0.00087234,0.00031906,0.00017839,0.0096218,0.012796,0.018788,0.041064,0.031881,0.010456,0.0087288,0.0030705,0.0016267,0.011923,0.0093005,0.0025915,0.0023081,0.00094549,0.00025079,0.00037496,0.00055147,0.0066162
1,0.0012599,0.0010651,0.00099735,0.00045465,0.00040102,0.00076261,0.00051462,0.00092099,0.001937,0.0017067,0.0024953,0.0032121,0.0016233,0.0014804,0.00074816,0.00048842,0.000372,0.0027461,0.0027544,0.0029206,0.0053248,0.0057825,0.0033251,0.0028021,0.0015451,0.00069952,0.0011735,0.0056646
1,0.0040849,0.0151,0.010183,0.007354,0.0091637,0.0052668,0.0053448,0.0028624,0.0038185,0.0035345,0.0035527,0.0070764,0.0074005,0.0032741,0.0027763,0.0025546,0.0022545,0.003402,0.0032062,0.0085033,0.0059595,0.0054152,0.0056924,0.005241,0.0045155,0.004817,0.0053156,0.0030204,0.0021823,0.0027048,0.0018913,0.052331
1,0.00030963,0.0043425,0.0065157,0.0030431,0.0029318,0.007596,0.0019401,0.0014851,0.00080269,0.00072495,0.0015516,0.00076145,0.0010236,0.00066336,0.0041864,0.0015915,0.0009532,0.0016222,0.0026903,0.0029583,0.0022569,0.0022937,0.0010601,0.0014094,0.00038297,0.0023175,0.002249,0.0015336,0.0020774,0.0023545,0.0010124,0.0011368,0.0015801,0.0017022,0.0008798,0.0021563,0.0029847,0.0022931,0.059783
1,0.00089201,0.0036589,0.0047837,0.0037739,0.0065529,0.0032155,0.0028264,0.0011129,0.0010313,0.00096908,0.002236,0.0066269,0.02777,0.013101,0.01381,0.017226,0.0089284,0.0028923,0.0017453,0.001759,0.0029158,0.0091869,0.0049694,0.0048834,0.0042264,0.0028554,0.0027206,0.0036036,0.0039261,0.0020139,0.0013124,0.0020558,0.0070135
1,0.0029904,0.0023876,0.0051811,0.0015936,0.0017906,0.0023107,0.0029171,0.0014065,0.00085674,0.0005138,0.00064339,0.00033486,0.00032492,0.00052445,0.0023984,0.00078475,0.0013401,0.00099973,0.0016609,0.0014959,0.001162,0.0015454,0.0023052,0.0015831,0.0010129,0.0012216,0.0019884,0.0023283,0.0018412,0.0024803,0.0051379,0.0078956,0.0066345,0.0042253,0.018163,0.0099084,0.052255
1,0.0047564,0.0070385,0.0068195,0.0059994,0.0020023,0.0014585,0.0019701,0.002715,0.00066307,0.00067311,0.0008062,0.00072222,0.00042506,0.00022085,0.00041059,0.00049487,0.00035847,0.00039031,0.00044942,0.00053769,0.00038952,0.00064377,0.0019625,0.0027261,0.00092025,0.00057926,0.0034792,0.0088189
1,0.00052861,0.02008,0.00043568,0.00053904,0.0021115,0.0028325,0.0022106,0.0020818,0.0021132,0.00099388,0.00076913,0.00047575,0.00095206,0.0021274,0.0019804,0.0012615,0.0014125,0.0015133,0.00063823,0.0013585,0.0013716,0.00051155,0.0014726,0.0019959,0.0016222,0.009128,0.0078018,0.0023253,0.0039692,0.0068565,0.054561
1,0.00024611,0.00042233,0.00061827,0.0012224,0.00064987,0.00048766,0.00033374,0.000488,0.00064074,0.00085854,0.0011968,0.0010444,0.00082368,0.0016207,0.0018843,0.003655,0.0037509,0.0028427,0.0018506,0.0008079,0.0018235,0.0089447
1,0.00044102,0.00032316,0.00015368,0.00014851,0.00011229,0.0002301,0.00013825,0.00025353,0.00021377,0.00060891,0.0032673,0.014938,0.0083427,0.011315,0.010543,0.0061854,0.0026546,0.0013632,0.0003848,0.00069074,0.00096203,0.00079257,0.0014253,0.0045757,0.011301
2,0.0066676,0.0076916,0.003327,0.002304,0.0030209,0.0031888,0.0023041,0.0046207,0.01835,0.0091456,0.0079546,0.0084907,0.0046356,0.00083338,0.00093091,0.0018748,0.0018737,0.0014692,0.014202
2,0.0031562,0.0018851,0.0016014,0.0014297,0.0007243,0.0012585,0.001268,0.0031397,0.0010474,0.00051331,0.0005052,0.00063414,0.00075423,0.0010958,0.0014412,0.008876
2,0.00043841,0.0016426,0.0020491,0.0018601,0.0012959,0.0013339,0.0013536,0.001015,0.0025535,0.0044199,0.0028755,0.0026421,0.013397,0.0029203,0.0017549,0.0020733,0.0016217,0.0013353,0.0010457,0.001155,0.0039724,0.0091894
2,0.0017854,0.0015891,0.002277,0.0014035,0.0016115,0.0020653,0.0072163,0.0034154,0.0029866,0.0044293,0.001912,0.00046704,0.00058893,0.0010699,0.00085388,0.0020363,0.0047393
2,0.038365,0.033389,0.027333,0.02558,0.0013227,0.015941,0.031306,0.02206,0.021369,0.026808,0.0064278,0.0014382,0.0022842,0.0031081,0.00037382,0.00085923,0.0043596
2,0.0027021,0.002971,0.0014969,0.0008357,0.0012299,0.00065986,0.0011355,0.0010574,0.047044,0.043269,0.030736,0.030631,0.026225,0.0018204,0.001262,0.00090198,0.0015633,0.0035882,0.0045111,0.060414
2,0.0021028,0.0022554,0.0013881,0.0022508,0.0042715,0.0043876,0.011324,0.0077994,0.0040013,0.0021913,0.0022675,0.0015224,0.019555,0.0076716,0.0048363,0.0047137,0.023874,0.0018327,0.001921,0.002209,0.0016311,0.0029545,0.0078252,0.01536
2,0.00047304,0.0015731,0.00067935,0.00031995,0.00085265,0.0010449,0.00083672,0.0010451,0.00068966,0.00089407,0.0012754,0.00092949,0.0014366,0.0063623,0.0049978,0.0044649,0.0045982,0.0051415,0.0015557,0.0049747,0.0098076
2,0.00052574,0.0030976,0.0022454,0.00051788,0.00093164,0.0023133,0.0014611,0.0018715,0.001464,0.0014181,0.00091792,0.00047174,0.00038411,0.0078426,0.0072855
2,0.0012994,0.011012,0.067131,0.0089322,0.0082762,0.0083213,0.0013448,0.0027317,0.001974,0.0015761,0.001374,0.0023994,0.0037185,0.0016042,0.0011877,0.0018237,0.0021424,0.0010601,0.0040983,0.0044078,0.0085552,0.063617
2,0.0028347,0.0049306,0.0012222,0.0013614,0.00080794,0.00085865,0.002438,0.0023694,0.0026704,0.0023809,0.0022777,0.0018415,0.0013096,0.00073537,0.003161,0.005778,0.011087
2,0.0052394,0.0049507,0.0049479,0.0038034,0.011367,0.0071639,0.0079083,0.0053602,0.0058467,0.0028312,0.0030462,0.0019881,0.0069819,0.0088444,0.01661
2,0.0045298,0.0090862,0.0016623,0.003565,0.0012463,0.0016536,0.0018934,0.002406,0.0018017,0.0015695,0.0011473,0.00083714,0.0011646,0.0017091,0.0011588,0.00059101,0.0010605,0.0033162,0.0063534
2,0.0030359,0.011534,0.0077091,0.028261,0.001534,0.0027028,0.0024714,0.0048377,0.0024683,0.0022999,0.0028472,0.002572,0.0030071,0.0031311,0.003542,0.0037097,0.0023531,0.0026169,0.003136,0.0029279,0.0021231,0.0095622,0.0046683,0.0070772,0.051939
2,0.0020351,0.0054649,0.0027449,0.0031355,0.0038244,0.0028371,0.0020954,0.0019811,0.0018813,0.0014573,0.00097615,0.00071051,0.0023985,0.0026608,0.012447
2,0.0093567,0.0043529,0.0034225,0.004353,0.0047121,0.0020056,0.0011149,0.0020409,0.0055602,0.0037096,0.0040381,0.0025129,0.0022443,0.0022724,0.002273,0.0014195,0.001526,0.0023235,0.049701
2,0.0017011,0.0012247,0.0012187,0.00046687,0.00035599,0.00065799,0.0029493,0.0022441,0.0031863,0.0029947,0.0027225,0.0026171,0.0041579,0.0034137,0.0019981,0.0016408,0.0013619,0.00065525,0.00081356,0.00105,0.0012273,0.0017748,0.0018529,0.00052898,0.00067687,0.0010034,0.00055371,0.0014349,0.010506
2,0.016797,0.0097982,0.0031917,0.0015091,0.0055429,0.0098796,0.0075424,0.0079904,0.0050413,0.0028108,0.0024306,0.0062716,0.0033734,0.0042254,0.0051991,0.0049733,0.0098052,0.0042321
2,0.0067606,0.0069071,0.005905,0.0064944,0.0028182,0.0056392,0.0028343,0.0022523,0.0021075,0.0013631,0.043428,0.0066872,0.0059427,0.0013494,0.0020175,0.0021596,0.0059609,0.0039964,0.0061379,0.0055144,0.057851
2,0.013195,0.013719,0.0031828,0.0034929,0.0037597,0.0020796,0.0010454,0.0013218,0.0024839,0.010011,0.031825,0.0082329,0.0069625,0.013338,0.0067988,0.0005647,0.0022032,0.0062774
2,0.00055331,0.0014471,0.0097266,0.0042358,0.0067746,0.028728,0.012133,0.0075244,0.012205,0.014122,0.0018039,0.0048384,0.0047682,0.0031082,0.0030638,0.0031372,0.00212,0.0021349,0.0023545,0.0014614,0.0011777,0.0010329,0.0020627,0.0014524,0.0019197,0.0014981,0.0083055
2,0.0015394,0.0020569,0.0014347,0.0018508,0.0022912,0.0067989,0.0047146,0.0075852,0.018547,0.012117,0.0026396,0.0019449,0.0032006,0.003267,0.0027012,0.010601
2,0.00084822,0.0030575,0.0013951,0.0012414,0.0013668,0.00062129,0.0012629,0.0010207,0.0018806,0.0010058,0.00060857,0.00025418,0.00011183,0.00014781,0.00044649,0.00040439,0.00056712,0.00053686,0.0010069,0.00058256,0.0043067,0.0033841,0.0033498,0.001632,0.0026425,0.0010434,0.0020578,0.0010994,0.00083078,0.00081806,0.00064662,0.00049667,0.0020118,0.0030496,0.06596
2,0.0023986,0.0021707,0.003341,0.0041878,0.0025581,0.00086742,0.0031697,0.0028915,0.0011835,0.0016479,0.0044625,0.0018501,0.0027151,0.0026067,0.0024696,0.004325,0.0046571,0.0058952,0.0040259,0.0030331,0.0023347,0.00076465,0.0010391,0.00082362,0.00054153,0.00038752,0.00043663,0.0011309,0.003403,0.058273
2,0.012459,0.0082479,0.0047011,0.0055461,0.0027043,0.0024335,0.0018372,0.0013057,0.0013449,0.0006841,0.00075784,0.00082299,0.0032192,0.0016443,0.0015764,0.0016819,0.0011999,0.00084855,0.0022888,0.0020355,0.0012161,0.0021066,0.0012022,0.00094387,0.00070069,0.0007099,0.00040437,0.0014162,0.0029079,0.011989
2,0.00089423,0.00067687,0.00066556,0.00050092,0.00058857,0.00055203,0.00082654,0.0015035,0.0034679,0.0019698,0.0019047,0.00088045,0.002528,0.0013863,0.0031795,0.0055078,0.005372,0.0018244,0.0023689,0.0040526,0.0032663,0.0026463,0.0022571,0.0030276,0.0017255,0.0011702,0.00040609,0.00060876,0.00083155,0.00037887,0.00035635,0.00041455,0.0016571,0.0014303
2,0.0011263,0.0023055,0.0013469,0.0016274,0.0017364,0.0014184,0.0021645,0.0027461,0.0026937,0.0019111,0.0011064,0.0020513,0.002527,0.0023402,0.0027972,0.00292,0.00072657,0.0023343,0.0023245,0.0026105,0.0020979,0.0026475,0.0013168,0.00099197,0.0017529,0.0010806,0.00073535,0.00080724,0.00088876,0.001364,0.0013092,0.0018268,0.0039642,0.0031775,0.0058344,0.005727,0.0050949,0.0077001
2,0.002433,0.0017266,0.001718,0.0021063,0.0024456,0.0025422,0.0021282,0.0017054,0.0033559,0.0034153,0.0021317,0.0017974,0.0021225,0.0035944,0.0033275,0.0033399,0.0018812,0.0016372,0.0012471,0.00018615,0.00023191,0.00041163,0.0027613,0.002546,0.0033347,0.0015613,0.0014354,0.0010938,0.001367,0.00063529,0.00070458,0.00073254,0.001093,0.00257,0.009859
2,0.0026038,0.0019767,0.0027103,0.0025487,0.0016269,0.0014724,0.0013124,0.0015151,0.00089819,0.0016901,0.0018635,0.0021889,0.0022538,0.0021115,0.0013852,0.00086092,0.0012008,0.0014739,0.0036977,0.007735,0.0081428,0.0060443,0.0044244,0.0039432,0.0038934,0.0024813,0.0005068,0.00053131,0.0002359,0.0011965,0.0018553,0.0097823
2,0.00013233,0.00016264,0.00040091,0.00066214,0.00098341,0.00046858,0.00026276,0.00027619,0.00055188,0.00060165,0.0019385,0.0016052,0.0015743,0.0006149,0.0004869,0.00055179,0.00099174,0.0013589,0.0010043,0.0013275,0.00098548,0.0053825,0.0057147,0.0022466,0.0011121,0.0045122,0.0039996,0.0036578,0.0029322,0.00070149,0.001179,0.00072813,0.00045092,0.00081434,0.0010457,0.00051877,0.0009989,0.0015467,0.0011507,0.0035958,0.055232
2,0.0013708,0.002892,0.0015971,0.00048911,0.00036119,0.00042707,0.00021269,0.00013027,0.00086978,0.00077207,0.0013167,0.00056862,0.00091167,0.00060437,0.0014813,0.0018513,0.0060537,0.0011166,0.00055117,0.0016092,0.0015721,0.00057659,0.0088531,0.059982
2,0.0071029,0.013494,0.005202,0.0054044,0.0017638,0.0026787,0.0023324,0.0030058,0.0021617,0.0038935,0.0054052,0.0080047,0.032232,0.023021,0.015747,0.017664,0.023357,0.00098751,0.0016874,0.010424
2,0.0015183,0.0015261,0.0023312,0.0020446,0.0070603,0.008676,0.0037247,0.0023176,0.0040096,0.00090099,0.00063617,0.0010058,0.0017445,0.023282,0.018326,0.021757,0.019146,0.025206,0.0013868,0.0094081
2,0.0026323,0.0034018,0.0025888,0.001983,0.0024239,0.0038982,0.0016506,0.00051392,0.00054926,0.00043953,0.00033637,0.00049659,0.00067718,0.0024639,0.003155,0.0011655,0.00092501,0.0020396,0.0010138,0.0008826,0.0063238
2,0.003448,0.0039893,0.0066828,0.00099086,0.001509,0.0014981,0.0010152,0.0025693,0.0025231,0.0019776,0.0038725,0.0059521,0.002954,0.013056,0.025423,0.014178,0.010777,0.013774,0.0056084,0.00080019,0.0034426,0.0028581,0.05155
2,0.0051341,0.0061179,0.004414,0.0045695,0.0041918,0.0023979,0.0025741,0.0017936,0.0013799,0.0016478,0.00071149,0.00094188,0.0010837,0.0010612,0.00088557,0.00089075,0.00061096,0.00055711,0.00080243,0.00096925,0.0019419,0.0062749,0.047863
2,0.0039342,0.004332,0.0081259,0.0067723,0.0047009,0.0022104,0.00071132,0.00094375,0.00029093,0.00079172,0.00025968,0.00014588,0.00023509,0.00036538,0.00048164,0.0026025,0.0030225,0.0024155,0.0020724,0.0044148,0.0013288,0.0019918,0.0059968,0.048362
2,0.0017187,0.0037745,0.00055804,0.00080815,0.0010794,0.00097235,0.0009522,0.00076636,0.00078146,0.0033508,0.0003499,0.00062858,0.00084871,0.00082033,0.0012824,0.0013107,0.0011936,0.0016721,0.0033571,0.001414,0.0069674,0.0064744
2,0.036201,0.017964,0.0052605,0.0042793,0.0029716,0.0017504,0.0026345,0.0013271,0.00090563,0.00045927,0.00049691,0.00071528,0.00027119,0.00027568,0.00019878,0.00099579,0.0006494,0.00097865,0.00053426,0.00058888,0.00037166,0.00042033,0.00036753,0.00048424,0.00053112,0.00052798,0.00041236,0.00073252,0.0010914,0.0012444,0.0015112,0.0031893,0.005991
2,0.0012576,0.0016093,0.0016708,0.00090819,0.00061577,0.00045866,0.00077443,0.00096546,0.0030037,0.0014206,0.0012747,0.00070893,0.00046575,0.00022736,0.00030289,0.00041976,0.0010025,0.00066361,0.00063216,0.000677,0.00051043,0.0048277,0.051844
2,0.0016341,0.0016898,0.00089062,0.00087646,0.0014586,0.0012695,0.00098736,0.0012221,0.00069756,0.00095787,0.00068228,0.00034821,0.00064779,0.0004739,0.00035583,0.00025443,0.00043498,0.00044929,0.00050116,0.00076187,0.0047834,0.0098144
2,0.0011602,0.0029458,0.0050691,0.0060607,0.00064178,0.00057748,0.0014092,0.0026714,0.0022781,0.012124,0.01427,0.0095825,0.0044735,0.0018748,0.0013458,0.0010521,0.00061912,0.00047275,0.00086119,0.00073953,0.00086184,0.0020969,0.0016802,0.0023706,0.0014955,0.0019988,0.00098716,0.0033063,0.0066798,0.061337
2,0.0014701,0.0018614,0.002299,0.0014597,0.0007552,0.0007877,0.0014745,0.0020844,0.0021323,0.0046921,0.012759,0.010382,0.04128,0.036611,0.022312,0.020354,0.018565,0.0032329,0.0015267,0.0017905,0.00091385,0.0006704,0.00061554,0.00029054,0.00023146,0.00042102,0.0021132,0.0091486
2,0.0021113,0.0024782,0.0031231,0.0021143,0.0017595,0.001395,0.0035349,0.00083196,0.00031158,0.0007915,0.0028222,0.0020565,0.0023271,0.0022909,0.0015242,0.0012603,0.002491,0.0023577,0.0047676,0.012565,0.0016204,0.0014324,0.0014479,0.00078611,0.0010237,0.0032537,0.011429,0.01453
2,0.00089589,0.0011215,0.0014779,0.00073487,0.0010616,0.0019482,0.0014363,0.00099623,0.00044955,0.0009496,0.00094387,0.00073561,0.00084784,0.0023669,0.00099227,0.00090425,0.0017787,0.03571,0.021062,0.02053,0.016763,0.013343,0.00056427,0.00041026,0.0012384,0.00059195,0.00024996,0.0001841,0.00045469,0.0006716,0.0045799,0.0080478
2,0.0019043,0.0013765,0.0013796,0.0022266,0.0031464,0.0023236,0.0038981,0.0049161,0.0034452,0.0019652,0.0016677,0.0017114,0.0032016,0.0012736,0.0010453,0.0015341,0.0013184,0.0025782,0.0023161,0.0042504,0.0046159,0.0020941,0.0045409,0.0030272,0.0021469,0.0011874,0.0017214,0.0011946,0.0079351
2,0.0033946,0.0036924,0.0039009,0.0036577,0.0018898,0.001406,0.00061574,0.003206,0.0010734,0.00060524,0.00033357,0.001263,0.0041787,0.0014596,0.001258,0.0045232,0.010697,0.0046572,0.0070922,0.007081,0.006852,0.005147,0.0041294,0.0016917,0.0017574,0.0011316,0.0015743,0.002193,0.0029461,0.005375,0.0061921,0.0082341,0.014643
2,0.001886,0.0090274,0.007808,0.0071881,0.0046179,0.0041436,0.0023368,0.00066569,0.00083493,0.0013896,0.0037399,0.0030496,0.0074224,0.0045634,0.005188,0.0036701,0.0041597,0.002665,0.0050819,0.0065435,0.0021624,0.0021956,0.0014271,0.0014209,0.001453,0.00055113,0.0031229,0.01237
2,0.0014002,0.0017618,0.00091305,0.00074639,0.0012598,0.00080887,0.0013291,0.0016014,0.0025527,0.0032091,0.0021722,0.0044862,0.0019053,0.0013443,0.0028891,0.0068933,0.006674,0.0036515,0.016536,0.020845,0.023193,0.019199,0.0014859,0.0016734,0.00048591,0.00096685,0.0037451,0.065824
2,0.0017905,0.0028418,0.0013377,0.00091996,0.00065898,0.00037459,0.00024747,0.0013978,0.024624,0.022882,0.026191,0.021992,0.019187,0.0032956,0.0023522,0.0023638,0.009874,0.0040977,0.0032468,0.0037037,0.0031952,0.0063241,0.0087071,0.0080147,0.0091435,0.0026076,0.0023211,0.0012454,0.0014873,0.001666,0.0009634,0.0019552,0.0034276,0.010446,0.010739,0.0089409
2,0.0036389,0.0020605,0.006505,0.0065922,0.0051128,0.0048043,0.0076991,0.0030924,0.0024518,0.0018222,0.0015025,0.0013867,0.0012301,0.0012858,0.0032126,0.0062529,0.0014703,0.0044253,0.0027314,0.0039063,0.0011866,0.0025766,0.0021948,0.0012451,0.0022164,0.005385,0.042972
2,0.0035863,0.0082195,0.0069625,0.0071004,0.011413,0.004292,0.009316,0.010224,0.00689,0.0026509,0.003783,0.001264,0.0010008,0.00073927,0.0031802,0.0024439,0.0029877,0.014793,0.020665,0.0049087,0.0050386,0.0042446,0.00071559,0.00079543,0.00080955,0.0033835,0.016563
2,0.00038648,0.0031471,0.0029429,0.0015991,0.0025725,0.0038339,0.0022225,0.0027487,0.0029546,0.0019584,0.0010887,0.00182,0.0018597,0.0011689,0.0011985,0.0010952,0.0022527,0.0014201,0.00053118,0.0011102,0.0011427,0.001157,0.0011945,0.0021163,0.0021941,0.0014243,0.0015788,0.0014196,0.0031859,0.0022879,0.002041,0.0019191,0.0020846,0.0016321,0.00062518,0.0011729,0.0013652,0.00088537,0.0018547,0.0030175,0.01218
2,0.00078542,0.0022583,0.0039035,0.0025273,0.0023546,0.0045717,0.002048,0.0032065,0.0019892,0.0015279,0.0015182,0.0019449,0.0011367,0.0081308,0.0030161,0.0011014,0.0010358,0.0010147,0.0013642,0.0010906,0.0012178,0.0016716,0.00089899,0.0013171,0.0036208,0.0063834,0.0018266,0.0020334,0.002033,0.0026883,0.0029099,0.0043177,0.0030635,0.0021705,0.0028123,0.002838,0.008467
2,0.0054056,0.0057829,0.0051025,0.0022065,0.0024395,0.0028588,0.0060288,0.0071294,0.0045119,0.013746,0.0034445,0.0012974,0.002117,0.0045966,0.0025192,0.002204,0.0014802,0.0037862,0.0068524,0.0059772,0.003148,0.0012907,0.0014241,0.0026706,0.0039721,0.0025672,0.003808,0.0033459,0.0061127,0.016576,0.056707,0.056899,0.050888,0.041882,0.045504,0.029688,0.0068857,0.004505,0.0025523,0.0013927,0.00099811,0.0019511,0.0015889,0.0011596,0.0073514
2,0.0017407,0.0014257,0.0026817,0.0026406,0.0015144,0.001886,0.0020878,0.0011767,0.001738,0.0015905,0.0013882,0.0044083,0.0021959,0.0017958,0.0010704,0.0010718,0.0011151,0.001501,0.0011935,0.0012782,0.0019282,0.0053012,0.0039819,0.0070443,0.02954,0.026116,0.0010096,0.00074826,0.00076517,0.00094752,0.00043224,0.00028287,0.0013489,0.0031679,0.0015726,0.0031173,0.0032679,0.0045418,0.0054587,0.0024272,0.0016429,0.0018306,0.0027038,0.0035843,0.0021972,0.0032738,0.0042877,0.010125,0.0063456,0.0050478,0.002762,0.01325
2,0.0018322,0.0015137,0.0020595,0.0066568,0.0022154,0.0017916,0.00219,0.0022597,0.0021421,0.0017562,0.00091003,0.00075657,0.00065965,0.00086449,0.001456,0.0018952,0.0059214,0.00064094,0.0015596,0.0011685,0.0025251,0.0032229,0.0064625,0.0038826,0.0045269,0.0043549,0.0032519,0.0021707,0.002736,0.0017145,0.0011862,0.00087353,0.00094745,0.0012312,0.0019055,0.0022244,0.0019456,0.0015589,0.013146
2,0.0017183,0.00267,0.0042757,0.0035779,0.0031383,0.0026902,0.0029917,0.0032256,0.0018909,0.00087285,0.00086677,0.00085439,0.00071754,0.0006353,0.00081416,0.0024748,0.0096218,0.0021502,0.0027976,0.0026543,0.0034265,0.0013945,0.0029257,0.0031924,0.0020723,0.0010526,0.014158,0.007279,0.0049935,0.0053666,0.0067051,0.00050037,0.00065051,0.0011179,0.0013041,0.0024136,0.001361,0.0010896,0.0011925,0.00077404,0.0040376
2,0.0006301,0.0017384,0.00056191,0.00066787,0.00068988,0.00082369,0.0015793,0.0017019,0.0016753,0.0015427,0.00099186,0.00087156,0.00091934,0.00091044,0.0028864,0.0018733,0.0022628,0.0032482,0.0022595,0.0008451,0.00071008,0.0014409,0.0012209,0.0020621,0.0018278,0.0030203,0.0014639,0.0042855,0.012112
2,0.0012444,0.0013948,0.00098501,0.0014402,0.0023726,0.001408,0.0011779,0.0014958,0.0022426,0.00078406,0.00046919,0.0011937,0.0013536,0.00074414,0.0016184,0.0020559,0.010167,0.01684,0.013937,0.047445,0.040342,0.027382,0.02706,0.029984,0.0024533,0.0010892,0.0033413,0.0021156,0.00075652,0.0020141,0.0045422,0.0081429
2,0.0019823,0.0052428,0.00068971,0.0018263,0.0059002,0.0064529,0.0048047,0.0054406,0.0018986,0.0011823,0.0010198,0.0015295,0.0017888,0.00096424,0.00075665,0.0017572,0.00051475,0.00034304,0.0009339,0.0026294,0.00052701,0.00014854,0.00019887,0.00015946,0.00075231,0.0053367,0.046783
2,0.0050484,0.01388,0.029037,0.023306,0.00532,0.0030793,0.0023362,0.0010379,0.0026393,0.010896,0.0056429,0.0053696,0.0040306,0.0037554,0.009384,0.0019782,0.0015991,0.0023935,0.0046543,0.025843,0.017618,0.018445,0.015913,0.0086204,0.0019041,0.0012438,0.0020219,0.0013554,0.0012832,0.0011474,0.00080313,0.00072275,0.0017467,0.0014685,0.00085344,0.0015705,0.001936,0.0035563
2,0.0029954,0.0044945,0.0044062,0.0041085,0.0071044,0.0049491,0.0081291,0.0059012,0.0066054,0.0052067,0.006711,0.0050246,0.0019335,0.0025349,0.0020477,0.00090831,0.00096422,0.0010809,0.0011704,0.013249,0.012218,0.035044,0.047492,0.041456,0.036876,0.035261,0.0086134,0.0036736,0.0028508,0.0031111,0.0015952,0.0033521
2,0.0013311,0.0022086,0.0018455,0.0012124,0.00063386,0.00082137,0.0013145,0.00076702,0.0014475,0.00062943,0.00070212,0.00049011,0.00069597,0.00079171,0.0018371,0.0014875,0.0026222,0.016637,0.0052737,0.005083,0.0092786,0.0044557,0.013539,0.0087939,0.01433,0.015409,0.0086134,0.0046615,0.0097743,0.0024885,0.00041419,0.0017469,0.0038631
2,0.0012978,0.0025914,0.0015176,0.0010778,0.0011816,0.0015356,0.0010756,0.00056668,0.00040618,0.00086733,0.00049023,0.0017937,0.0018101,0.0011857,0.0017777,0.0036545,0.0017035,0.002269,0.0030072,0.0023124,0.0010469,0.00098051,0.00046182,0.0041776,0.061345
2,0.0025998,0.0035775,0.0038893,0.0030375,0.0035727,0.0051891,0.0020672,0.0017248,0.0013999,0.0028509,0.0035933,0.0021524,0.0016996,0.0036103,0.0054222,0.0016577,0.0022808,0.0030783,0.0040392,0.0040824,0.0018963,0.0020345,0.0010264,0.0008001,0.00080205,0.00082505,0.00099625,0.0013592,0.0011697,0.0018793,0.0018196,0.042236
2,0.0028591,0.0023976,0.0031239,0.0034592,0.012659,0.0098907,0.006824,0.004592,0.0038566,0.0037489,0.0039354,0.0033283,0.0026771,0.026866,0.028007,0.0026526,0.0014741,0.0005823,0.00036344,0.00040155,0.0019119,0.0070718
2,0.004183,0.0057093,0.0054246,0.0039514,0.0037966,0.0024921,0.0016297,0.002076,0.0060991,0.0058038,0.0070874,0.0081651,0.0064334,0.0043361,0.0042467,0.0054678,0.0041109,0.0037273,0.0043022,0.0050963,0.0017515,0.0019912,0.0016613,0.001397,0.0011203,0.0052433,0.009329
2,0.0018723,0.0020278,0.00097944,0.00087477,0.0011885,0.00089961,0.0030615,0.0027341,0.0025313,0.0035911,0.0025435,0.0019791,0.0018143,0.0022087,0.0019887,0.0035437,0.0022054,0.0031748,0.0032213,0.0032569,0.0031667,0.0019318,0.0012105,0.0013104,0.0012355,0.000975,0.0033075,0.0023405,0.0093716
2,0.0025356,0.0026592,0.0028109,0.0041213,0.0021693,0.0022631,0.001887,0.0018362,0.0014663,0.0076499,0.0017052,0.021124,0.022213,0.012398,0.016101,0.036194,0.0042388,0.0046702,0.0049814,0.0041322,0.0024384,0.0035615,0.0028329,0.0045531,0.010243,0.014677
2,0.0026828,0.0032309,0.0021155,0.0021669,0.0032594,0.0024872,0.0021739,0.0023858,0.0028707,0.003545,0.0025136,0.010092,0.0091332,0.010617,0.0026959,0.0069329,0.0031531,0.0025999,0.0025019,0.0056775,0.0060295,0.012919
2,0.0019949,0.0017173,0.0011448,0.0026653,0.0012753,0.0039732,0.0091892,0.0046545,0.0033659,0.0090391,0.0091673,0.010869,0.0036531,0.0031865,0.0028513,0.0032345,0.0073239,0.001287,0.0045443,0.0023254,0.0028741,0.0042608,0.0059695,0.0069447,0.054245
3,0.098419,0.24168,0.34621,0.13248,0.11639,0.079282,0.29018,0.22804,0.064486,0.071899,0.083055,0.06179,0.081969,0.074984,0.070385,0.056191,0.014409,0.086546
3,0.017919,0.052879,0.19851,0.17323,0.27201,0.060329,0.02314,0.061729,0.061621,0.031662,0.047641,0.04127,0.032705,0.01043,0.06058,0.08711,0.10277,0.32218,0.38627,0.35577,0.41597,0.69446,0.23009,0.4818,0.6451,0.62256,0.64384,0.6315,0.56328,0.099718,0.052123
3,0.037491,0.33402,0.24533,0.10133,0.063689,0.027216,0.027236,0.19425,0.42959,0.24812,0.084279,0.046707,0.02891,0.03242,0.060554,0.21721,0.22618,0.060452,0.20093,0.021283,0.021171
3,0.30732,0.35774,0.15128,0.027555,0.10328,0.27326,0.36217,0.21122,0.12782,0.31558,0.84749,0.70027,0.56217,0.53543,0.51498,0.1861,0.078561,0.11144,0.018223,0.010645,0.022112
3,0.0053461,0.0055336,0.023479,0.076009,0.14329,0.19982,0.17388,0.059866,0.052618,0.024608,0.018273,0.074872,0.075961,0.054844,0.043896,0.048945,0.042337,0.034286,0.02804,0.045408,0.041063,0.06194,0.034418,0.024378,0.024987,0.033978,0.060427,0.23854,0.35073,0.59924,0.56569,0.64601,0.70725,0.2172,0.078786,0.043845,0.050593,0.010019,0.077819
3,0.0099428,0.020348,0.014678,0.012887,0.076622,0.16472,0.4013,0.4882,0.27677,0.249,0.17064,0.093126,0.070933,0.011968,0.014965,0.065436,0.11109,0.11539,0.13326,0.10135,0.17484,0.085874,0.16253,0.077336,0.070709,0.032144,0.10366,0.28206,0.65194,0.55687,0.39572,0.41037,0.10026,0.35141,0.28532,0.27768,0.72959,0.92298,0.79278,0.8186,0.90043,0.88411,0.90998,0.72579,0.70446,0.85904,0.56176,0.57238,0.081338,0.066226,0.029058,0.028944,0.026261,0.021345,0.0021109,0.0053966,0.17712
3,0.012929,0.017317,0.18728,0.0083193,0.036432,0.018032,0.050804,0.11375,0.02173,0.021094,0.01295,0.0084512,0.014104,0.0074573,0.0062733,0.0078197,0.13556,0.033996,0.052133,0.046722,0.03792,0.018805,0.016894,0.046199,0.074323,0.3682,0.32316,0.054186,0.086491,0.045926,0.067112,0.020964,0.021434,0.10142,0.10678,0.052567,0.21634,0.32282,0.19014,0.14135,0.091757,0.4548,0.36994,0.5,0.11683,0.11562,0.047833,0.082228,0.052535,0.017408,0.0070364,0.0098951,0.020476,0.023083
3,0.012868,0.012621,0.018316,0.035991,0.063994,0.25611,0.45908,0.57776,0.33759,0.31096,0.51963,0.62651,0.42574,0.59898,0.61,0.68577,0.3671,0.21757,0.33681,0.098688,0.10969,0.14664,0.5105,0.65354,0.86338,0.83504,0.84702,0.6441,0.75223,0.28511,0.09298,0.098116,0.079075,0.10423,0.09481,0.073251,0.037081,0.037543,0.034321
3,0.022983,0.099573,0.21812,0.45065,0.65891,0.40612,0.51306,0.26086,0.21688,0.13869,0.20615,0.096022,0.51716,0.75498,0.7701,0.68847,0.6223,0.37916,0.3159,0.37656,0.57696,0.64236,0.805,0.55192,0.66594,0.037326,0.021323,0.0058976,0.0052681,0.0038716,0.0013882,0.0042406,0.0035045,0.071097
3,0.037373,0.16962,0.048324,0.23548,0.38993,0.53468,0.55361,0.6035,0.24017,0.37572,0.22377,0.31661,0.30293,0.48224,0.47679,0.47589,0.26993,0.28086,0.29269,0.52302,0.6618,0.92238,0.9586,0.90392,0.92522,0.90523,0.2986,0.15993,0.061941,0.010321,0.0066158,0.0083477,0.0067209,0.0034763,0.017964
3,0.0032387,0.040564,0.020674,0.0037044,0.0020141,0.0037081,0.0012148,0.005744,0.0090366,0.017517,0.0040904,0.0047176,0.0028656,0.0022234,0.0058828,0.019277,0.030839,0.035835,0.019764,0.015953,0.016649,0.021104,0.0048952,0.0038419,0.0079087,0.015339,0.029499,0.016308,0.02154,0.0081093,0.0060988,0.0057136,0.024981,0.038257,0.023608,0.083488,0.060498,0.031762,0.042352,0.044468,0.027584,0.029476,0.036041,0.022293,0.042032,0.018617,0.034994,0.18066,0.058529,0.020814,0.011661,0.015392,0.004195,0.001323,0.00074364,0.0053648,0.0056051
3,0.12979,0.23758,0.40952,0.1875,0.06665,0.040574,0.053832,0.19328,0.56171,0.86825,0.93123,0.89133,0.61721,0.23299,0.24259,0.25734,0.20351,0.14224,0.029501,0.019759,0.022497,0.041797,0.082243,0.33615,0.14329,0.26887,0.21936,0.54184,0.422,0.38448,0.38846,0.40593,0.025398,0.025808,0.019199
3,0.074863,0.09224,0.098928,0.082208,0.072945,0.058568,0.10103,0.11023,0.060879,0.075591,0.074273,0.094205,0.37471,0.38347,0.34117,0.29324,0.31561,0.28031,0.14312,0.082904
3,0.028614,0.059811,0.13738,0.12732,0.11437,0.094008,0.12427,0.15334,0.11611,0.34279,0.28867,0.65799,0.59592,0.4751,0.41167,0.17152,0.070254,0.010109,0.0078874,0.011838
3,0.22532,0.63443,0.14374,0.15905,0.14297,0.22581,0.23759,0.82136,0.92437,0.96604,0.9059,0.93828,0.90721,0.93774,0.85316,0.43903,0.35737,0.16922,0.024053,0.018308,0.0056917,0.017252
3,0.29774,0.35662,0.19318,0.049351,0.024188,0.033239,0.026465,0.029471,0.045165,0.37381,0.77084,0.64288,0.092826,0.05098,0.029451,0.064123,0.086193,0.11692,0.10855,0.13303,0.15717,0.15869,0.16824,0.13911,0.044979,0.17389,0.077998,0.08943,0.10512,0.12737,0.16667,0.24414,0.3179,0.2299,0.13377,0.12536,0.059446,0.077797,0.11567,0.03823,0.2115
3,0.22699,0.58373,0.45826,0.38026,0.57323,0.73656,0.61713,0.86694,0.35365,0.39307,0.37326,0.25143,0.15475,0.2675,0.25504,0.38548,0.17216,0.30457,0.058138,0.054208,0.039382,0.17303,0.17674,0.20887,0.74783,0.85167,0.76974,0.73892,0.62595,0.3144,0.38298,0.21993,0.078196,0.11299,0.11861,0.24173,0.075546,0.058274,0.018429,0.026013
3,0.004085,0.022204,0.19091,0.27162,0.037259,0.0060479,0.0043041,0.0087298,0.0066062,0.0050471,0.011382,0.027788,0.026452,0.055111,0.021147,0.02418,0.019981,0.011516,0.0056315,0.0020993,0.0023615,0.0098875,0.015164,0.051541,0.044873,0.014576,0.016544,0.010961,0.00959,0.014512,0.031962,0.011599,0.027796,0.019354
3,0.0057466,0.0078455,0.024717,0.0083059,0.0060048,0.0089713,0.011961,0.013672,0.017933,0.032842,0.070884,0.061792,0.037788,0.052535,0.020692,0.024842,0.18715,0.036959,0.022262,0.020018,0.019073,0.026839,0.038793,0.038768,0.040989,0.040225,0.033896,0.027114,0.01335,0.0095901,0.029088,0.010054,0.015473,0.010672,0.010837,0.0090032,0.0087826,0.046139,0.052577,0.090821,0.75267,0.80436,0.52684,0.30685,0.26283,0.02606,0.037869,0.022963,0.0082566,0.010355,0.013213,0.074958
3,0.056351,0.098521,0.12408,0.11053,0.21885,0.081504,0.068212,0.043932,0.16416,0.1377,0.24685,0.30002,0.22795,0.25697,0.16636,0.35411,0.74425,0.84101,0.61893,0.40946,0.54513,0.20404,0.10239,0.099934,0.55328,0.46461,0.79903,0.8135,0.53733,0.53029,0.38949,0.18025,0.12788,0.029571,0.021929,0.011215,0.03186
3,0.026949,0.086981,0.10204,0.21812,0.54067,0.5324,0.42284,0.099078,0.0078043,0.014346,0.060089,0.083767,0.072292,0.080481,0.060017,0.025889,0.017744,0.0035781,0.0031856,0.0036759,0.093081,0.0033842,0.0092119,0.055501,0.036315,0.050544,0.12345,0.29372,0.088437,0.036951,0.062477,0.06361,0.02736,0.032851,0.046904,0.058082,0.054096,0.055426,0.061123,0.10788,0.061971,0.059982,0.057219,0.028982,0.099243,0.071702,0.054735,0.10828,0.14609,0.0081226,0.0083405,0.012516,0.0085428,0.011385,0.033096,0.064,0.059971,0.090442,0.085963,0.092813,0.017483,0.02347,0.033944,0.036301,0.16295,0.56341,0.52833,0.47691,0.52529,0.33881,0.33113,0.22788,0.012558,0.005786,0.0079025,0.010568,0.0093139
3,0.012526,0.016488,0.035181,0.049423,0.096197,0.027225,0.0037344,0.0068389,0.0023163,0.0061568,0.028331,0.051986,0.033423,0.028104,0.088328,0.054257,0.051016,0.056144,0.027683,0.040158,0.051677,0.0069913,0.040502,0.052797,0.038408,0.027886,0.03082,0.024065,0.48533,0.2604,0.15225,0.013828,0.012804,0.0076024,0.0042622,0.010964
3,0.14222,0.22377,0.5323,0.52162,0.5656,0.61277,0.10844,0.43686,0.36471,0.32197,0.1903,0.11447,0.14027,0.64531,0.31033,0.39037,0.41839,0.11783,0.17672,0.14313,0.27689,0.12624,0.3478,0.34021,0.20649,0.30172,0.44958,0.34371,0.38082,0.41264,0.45014,0.56497,0.65295,0.59498,0.59533,0.63389,0.49324,0.02041,0.036226,0.022114,0.017867
3,0.25254,0.81921,0.54073,0.67681,0.56934,0.63536,0.48239,0.46167,0.10241,0.08389,0.06441,0.12198,0.074817,0.16505,0.33365,0.36653,0.18134,0.16912,0.5,0.10766,0.060938,0.67713,0.41393,0.61989,0.33249,0.27969,0.20332,0.031274,0.042288,0.10447,0.060356,0.037837,0.091807,0.094243,0.080812,0.10803,0.11768,0.14416,0.127,0.12071,0.075889,0.25405,0.17174,0.10497,0.039843,0.068972,0.033497,0.020206,0.053709,0.027218,0.038822,0.18587,0.26294,0.11332,0.079253,0.044811,0.02786,0.015971,0.01239,0.03272
3,0.16602,0.73243,0.90993,0.91863,0.90881,0.89375,0.71308,0.59712,0.45417,0.37981,0.29494,0.40901,0.59163,0.5097,0.36797,0.45814,0.70656,0.68437,0.51276,0.16449,0.35952,0.28404,0.23333,0.44148,0.42767,0.26997,0.091655,0.15999,0.1394,0.078197,0.017596,0.011465,0.0090677,0.0052172,0.0027006,0.0028262,0.0076794,0.011348
3,0.0029243,0.0057141,0.064576,0.043089,0.0010992,0.10475,0.051763,0.026003,0.022363,0.028111,0.010205,0.0079054,0.0040153,0.0035359,0.01872,0.0065062,0.0074381,0.013927,0.011742,0.025373,0.011519,0.012069,0.0080262,0.019062,0.032946,0.031529,0.03121,0.027244,0.029304,0.042524,0.02818,0.034448,0.045914,0.027566,0.020269,0.011655,0.028515,0.021371,0.014479,0.06052,0.042306,0.026196,0.064264,0.048701,0.018872,0.015416,0.024738,0.026604,0.014439,0.00915,0.0048515,0.0054999,0.017194
3,0.43335,0.53685,0.89006,0.81497,0.59828,0.30451,0.10884,0.057849,0.075245,0.14133,0.055184,0.061606,0.031958,0.046865,0.051318,0.051661,0.053013,0.058297,0.035,0.10572,0.3854,0.33189,0.3193,0.38378,0.10766,0.068709,0.0056069,0.0044676,0.028741,0.038251,0.076968,0.12695,0.67724,0.7341,0.74285,0.32751,0.21723,0.21384,0.43172,0.48631,0.53237,0.32343,0.21089,0.087077,0.046465,0.15021,0.032743,0.088969,0.090088,0.10475,0.11147,0.10182,0.074011,0.047427,0.036298,0.02118,0.10121,0.15538,0.16704,0.17591,0.77214,0.42963,0.27131,0.32329,0.18342,0.07769,0.043063,0.087358,0.12032,0.061389,0.15059,0.22567,0.42558,0.51657,0.73142,0.60461,0.18022,0.019906,0.050141,0.1862,0.070274,0.13275,0.18207,0.19199,0.12387,0.11861,0.021842,0.011329,0.0051655,0.02235
3,0.018248,0.085123,0.07014,0.050481,0.098347,0.050575,0.10945,0.11839,0.034045,0.17829,0.10833,0.055874,0.03833,0.032088,0.022253,0.031766,0.040724,0.014025,0.006669,0.010733,0.005353,0.0098476,0.0060819,0.0057891,0.0038511,0.011857,0.016129,0.01174,0.011498,0.006941,0.059735,0.018488,0.04595,0.019591,0.019547,0.036948,0.045271,0.044952,0.042413,0.036755,0.05292,0.039501,0.021925,0.070222,0.096122,0.024844,0.014717,0.034189,0.01272,0.0065437,0.0095491,0.031165,0.27854,0.13741,0.046603,0.019541,0.0097656,0.0095724,0.0043874
3,0.01869,0.012057,0.0024854,0.0018318,0.025945,0.00072916,0.001753,0.0083461,0.01666,0.01468,0.081799,0.081499,0.098092,0.012257,0.0033685,0.0012491,0.0022199,0.0012825,0.01806,0.015856,0.034803,0.024155,0.11562,0.060629,0.029442,0.046171,0.039499,0.048667,0.06337,0.04706,0.042135,0.058465,0.063253,0.083766,0.10874,0.093724,0.12367,0.10829,0.14538,0.052666,0.058403,0.05739,0.024894,0.014962,0.018173,0.021984,0.0086115,0.0057581,0.0038434,0.005719,0.0067125,0.0089552,0.015015,0.3513,0.10351,0.032852,0.037311,0.048688,0.058005,0.061179,0.029736,0.020292,0.014414,0.016078,0.022535,0.0048618,0.0052933,0.013075
3,0.060496,0.073746,0.14804,0.11029,0.046261,0.044135,0.017678,0.018487,0.017715,0.0109,0.0030854,0.0032019,0.0026631,0.0058321,0.050766,0.087402,0.057685,0.019865,0.014999,0.016606,0.022685,0.032112,0.03188,0.052258,0.034142,0.033288,0.035382,0.017218,0.017513,0.034845,0.018501,0.033979,0.037744,0.029474,0.035391,0.0382,0.018735,0.012228,0.0099042,0.015606
3,0.015071,0.12184,0.066451,0.062426,0.063202,0.11069,0.071838,0.12402,0.017574,0.041811,0.030787,0.011978,0.018385,0.032384,0.04096,0.053669,0.047089,0.028355,0.034059,0.041328,0.048881,0.02689,0.029844,0.028849,0.040148,0.031107,0.029696,0.022927,0.28775,0.53933,0.18419,0.07264,0.054791,0.030529,0.015333,0.04524,0.022174,0.030842,0.084586,0.33623,0.47205,0.71937,0.5,0.5,0.15851,0.020331,0.0094228,0.010368,0.012623
3,0.30696,0.66137,0.59125,0.30177,0.6903,0.80837,0.83742,0.36501,0.5522,0.24562,0.14066,0.031537,0.021868,0.054172,0.041419,0.017462,0.010804,0.05091,0.023771,0.065054,0.12487,0.055468,0.065915,0.076869,0.086502,0.25807,0.44324,0.37181,0.092558,0.10914,0.055477,0.032876,0.0099928,0.066035,0.07122,0.072689,0.034245,0.012524,0.018849,0.0093637,0.42806,0.034611,0.14681,0.45155,0.31095,0.30454,0.90009,0.64345,0.40964,0.17535,0.052943,0.018593,0.027627,0.011173
3,0.077871,0.090334,0.057758,0.213,0.54093,0.40435,0.16748,0.34401,0.023274,0.0029892,0.0077242,0.013026,0.0096928,0.012518,0.014263,0.031509,0.023201,0.040552,0.050123,0.071905,0.10243,0.10198,0.10959,0.10127,0.094617,0.077795,0.012659,0.012974,0.014605,0.026164,0.024844,0.067248,0.10777,0.47971,0.19232,0.15944,0.17352,0.41766,0.39182,0.36325,0.38633,0.093518,0.043231,0.02286,0.016494,0.0060917,0.0073539
3,0.34976,0.85172,0.34101,0.56089,0.42167,0.19,0.047869,0.73437,0.94434,0.5,0.54181,0.71269,0.21377,0.15754,0.19356,0.19011,0.12211,0.14102,0.043694,0.054765,0.065125,0.042894,0.25187,0.1955,0.10507,0.15037,0.7209,0.76116,0.40035,0.36988,0.40649,0.36169,0.63672,0.5426,0.24536,0.46133,0.53602,0.028802,0.02403
4,0.00076583,0.00054814,0.00031608,0.0010984,0.00082089,0.00060628,0.00084766,0.00085393,0.0034557,0.00098025,0.0018471,0.0025257,0.0032357,0.0033469,0.0018588,0.0023286,0.0028322,0.0047406
4,0.00094832,0.0018613,0.0016342,0.001375,0.00076267,0.00080253,0.0004736,0.00031747,0.000209,0.00042137,0.00072169,0.0018745,0.0041549,0.0019267,0.0044932,0.0035499,0.0057249
4,0.0096348,0.0063213,0.011722,0.0073831,0.055727,0.073186,0.047343,0.046889,0.025641,0.023668,0.0049522,0.0076743,0.0089637,0.011395,0.0088619,0.0029937,0.003017,0.0051124
4,0.00036147,0.00019318,0.00020485,0.0010085,0.00222,0.0012869,0.00091473,0.0012633,0.0022766,0.0013232,0.00034989,0.00070691,0.0016026,0.0013242,0.0027656,0.0029548,0.0054223,0.094419
4,0.00092529,0.0010231,0.0015565,0.007296,0.0098782,0.002763,0.001762,0.00072391,0.00041908,0.00023701,0.00091354,0.0023669,0.002066,0.0027828,0.0027048,0.012075
4,0.00079438,0.00058798,0.00085704,0.0030842,0.0021806,0.003535,0.0012801,0.0015076,0.0015685,0.00079225,0.00045829,0.00072683,0.0013186,0.0021083,0.0018548,0.005633,0.049793
4,0.0016236,0.014889,0.0037095,0.005469,0.00034276,0.00028246,0.00032644,0.00040731,0.00045225,0.00021316,0.00093939,0.0056097,0.013161,0.0086535,0.014474,0.017664,0.0047763,0.003392
4,0.002374,0.0020312,0.00070933,0.0007033,0.00033624,0.0008948,0.00057471,0.00051877,0.0020987,0.0023601,0.0045394,0.015067,0.025074,0.024219,0.028642,0.059479,0.062004
4,0.0021941,0.049459,0.015375,0.0023554,0.0011729,0.00078368,0.00075634,0.00017796,0.00022327,0.00094602,0.0010331,0.0027738,0.0017744,0.0018717,0.0052149,0.0099873,0.0078436,0.069974
4,0.0080138,0.021056,0.005183,0.0031633,0.00090293,0.00072664,0.0004446,0.00080646,0.0015393,0.0032936,0.0026459,0.0026829,0.0083746,0.0081658,0.062708
4,0.00033116,0.0013875,0.0023519,0.0014248,0.0013021,0.00052797,0.00038804,0.00013743,0.00026169,0.00046277,0.0022206,0.0023825,0.0053723,0.0067407,0.0084705,0.059579
4,0.00069341,0.0006626,0.0012931,0.0012275,0.0012843,0.00084156,0.00051818,0.00083827,0.0057625,0.0032673,0.00064562,0.00063479,0.0007877,0.00094194,0.0050996,0.0065135,0.0084839,0.011088
4,0.002172,0.0021072,0.0030066,0.0061066,0.010846,0.010309,0.010197,0.0033307,0.0021355,0.0023217,0.0025837,0.0066258,0.0043219,0.0020052,0.00079794,0.00068439,0.003906,0.01486,0.011626,0.005586,0.010544
4,0.00015968,0.00025874,0.00022331,0.00035724,0.0017658,0.0011777,0.001236,0.0081105,0.0026194,0.0021072,0.0011237,0.002871,0.0028393,0.01125,0.0060567,0.017071
4,0.00052279,0.00071332,0.00053681,0.00015067,0.00079301,0.0020311,0.0017207,0.00047216,0.00078441,0.0037823,0.012154,0.0071779,0.0059336,0.0052222,0.003549,0.0017081,0.002164,0.0020012,0.0061842,0.0047252,0.05007
4,0.0059136,0.0055895,0.0095429,0.0077445,0.019613,0.016739,0.0074401,0.0043396,0.0033325,0.0012598,0.0031939,0.0021523,0.003678,0.0093983,0.0076811,0.0050604,0.012788
4,0.001476,0.001454,0.0014267,0.00041638,0.0016839,0.0010951,0.004081,0.0037049,0.0066707,0.0020723,0.0015216,0.0015707,0.0075996,0.01026,0.011616,0.015814,0.0057697,0.0032453,0.0049451,0.027622,0.04386,0.059209,0.11488,0.0050968,0.0028561,0.0019477,0.006351,0.0090153,0.013624,0.0098265,0.022878,0.010523,0.016853,0.084878
4,0.00023599,0.00017446,0.00020438,0.00015307,0.00037004,0.00062565,0.00051754,0.00084665,0.00093487,0.00046886,0.00038271,0.0003607,0.00080322,0.0010596,0.00082023,0.0010853,0.0052505,0.0019645,0.0045475,0.0063898,0.015879,0.012428,0.0098929,0.0028856,0.0025735,0.00078243,0.00058605,0.001269,0.00070533,0.00059009,0.0007791,0.0013738,0.0035799
4,0.00080808,0.0008775,0.00058041,0.00083081,0.0019368,0.0037033,0.0042789,0.007263,0.0033019,0.0038653,0.0016698,0.0033288,0.0035192,0.0036898,0.001841,0.0018181,0.0019288,0.0073259,0.006264,0.023061,0.020002,0.014724,0.015978,0.0076056,0.002315,0.003067,0.0029993,0.002346,0.0039055,0.0036521,0.0074021
4,0.0003121,0.00042021,0.00047702,0.00044472,0.0013,0.0026665,0.0012615,0.0022897,0.00080376,0.0020971,0.0022099,0.002537,0.004902,0.0020428,0.0013714,0.0012516,0.001369,0.0027266,0.019296,0.058433,0.10545,0.037748,0.0018414,0.0044575,0.0072487,0.001541,0.0029084,0.0026209,0.0028317,0.0049316,0.0027517,0.0097907
4,0.00020555,0.00024536,0.00027105,0.0002592,0.00020249,0.00017449,0.00029229,0.00040256,0.00026151,0.0015183,0.0011139,0.00065181,0.000245,0.00040399,0.00029559,0.00026701,0.00044059,0.0055094,0.014019,0.025693,0.033669,0.022867,0.0040726,0.00077474,0.0012821,0.0009534,0.0030473,0.0020865,0.0011661,0.0025009,0.0026867,0.0078
4,0.0052216,0.014315,0.0048939,0.0019018,0.0011248,0.00076004,0.0014214,0.00080732,0.005502,0.00095652,0.00070075,0.00019682,0.00012195,9.1903e-05,6.3514e-05,0.0001265,0.00038707,0.0019119,0.0086555,0.0040636,0.0055969
4,0.082087,0.12067,0.049562,0.015392,0.014439,0.002642,0.0040478,0.0019203,0.00072823,0.00036891,0.00023306,0.00019533,0.00027433,0.00034998,0.00022417,0.0021485,0.012993,0.0067672,0.064519
4,0.014493,0.061366,0.038059,0.020733,0.01685,0.0087515,0.0087882,0.011601,0.0044783,0.00090483,0.0013064,0.00073967,0.00035157,0.00069604,0.00036841,0.00071021,0.0041896,0.0074747
4,0.0039593,0.00592,0.0050947,0.0037223,0.0034496,0.0015107,0.012246,0.0074602,0.0042458,0.0025345,0.010332,0.0006972,0.00098351,0.0060855,0.0038152,0.0024119,0.0014598,0.0026295,0.00084594,0.0020908,0.002693,0.0030488,0.0019306,0.013002
4,0.0037441,0.0034835,0.0027721,0.00046645,0.00015067,6.4831e-05,0.0015191,0.00142,0.0046348,0.00099757,0.0018728,0.0017415,0.0015441,0.0013841,0.0008829,0.00069337,0.00030505,0.00065979,0.0014569,0.002221,0.0020946,0.0034828,0.0027038,0.011945,0.01039
4,0.0042654,0.0094444,0.0012133,0.00062084,0.00078543,0.0064446,0.010485,0.0036963,0.0052277,0.0029063,0.0037058,0.0014773,0.00083403,0.0051648,0.0061972,0.0018775,0.0024487,0.00069915,0.0004971,0.0013654,0.0024667,0.0067015,0.0068405,0.016835
4,0.0057701,0.013526,0.0050672,0.00052666,0.00076574,0.0012925,0.0022423,0.0042603,0.0037526,0.001726,0.014164,0.012901,0.0013243,0.0036372,0.0018495,0.00093327,0.0017313,0.0011957,0.00066977,0.0022403,0.007268,0.054004,0.13289
4,0.00080655,0.0014092,0.00083775,0.00076116,0.00031253,0.0003332,0.00021429,0.0016271,0.00079278,0.0022587,0.0032036,0.0048133,0.0024683,0.0032289,0.0006487,0.00084698,0.00088934,0.0021364,0.0074941,0.016564,0.075868,0.023697,0.011608,0.016161,0.0098052,0.0049238,0.0022708,0.0038064,0.012538,0.017691
4,0.0027019,0.0078737,0.0078392,0.0031012,0.003593,0.0016748,0.0010882,0.004103,0.004194,0.0014485,0.0032755,0.003321,0.0013553,0.0020886,0.00099298,0.0016726,0.0020158,0.00077607,0.0034943,0.011784,0.0054015,0.0033508,0.0063435,0.0048948,0.0019706,0.0038015,0.013335
4,0.00093523,0.0013192,0.0031578,0.0042103,0.0059942,0.0023505,0.0038941,0.0083917,0.0053794,0.0074678,0.0027488,0.0034189,0.00055609,0.0010678,0.0025546,0.0026092,0.0067029,0.0090196,0.02429,0.021068,0.0040902,0.00092666,0.0043609,0.0021898,0.0024815,0.0023447,0.014661,0.080804
4,0.00017346,0.00020992,0.00028937,0.00049583,0.00077651,0.000853,0.00076446,0.00077098,0.00043666,0.00039108,0.00038539,0.00037151,0.00034894,0.00047227,0.00057509,0.00033737,0.0009128,0.0014984,0.00327,0.0021567,0.0024405,0.00061438,0.00069963,0.00052059,0.00049096,0.003676,0.0070385
4,0.00023623,0.0003202,0.0002968,0.00036453,0.00040091,0.00074717,0.00063654,0.00043536,0.00062914,0.00088115,0.0010808,0.0022957,0.0050444,0.0041238,0.0029649,0.0023489,0.0013515,0.00075777,0.00068983,0.001378,0.0023608,0.012468,0.0013257,0.0012922,0.0001956,0.00040455,0.00031553,0.00041453,0.003577,0.013085
4,0.00043648,0.00024982,0.00024214,0.00030298,0.00070257,0.0006633,0.00058132,0.00084591,0.00029755,0.00034713,0.00040542,0.00045684,0.00039055,0.00048039,0.00064784,0.00082957,0.00028665,0.00024606,0.00072232,0.00087593,0.00051666,0.00089706,0.0013891,0.0052942,0.0043251,0.0057187,0.0026022,0.0011943,0.00089154,0.0055259,0.0061165
4,0.0019966,0.031212,0.027688,0.0015348,0.0022749,0.0047323,0.00068543,0.00050909,0.00073273,0.0014721,0.0013959,0.00090941,0.00050441,0.00075607,0.0088112,0.001654,0.0010911,0.00099666,0.002819,0.0017403,0.003545,0.006524,0.0051222,0.0039049,0.0041282,0.002723,0.0027233,0.0018805,0.0014427,0.0024495,0.0028218,0.0026188,0.0019918,0.0023164,0.0018717,0.0015965,0.060491
4,0.00062053,0.0022168,0.0025197,0.0004392,0.00031764,0.0011247,0.0010277,0.00055042,0.0007473,0.0026736,0.0016949,0.00053978,0.00134,0.00065487,0.00076967,0.00087499,0.0011306,0.00048814,0.0016437,0.0040968,0.0039263,0.0047862,0.0011689,0.00071927,0.00034966,0.00017389,0.00018375,0.00045677,0.0014467,0.002687,0.0035113,0.0030701,0.0019463,0.0012394,0.0028268,0.0019306,0.0041666,0.073525
4,0.0013356,0.0043913,0.0043121,0.00082193,0.00097811,0.01118,0.010836,0.0070907,0.0018767,0.00047172,0.00045932,0.00044673,0.00082007,0.00096398,0.0073985,0.0011634,0.0029341,0.0021441,0.00073715,0.00065863,0.0066888,0.0030715,0.0040744,0.005294,0.0048583,0.002241,0.0020415,0.0041045,0.0044194,0.010625,0.014754,0.010194,0.014209,0.0070429,0.0056187,0.004271,0.0030567,0.0017633,0.065997
4,0.00036036,0.003492,0.0028012,0.00079148,0.0016877,0.0063501,0.0039253,0.0028282,0.00085302,0.00088811,0.00060415,0.00035366,0.00037503,0.00043203,0.0009198,0.00049766,0.00063909,0.00047196,0.00045058,0.00061981,0.00055512,0.0021304,0.0034223,0.0040789,0.0036688,0.00071989,0.00063195,0.00054035,0.0007344,0.0013209,0.0015421,0.0011568,0.0016507,0.0020437,0.0011355,0.0070246,0.056411
4,0.00031225,0.0016932,0.0053234,0.015784,0.014113,0.016272,0.014759,0.0069393,0.00059089,0.0012066,0.00080665,0.00055124,0.00031501,0.00025506,0.00011866,0.00011725,0.0015909,0.0026831,0.0040948,0.021861,0.0071864,0.0061524,0.014864,0.0091972,0.075597
4,0.00037901,0.0050625,0.00026204,0.00030182,0.00010438,0.00012413,0.00032742,0.0004827,0.0012268,0.00041578,0.0012324,0.0034174,0.0011687,0.0014747,0.00075713,0.0011403,0.00041187,0.00029484,0.0013154,0.0018501,0.0037057,0.0039935,0.0074212,0.0027173,0.0019478,0.001872,0.0028426,0.0031859,0.0087446
4,0.00066439,0.00031679,0.00013868,0.00047087,0.00023841,0.001065,0.00061902,0.00072435,0.00099783,0.0020831,0.002419,0.0029278,0.0016897,0.0058598,0.0022146,0.0023609,0.00050241,0.0015724,0.0058579,0.0041951,0.014336,0.007417,0.0058116,0.0042759,0.0091533,0.011341
4,0.0006324,0.00059202,0.00056653,0.00056551,0.0014305,0.0033644,0.00062032,0.00073742,0.00686,0.0034487,0.0088577,0.017775,0.011438,0.0034142,0.0017492,0.0035604,0.003048,0.0039062,0.036578,0.066007,0.13923,0.12745,0.023783,0.011655,0.0026987,0.0043673,0.0072753
4,0.00018926,0.00010392,9.569e-05,0.00029754,0.00021802,0.0010634,0.00037804,0.00047804,0.0012712,0.0091026,0.04348,0.012982,0.0093826,0.013268,0.021323,0.0039936,0.042016,0.0031629,0.0015516,0.0023865,0.004688,0.0076622,0.01725
4,0.00077034,0.00065986,0.00030909,0.0023614,0.00042232,0.00057714,0.00076173,0.0021803,0.0006184,0.0061891,0.0038357,0.0027705,0.0019124,0.0055215,0.016315,0.0028598,0.017312,0.0029503,0.00096614,0.0047139,0.0055754,0.0084309,0.070892
4,0.00024765,0.00025431,0.00019926,6.101e-05,0.00029741,0.00053049,0.00042696,0.00070774,0.0019239,0.0020409,0.00085951,0.00060096,0.00032213,0.00048308,0.00068965,0.013496,0.03932,0.01344,0.0043472,0.0039218,0.0018494,0.002609,0.0047825,0.0042689
4,0.00031577,0.0011135,0.0014301,0.0010298,0.0023075,0.0015009,0.00040529,0.00040952,0.0014809,0.0094003,0.0058353,0.0048444,0.0052879,0.02161,0.002812,0.012268,0.020508,0.0068163,0.0097903,0.014418,0.0068102,0.056779
4,0.00089746,0.00096145,0.00096304,0.0017381,0.00078706,0.00043453,0.00032624,0.00052357,0.0011741,0.0070468,0.0071937,0.0087611,0.011099,0.011671,0.022418,0.022598,0.024715,0.0066539,0.012286,0.011575,0.029104,0.011721,0.061614
5,0.00090703,0.00087201,0.00095778,0.00079543,0.0011234,0.0033201,0.0030721,0.00042358,0.00037548,0.00045952,0.00048295,0.00039016,0.00049867,0.00067944,0.00085319,0.00063581,0.0046013,0.001243,0.0016967,0.0019964,0.0024616,0.0031105,0.0065917,0.005549,0.0086208,0.0088807,0.054249
5,0.00077401,0.060562,0.03337,0.089446,0.058459,0.0090459,0.0020636,0.0020556,0.0015135,0.0011418,0.00092178,0.0011094,0.0036553,0.006113,0.0036603,0.0051614,0.0042156,0.0018905,0.010188,0.0041966,0.0028872,0.0027363,0.0043795,0.012164,0.050153
5,0.00067165,0.013679,0.0026171,0.001697,0.0020777,0.0018789,0.0010427,0.00056107,0.001299,0.0016618,0.0015889,0.0014022,0.0010347,0.0023232,0.0083312,0.045826
5,0.0047809,0.060798,0.0064902,0.0018915,0.00025752,0.00021382,0.00052673,0.0004284,0.00030389,0.00041788,0.00058362,0.00082523,0.0012734,0.0034465,0.0021319,0.0029777,0.0093717,0.015107,0.013603
5,0.00047648,0.00069615,0.00036365,0.0034272,0.0042946,0.0077204,0.0041484,0.0026762,0.0022386,0.032539,0.0014505,0.0017052,0.0022409,0.0013351,0.00093097,0.0014078,0.0015043,0.00072449,0.00036636,0.00023914,0.0005167,0.001138,0.0039203,0.0022382,0.0029912,0.0028851,0.0037305,0.016557,0.025785,0.032772,0.047569,0.0091419,0.015777
5,0.0018012,0.00040719,0.058222,0.00061321,0.00058062,0.00084461,0.00058502,0.00033407,0.00036004,0.00033428,0.00039387,0.00094702,0.001856,0.0014616,0.0015034,0.0022177,0.0034739,0.0064818,0.023164,0.0091005,0.0085364,0.001604,0.00064936,0.0014584,0.00043897,0.0011416,0.00070845,0.00041457,0.00028606,0.00028258,0.00023298,0.00029665,0.00058748,0.00049634,0.0052811,0.0087161,0.014193,0.017009,0.0058425,0.0060631,0.0021283,0.00098094,0.0012805,0.00027244,0.00066728,0.0015702,0.0043333,0.0028768,0.0027724,0.0047551,0.0089669,0.012187
5,0.0055012,0.015858,0.065808,0.0063367,0.016821,0.0094094,0.014033,0.0032423,0.0018028,0.0024466,0.00090919,0.00036047,0.0003807,0.0014636,0.01465,0.0017419,0.00094044,0.0031641,0.00048285,0.00083889,0.0010431,0.00025114,0.00027378,0.00076419,0.00061633,0.00048848,0.00037807,0.038334,0.00021522,0.00059432,0.00048857,0.00071313,0.0012667,0.0108
5,0.00042138,0.00029849,0.00033825,0.00078221,0.00096245,0.0012192,0.0018636,0.0014502,0.0011849,0.00025779,0.00085188,0.0004952,0.00052482,0.003115,0.0037891,0.0018643,0.0025828,0.001102,0.00039731,0.00027291,0.00018588,0.00020777,0.00022261,0.00031812,0.00072478,0.0021855,0.0075942,0.0039548,0.0017953,0.0021746,0.0037431,0.004316,0.0016568,0.001258,0.0012818,0.00084884,0.00086338,0.047551
5,0.0014749,0.0021573,0.00080465,0.00038716,0.0002691,0.00052658,0.0010002,0.0014883,0.00090444,0.001937,0.0019025,0.00074355,0.00019996,0.00020624,0.00057578,0.00084722,0.0011475,0.0035094,0.0010101,0.00095363,0.00033352,0.0011144,0.0035009,0.0064529
5,0.0016222,0.018248,0.04294,0.027723,0.0021053,0.0012875,0.0010026,0.0016458,0.0030902,0.0040327,0.019502,0.033828,0.041658,0.0067639,0.0046001,0.0083912,0.0034647,0.0031572,0.0030477,0.0018782,0.0053035,0.0010421,0.0015048,0.00070121,0.0012889,0.0025996,0.0019179,0.0026948,0.0072702,0.0059102,0.014101
5,0.0012414,0.002106,0.003964,0.010672,0.0041753,0.0032847,0.0028934,0.002436,0.0012828,0.0045857,0.0018078,0.0033911,0.011899,0.0069258,0.0087003,0.0020199,0.0013813,0.0028572,0.0041801,0.0038716,0.0048205,0.0067819,0.001807,0.0017604,0.0022551,0.0016649,0.00093314,0.00059646,0.0013222,0.0021464,0.008175,0.032001,0.035072,0.023199,0.010063,0.0022199,0.014374,0.0044283,0.0017787,0.003136,0.0023672,0.0075236,0.014075,0.0041139,0.003048,0.00071634,0.00054579,0.00017621,0.00020286,0.00026061,0.00027416,0.0015451,0.00097346,0.0023641,0.016144,0.012197
5,0.0018226,0.010785,0.0042936,0.0028771,0.0015789,0.0010163,0.00083909,0.00081823,0.00098948,0.00066615,0.0004071,0.00028726,0.00014448,9.118e-05,0.00013638,0.00020014,0.0058194,0.0010291,0.0012281,0.0015041,0.0011673,0.0019322,0.0034508,0.0028307,0.0024943,0.0030129,0.0019343,0.0015847,0.0020578,0.0014638,0.00071946,0.00058535,0.0012998,0.0010938,0.00091524,0.00092425,0.0017202,0.0011794,0.0012822,0.002785,0.0037189,0.0020645,0.006298,0.007258,0.011537,0.011815,0.011454,0.00268,0.0071039,0.008325,0.013206
5,0.0035801,0.0021462,0.059427,0.00039332,0.00099227,0.00099955,0.0031506,0.0023601,0.0013279,0.0049699,0.0025918,0.0027018,0.0030588,0.0035611,0.0015805,0.0067498,0.0063023,0.00709,0.0050789,0.0093976,0.0043832,0.0041048,0.0043594,0.0036683,0.0036553,0.001913,0.0027446,0.0031864,0.0015067,0.0030121,0.0024251,0.0029426,0.0021265,0.0017368,0.00091623,0.0020005,0.0026495,0.013369
5,0.0012218,0.0011114,0.00041995,0.00057804,0.00054627,0.00043779,0.00073673,0.00041934,0.0011472,0.00049526,0.00098285,0.0011175,0.0047724,0.0048413,0.013603,0.02126,0.0018632,0.0041915,0.0065411,0.0094231,0.004276,0.0024687,0.090518,0.085721,0.086116,0.06544,0.056326,0.01259,0.01185,0.0073427,0.018414,0.029797
6,0.00074198,0.0015608,0.00098948,0.0023872,0.0048024,0.0021957,0.021922,0.025827,0.013523,0.014948,0.01281,0.0090601,0.004298,0.0020448,0.0069154,0.017791
6,0.00048348,0.00058793,0.00034815,0.00045503,0.00066509,0.00062222,0.00050873,0.0010023,0.0016712,0.0011879,0.0037412,0.0035392,0.001608,0.001297,0.00094328,0.001192,0.00071122,0.0013936,0.0083739
6,0.00096695,0.0022707,0.0010999,0.0042025,0.01546,0.0027922,0.0021123,0.011591,0.030864,0.011741,0.0093935,0.0068126,0.0030966,0.0044871,0.018901
6,0.0039958,0.0068793,0.0090437,0.0045054,0.0033556,0.0014449,0.0010208,0.0025738,0.0054911,0.0031581,0.0078118,0.017991,0.018743,0.031238,0.030958,0.024566,0.02362
6,0.00070175,0.00066219,0.0005359,0.00051532,0.00074749,0.00021384,0.0069996,0.0054179,0.0050538,0.0065702,0.0067782,0.00094282,0.00062265,0.0006352,0.0040399,0.0062168
6,0.0006439,0.0023331,0.0034977,0.0028369,0.0022622,0.00085848,0.001053,0.0007345,0.00075236,0.00042862,0.0011179,0.0014476,0.0021508,0.0041738,0.0050728,0.0050211
6,0.00063527,0.0004986,0.00093242,0.0016202,0.02054,0.0020613,0.0020867,0.00097749,0.0010899,0.0010372,0.00088782,0.00080559,0.0012479,0.0014774,0.0017806,0.001988,0.0046316
6,0.0025673,0.030045,0.02915,0.027839,0.0015456,0.0020436,0.0017485,0.0014777,0.0018046,0.0051376,0.067466,0.3987,0.087073
6,0.00058908,0.00074434,0.00087602,0.0012535,0.00095919,0.00055226,0.00068891,0.00041896,0.0004634,0.00028005,0.00059644,0.005134,0.0045394,0.0048395,0.0078048,0.052646
6,0.00065642,0.001071,0.0039531,0.0035661,0.0049364,0.0025548,0.001838,0.009559,0.019215,0.0082498,0.00088164,0.0010937,0.0010778,0.0026257,0.0070451
6,0.00052518,0.00058377,0.00045829,0.00068415,0.00032557,0.00076585,0.00062985,0.00050928,0.00055337,0.0053594,0.00039099,0.00081229,0.00065451,0.0014622,0.00071541,0.00079486,0.001177,0.0093594,0.00084007,0.0025153,0.0025699,0.0015436,0.00091511,0.0061316,0.0073997,0.0023457,0.0030214,0.002099,0.001436,0.0016206,0.0044523
6,0.00042004,0.00057637,0.00092828,0.00096518,0.0014763,0.0017994,0.0043646,0.0035918,0.0011383,0.0062964,0.0093098,0.0090319,0.00067322,0.00086234,0.00037733,0.0013382,0.0013117,0.00093752,0.0010944,0.00025664,0.00060683,0.00053671,0.00075472,0.00042436,0.0020109,0.0086824
6,0.0013815,0.0010766,0.00071174,0.0008525,0.0016166,0.004878,0.0044135,0.0019361,0.0009643,0.00053272,0.001562,0.0025569,0.012252,0.0063001,0.0056478,0.00223,0.0072124,0.0047714,0.0022952,0.0013751,0.00090943,0.0016391,0.0030037,0.0010771,0.00083045,0.00094527,0.0019469,0.0017224,0.0014898,0.00087936,0.0026892,0.0090317,0.05767
6,0.0004389,0.00090549,0.0013532,0.0013494,0.0030628,0.0019058,0.0024985,0.0038253,0.003311,0.0015593,0.0020465,0.0016251,0.0016247,0.0027102,0.0038798,0.0010993,0.00037877,0.00053429,0.0040511,0.0044863,0.0073778,0.0049374,0.0036039,0.00079558,0.00060026,0.0010351,0.00072219,0.0018653,0.0030274,0.067567
6,0.0010633,0.0030872,0.026229,0.023242,0.034264,0.044448,0.097938,0.082159,0.083891,0.083995,0.097506,0.00065123,0.00069109,0.00049463,0.0013315,0.0046007
6,0.00092653,0.0070522,0.0074608,0.0051717,0.0029268,0.0021156,0.00060903,0.0010482,0.00094613,0.0052411,0.0021386,0.0023973,0.0016543,0.0014128,0.00055328,0.00044024,0.0028811,0.0045049,0.0072803
6,0.0017288,0.0014699,0.0039183,0.0052686,0.0062619,0.0060681,0.0016892,0.00041519,0.00070669,0.00062294,0.0003925,0.00021884,0.00028727,0.0084659,0.090496
6,0.0010414,0.0011591,0.0013251,0.0022055,0.0076724,0.0095287,0.012535,0.0037504,0.0048225,0.0038764,0.00055501,0.0013722,0.0017111,0.0024908,0.0013246,0.0064366
6,0.00080987,0.00091612,0.0012305,0.0020668,0.00064624,0.00045977,0.00084888,0.00049972,0.00024591,0.00034045,0.00058185,0.00092615,0.00061498,0.00079962,0.00090901,0.0011127,0.0012405,0.0026276,0.0015133,0.0007876,0.00056387,0.00089956,0.00099994,0.00064196,0.00055566,0.00046145,0.0017006
6,0.0016499,0.056529,0.061936,0.0012805,0.0058917,0.0028359,0.0032958,0.0040508,0.011416,0.011605,0.013771,0.011227,0.009955,0.019948,0.010282,0.0013717,0.0023126,0.00048624,0.00047857,0.00077662,0.0063556
6,0.0019649,0.0010704,0.00032165,0.00021629,0.00057127,0.001069,0.001321,0.0008847,0.0012217,0.0036505,0.00071818,0.00075178,0.00096703,0.00086977,0.0010148,0.00073819,0.00076116,0.00096332,0.001125,0.0028812,0.05559
6,0.0011797,0.0039024,0.0042101,0.0032019,0.013765,0.018649,0.0058305,0.0048128,0.0096092,0.0040678,0.0019669,0.0015152,0.0034934,0.0023452,0.0031403,0.0071361,0.0013411,0.0025872,0.010026,0.027235,0.03588,0.043335,0.16431,0.13234,0.14557,0.0033801,0.001385,0.0010522,0.0010748,0.0030266,0.013873
6,0.00063888,0.00098148,0.00093161,0.00071865,0.0053747,0.047784,0.0061107,0.0058258,0.002316,0.0043144,0.0036405,0.0046997,0.0070438,0.0073605,0.0087048,0.015633,0.034108,0.0077628,0.0040435,0.0016245,0.0014586,0.0013987,0.00099643,0.0023872,0.0094037
6,0.00037446,0.0017351,0.0028015,0.0051063,0.0016492,0.0013341,0.0018181,0.0012457,0.0010971,0.0015077,0.00086566,0.00052287,0.0031403,0.0025856,0.0023243,0.0020459,0.0549,0.00099694,0.00066622,0.00023011,0.00091125,0.0009651,0.00046121,0.0026233,0.0085356
6,0.0026626,0.14844,0.84882,0.82037,0.11531,0.13377,0.020639,0.0052399,0.0043956,0.0018519,0.0024446,0.0098382,0.0077293,0.0065311,0.0061287,0.0079087,0.0018273,0.0033866,0.0014988,0.0089852,0.010467,0.015274,0.10234
6,0.001293,0.0011045,0.0043449,0.001164,0.0010487,0.00022356,0.00022772,0.00028246,0.00026662,0.00047152,0.0006675,0.00098986,0.0014751,0.0048037,0.0015622,0.002763,0.0039233,0.0021697,0.018436,0.014649,0.0099052,0.0082345,0.0071657,0.0010151,0.00081509,0.00068847,0.00058761,0.00067468,0.0005773,0.0003169,0.00042125,0.0040065
6,0.00069732,0.026439,0.0076017,0.0046786,0.012693,0.049647,0.01043,0.015571,0.012069,0.010671,0.0099013,0.0090369,0.0046379,0.002142,0.001814,0.0017333,0.0010436,0.0010907,0.0023585,0.0018383,0.0028547,0.001868,0.00053378,0.0097702,0.017388
6,0.010658,0.017151,0.032572,0.011499,0.054889,0.10433,0.06681,0.0073398,0.0054876,0.0067896,0.008256,0.017761,0.0061788,0.0031346,0.0023001,0.0017961,0.0012548,0.00081567,0.0021434,0.012009
6,0.00034831,0.0012868,0.00083041,0.00025794,0.00034398,0.00071499,0.0004127,0.00032245,0.0051962,0.0050355,0.0014214,0.0010132,0.0013835,0.00044253,0.00043371,0.00079776,0.00039456,0.0007098,0.00074726,0.00023113,0.00041672,0.00070996,0.00035621,0.0021693,0.00091727,0.00077673,0.0027843,0.0082488
6,0.0012483,0.0012792,0.0046064,0.0031667,0.0017235,0.0029189,0.0011254,0.00079592,0.00097945,0.00091977,0.00093837,0.0013035,0.0010781,0.00086903,0.00046544,0.0005502,0.012417,0.0071134,0.008013,0.020287,0.01335,0.0011579,0.002071,0.00097375,0.0014603,0.0026384,0.0050639
6,0.0056591,0.0024039,0.0027365,0.0033473,0.0044305,0.0071363,0.0039682,0.0081621,0.013649,0.016346,0.0073574,0.00060105,0.00046072,0.00031899,0.00099376,0.0031471,0.01559
6,0.004827,0.0028059,0.0040528,0.0032225,0.0019134,0.001104,0.0013868,0.0011672,0.0015193,0.0014136,0.0019771,0.0055545,0.010482,0.01776,0.022067,0.020997,0.02029,0.01964,0.0024228,0.0019863,0.0015585,0.0015142,0.0042025,0.015469,0.0098303,0.011035,0.012541,0.01095,0.054375
6,0.0016558,0.0015845,0.0015185,0.001257,0.001036,0.00084984,0.0012657,0.0089305,0.0023511,0.0023743,0.0012171,0.00081782,0.00052264,0.00078328,0.00089315,0.00082336,0.00077026,0.00039618,0.0012629,0.013809,0.076954
6,0.0098201,0.48179,0.20575,0.21165,0.20463,0.046583,0.0084216,0.0022478,0.0052383,0.02051,0.012861,0.0095262,0.016428,0.01313,0.011118,0.084592,0.10353,0.092807,0.22338,0.024684,0.011841,0.0069253,0.0065271,0.013984,0.020698
6,0.004329,0.082625,0.021489,0.023784,0.0089127,0.010896,0.020093,0.013086,0.0054851,0.0084937,0.0080773,0.042039,0.021968,0.030041,0.039263,0.0021075,0.0027365,0.0041063,0.0019774,0.0035243,0.062999,0.061047,0.064759,0.19203,0.016426,0.007005,0.0041056,0.0085292,0.013823,0.077538
7,0.00054183,0.00049022,0.0016822,0.0010828,0.0031936,0.0012274,0.00083723,0.0032483,0.023251,0.051427,0.013813,0.021639,0.0051067,0.0053565,0.017379,0.019899,0.027689,0.052713,0.061184
7,0.00066532,0.00056237,0.00052188,0.00039572,0.00041864,0.00027821,0.00041943,0.00032462,0.00031175,0.0024533,0.0008699,0.001624,0.0003962,0.0013586,0.0015483,0.002069,0.0017755,0.0012473,0.0013262,0.0042781,0.055225
7,0.030081,0.024582,0.053211,0.057659,0.079292,0.14611,0.3115,0.17044,0.075899,0.23397,0.07698,0.065003,0.035616,0.059024,0.030835,0.038289,0.0090863,0.0066952,0.011975,0.014427,0.015314
7,0.00021921,0.008387,0.017548,0.005813,0.00040032,0.00029661,0.00037999,0.00044806,0.00012616,0.0001769,0.00048331,0.00082014,0.0024406,0.0011107,0.024683,0.01633,0.034149,0.09209
7,0.00040799,0.00033602,0.00028993,0.0020918,0.001324,0.00065937,0.0010693,0.00048144,0.0018985,0.01213,0.027436,0.016554,0.012362,0.024222,0.0071217,0.06358
7,0.0039132,0.003209,0.0012838,0.00085331,0.00043724,0.00041831,0.00033368,0.00087526,0.00093619,0.0019889,0.0060878,0.0031935,0.0021916,0.014199,0.009613,0.0074034
7,0.014903,0.015103,0.023642,0.037754,0.013691,0.026634,0.01866,0.0039495,0.0015275,0.00036994,0.0046499,0.0060381,0.0051494,0.015666,0.061713,0.025537
7,0.00086352,0.0066284,0.0043088,0.00025781,0.000828,0.0043839,0.0040844,0.014723,0.0063701,0.015116,0.0092717,0.0074877,0.0069312,0.00089272,0.00092023,0.0032743,0.0045462,0.0077317,0.053685,0.01364,0.18064
7,0.00041157,0.00069087,0.0013342,0.0031242,0.0035912,0.010726,0.077747,0.048377,0.014125,0.082239,0.0078122,0.015152,0.021096,0.016481,0.0073656,0.058541
7,7.8688e-05,6.9782e-05,2.6072e-05,0.0002083,0.00068096,0.00089245,0.002628,0.0029831,0.0032081,0.014783,0.037157,0.0056834,0.01398,0.0074839,0.0014757,0.0015418,0.0034047,0.0059012,0.0079947,0.05949
7,0.00032649,0.0002799,0.0005303,0.00028418,0.00021895,0.00012875,0.0005419,0.00068483,0.0012037,0.0021229,0.001264,0.00039663,0.00054115,0.00088972,0.00087436,0.00060863,0.00089568,0.0007713,0.0014086,0.0099686,0.031382,0.0070784,0.00439,0.002138,0.0022158,0.0027754,0.0026673,0.0011575,0.0012376,0.0018737,0.00038851,0.00029571,0.0028972,0.0037308,0.0023488,0.0027899,0.0054919,0.0071717,0.069112
7,0.00039953,0.02258,0.0095708,0.00032717,0.00012013,7.7884e-05,0.00021133,0.00027841,0.00048202,0.0015005,0.0053577,0.0021014,0.0013937,0.00057693,0.00027729,0.00034787,0.00099652,0.0050634,0.00097323,0.0026561,0.0018751,0.001675,0.0021541,0.014698,0.027659,0.0098516,0.006201,0.0057078,0.0028592,0.0022291,0.0017013,0.0020982,0.0024831,0.00089763,0.0014558,0.0010389,0.0011701,0.00094634,0.0010257,0.002634,0.00081631,0.0044317
7,0.00031499,0.00020572,0.00017853,6.4505e-05,0.00010746,0.00021811,0.00077675,0.00044374,0.0026203,0.0013277,0.00049771,0.00081968,0.0020208,0.0070316,0.0019459,0.0038306,0.0062876,0.0053336,0.0025402,0.022136,0.094454,0.11782,0.1776,0.11991,0.023536,0.044652,0.012151,0.0038559,0.0048451,0.00292,0.0021239,0.0020844,0.0025337,0.0047077
7,0.0023027,0.003584,0.018726,0.016817,0.01109,0.019034,0.024974,0.021176,0.0045688,0.0073741,0.0092607,0.0019955,0.0015964,0.0038318,0.0039014,0.033112,0.076763,0.012382,0.044517,0.065725,0.19642,0.18752,0.055878,0.049929,0.035558,0.012237,0.037327,0.036311,0.067942,0.13631,0.21673,0.027753,0.042481,0.012198,0.0042722,0.0054102,0.0017561,0.0024525,0.0019505,0.001948,0.0091759
7,0.00066314,0.00011322,8.5659e-05,6.043e-05,7.893e-05,2.4538e-05,2.3767e-05,9.1027e-05,0.00011002,0.00012809,0.00018094,0.00026713,0.00052473,0.0018429,0.001657,0.0017708,0.0015551,0.00040856,0.00049523,0.0062457,0.006854,0.010377,0.010126,0.0073069,0.0025982,0.00039369,0.00042049,0.00090138,0.00059105,0.00052705,0.0014256,0.0026991,0.0072583
7,0.026726,0.10749,0.011643,0.060907,0.04474,0.04995,0.02802,0.30733,0.054305,0.012247,0.030085,0.021603,0.013012,0.016238,0.013521,0.011548,0.021274,0.020118,0.047915,0.060818,0.026381,0.035647,0.038704,0.020914
7,0.0093093,0.014589,0.039874,0.0043502,0.0053666,0.0039213,0.0014593,0.0024177,0.0042051,0.0027187,0.0014937,0.00081741,0.0004281,0.00027167,0.00031784,0.0006301,0.00098638,0.0014646,0.0069877,0.018761,0.0041239,0.01219,0.0076593,0.005356,0.0053788,0.074025
7,0.0016923,0.0016933,0.0060526,0.0083164,0.0059511,0.0071862,0.0046644,0.00375,0.0021428,0.0039866,0.0032779,0.0021852,0.00092397,0.00027808,0.00051953,0.0040204,0.0086192,0.0047942,0.0059279,0.018723
7,0.016947,0.010533,0.0041016,0.0038025,0.00099485,0.00058828,0.00018555,0.00039973,0.0005319,0.00022318,0.00014837,0.00010527,0.0001461,0.00040159,0.00045547,0.0011597,0.00065174,0.00018065,0.00027559,0.00053211,0.0011733,0.0074193,0.0088785,0.026262
7,0.15233,0.032603,0.014922,0.0035749,0.0021479,0.00050123,0.0019623,0.0039287,0.016782,0.0067258,0.0098114,0.002606,0.0032533,0.0022939,0.0012463,0.0024513,0.0081493,0.011846
7,0.0025137,0.0029696,0.0033015,0.0025848,0.00094476,0.00036694,0.00032511,0.003394,0.0030283,0.010471,0.0088514,0.0076859,0.0053228,0.022502,0.07023,0.0044679,0.01269,0.040304,0.030381,0.011644,0.0067114,0.0044605,0.0022115,0.0021416,0.0043025,0.012642,0.0099632,0.015445,0.022417
7,0.00025697,0.0027772,0.0038616,0.00433,0.011304,0.0070026,0.00013516,0.00019451,0.0051849,0.0011976,0.0009477,0.00074683,0.0022353,0.0016363,0.00087358,0.001748,0.00084908,0.0029655,0.0019441,0.0035465,0.0068818,0.016231,0.015422,0.00095806,0.0010713,0.0016006,0.0013597,0.00097811,0.01196,0.015111,0.014596,0.01615,0.0066166,0.0038579,0.0069903
7,0.0016859,0.0019197,0.0013728,0.001041,0.0015405,0.0050351,0.0024767,0.0050407,0.020448,0.030096,0.00071987,0.0021539,0.0041415,0.002846,0.0019004,0.00083855,0.001226,0.00082002,0.0024168,0.0050285,0.0059344
7,0.0038152,0.0074332,0.01342,0.020619,0.016074,0.0056117,0.0092506,0.018448,0.034925,0.023843,0.020287,0.012347,0.0033198,0.0023475,0.0031198,0.00057268,0.0031325,0.0046609,0.0051567,0.0064739,0.0055818,0.017749,0.060932,0.050421,0.047864,0.060635,0.017691,0.029761
7,0.00049941,0.0024517,0.0013805,0.0012106,0.0048565,0.0036024,0.009276,0.0055846,0.0092848,0.0036231,0.0050985,0.0069332,0.0038672,0.0014824,0.05327,0.0013405,0.0012356,0.0020243,0.0041668,0.0039693,0.003724,0.0070688,0.0059087,0.062346,0.062042,0.034367,0.0090751,0.010882,0.0059934,0.012303,0.0051579,0.0081595,0.0080229,0.009212,0.019943
7,0.00025609,0.00015459,0.00015046,0.00072042,0.0010243,0.001472,0.0013443,0.0060899,0.0028856,0.0025216,0.001244,0.0014288,0.0011932,0.00049642,0.0022518,0.0014405,0.00082405,0.0018368,0.001191,0.00089677,0.0010868,0.0016481,0.0033097,0.0038918,0.0055886,0.011617,0.0062605,0.0043954,0.0082177,0.003533,0.0012725,0.00068938,0.0033972,0.016382,0.016296
7,0.0010704,0.0031154,0.0054048,0.014568,0.012334,0.013464,0.016545,0.023853,0.039401,0.01576,0.0066554,0.0036026,0.00086948,0.0026378,0.010896,0.011829,0.017947,0.006577,0.040818,0.0054569,0.0013387,0.0014306,0.0030043,0.001789,0.0015809,0.0038261,0.0052458
7,0.010313,0.0017663,0.0045676,0.0036411,0.0017476,0.0054173,0.020123,0.017421,0.0028491,0.00168,0.001701,0.001275,0.00093758,0.0031938,0.011799,0.0072349,0.0060026,0.0012775,0.0019618,0.0016308,0.0023261,0.0033332,0.0068353,0.0057575,0.0036455,0.0022907,0.0018514,0.0030869,0.0084361,0.0025428,0.0062542,0.0048174,0.0052083,0.0095727,0.014228,0.0061167,0.0068266,0.0099942,0.075823
7,0.00076883,0.026698,0.026283,0.00070724,0.0041306,0.001894,0.00061425,0.00046399,0.00034343,0.00038076,0.00052585,0.00049367,0.0067118,0.028277,0.018146,0.00045639,0.00027136,0.00057085,0.0017388,0.0017655,0.0047028,0.00030311,0.0097641,0.0034074,0.0036418,0.0067469,0.018036,0.0028302,0.0008657,0.00068497,0.0012675,0.0017997,0.0022579,0.0028008,0.00375,0.0018331,0.0027249,0.0020615,0.0029259,0.067227
7,0.011875,0.061099,0.05634,0.032658,0.015173,0.05312,0.0149,0.052634,0.20139,0.063595,0.028687,0.02253,0.0077192,0.019383,0.0053584,0.0040539,0.0016898,0.00088606,0.00058593,0.00053479,0.0031037,0.00034722,0.0029252,0.014542,0.0077054,0.0039456,0.028204,0.022207,0.022612,0.011478,0.017573,0.032624,0.032395,0.022069,0.007441,0.0035678,0.0034284,0.0029049,0.0027617,0.073902
7,0.0013457,0.0080045,0.0090866,0.0078798,0.00082888,0.0020553,0.0025385,0.0071025,0.0044137,0.0040047,0.033656,0.015258,0.0059903,0.0092858,0.0056377,0.0067185,0.0096672,0.039458,0.034457,0.019004,0.0051736,0.0032185,0.010957,0.010648,0.039127,0.015134,0.05941,0.016804,0.0090064,0.0073199,0.0033939,0.0058692,0.0055872,0.0056215,0.0074422,0.0036823,0.0041146,0.0032787,0.0017277,0.002091,0.0024399,0.0013696,0.00074812,0.00030619,0.0017472,0.046675
7,0.00021876,0.00038719,0.00093729,0.00063627,0.00043748,0.04361,0.040836,0.054298,0.14047,0.043773,0.0067647,0.0040355,0.0015589,0.0020013,0.0016181,0.005844,0.013959,0.00904,0.0050221,0.0022798,0.0023372,0.006946,0.00402,0.0083704,0.0056514,0.026363,0.029098,0.014687,0.0083248,0.0025003,0.00091964,0.000553,0.00081983,0.0011506,0.023659,0.017792,0.030083,0.0084634,0.0084384,0.010843,0.0083738,0.0073009,0.0076754,0.01029,0.022481
7,0.0033149,0.024452,0.0039826,0.00093182,0.0011147,0.0026149,0.0026926,0.0018752,0.0015273,0.00089989,0.0014194,0.0012786,0.002286,0.0036528,0.0027752,0.0023194,0.0023226,0.0023403,0.0016664,0.0012851,0.0024327,0.0025884,0.0043788,0.0069376,0.0031229,0.0035746,0.0020877,0.0042031,0.0051859,0.0076989,0.010695
7,0.002694,0.001064,0.030119,0.0087056,0.010708,0.00021432,0.00044836,0.00032966,0.00019711,0.00045858,0.00068017,0.011407,0.00069097,0.00079642,0.00064182,0.0016311,0.0034987,0.0021583,0.00050689,0.00040182,0.0017816,0.0054497,0.0062675,0.01096,0.0049368,0.0015574,0.0024294,0.003742,0.0044784,0.0063217
7,0.0038786,0.011258,0.0086401,0.0022705,0.0019073,0.0018562,0.00080196,0.0013506,0.0009585,0.0006324,0.0031191,0.002118,0.043732,0.018092,0.012749,0.015451,0.017091,0.0060197,0.0017287,0.0043422,0.0030529,0.002165,0.045504,0.040219,0.0031664,0.0021485,0.010043,0.0096304,0.010528,0.019241,0.038528,0.020503,0.024367,0.031702,0.0061004,0.0062246,0.0078181,0.0034867,0.0068643
7,0.0045161,0.067342,0.11073,0.030135,0.013366,0.012717,0.0031773,0.0018038,0.0016453,0.0011773,0.003059,0.0037739,0.0058322,0.038327,0.18891,0.25061,0.21277,0.090778,0.045582,0.010066,0.0061172,0.0027882,0.0026126,0.0061365,0.02289,0.03125,0.0095279,0.034949,0.054666,0.023348,0.020868,0.014892,0.0057295,0.0052627
7,0.00044784,0.03707,0.00024581,0.00042364,0.0012228,0.00031159,0.000495,0.00014205,8.8765e-05,0.00017458,0.001108,0.0058598,0.003643,0.0042436,0.00067602,0.0012527,0.0012442,0.0010925,0.0013361,0.043486,0.045726,0.052481,0.047388,0.075795,0.043183,0.025347,0.021588,0.038607
7,0.00067893,0.00027861,0.00027222,0.00021454,0.0017427,0.0020287,0.0011722,0.0017069,0.0018007,0.010355,0.0067834,0.0040957,0.0079318,0.0071364,0.12155,0.13552,0.018035,0.0040087,0.0032332,0.0029366,0.0035697,0.003358,0.0034837
7,0.016696,0.068311,0.15868,0.12386,0.018803,0.10603,0.009245,0.016284,0.0058026,0.010074,0.008173,0.042308,0.16015,0.15293,0.061585,0.026635,0.014894,0.015924,0.0351,0.0091171,0.0088242,0.16534,0.090268,0.086039,0.30881,0.36419,0.39083,0.14117,0.054917,0.018553,0.017367,0.043199,0.012704,0.11978
7,0.00038955,0.00037736,0.00029069,0.00027851,0.00025106,0.00029361,0.00013229,0.00010749,0.00014019,0.00016089,0.00011459,0.00080937,0.0017028,0.0046502,0.0018979,0.0012372,0.0010581,0.0081928,0.0065914,0.0069845,0.014832,0.024907,0.025877,0.015929,0.037592,0.0014127,0.000606,0.00059419,0.0015153,0.0033294,0.08902
