1,0.064757,0.061056,0.022972,0.051817,0.10819,0.25164,0.1444,0.18778,0.21527,0.22013,0.10925,0.12763,0.41719,0.3291,0.16446,0.14227,0.053381,0.00055384,0.00010392
1,0.053549,0.19236,0.43572,0.53523,0.79046,0.59444,0.57227,0.57901,0.38075,0.33238,0.1276,0.054712,0.086159,0.075454,0.085763,0.084234,0.047701,0.0038668,0.00024072
1,0.0059911,0.0016015,0.0011424,0.001918,0.051507,0.15335,0.11343,0.23015,0.23292,0.10156,0.082355,0.075097,0.031276,0.011219,0.00021811,0.00011089,0.0097141,0.0094898,0.061987,0.18676,0.053603,0.014043,0.0028211
1,0.11279,0.33509,0.3416,0.1764,0.34624,0.062111,0.027355,0.035752,0.036911,0.080902,0.29621,0.42866,0.61358,0.62572,0.46285,0.50903,0.22433,0.086055,0.0024106
1,0.51431,0.47747,0.58746,0.64737,0.74071,0.49438,0.48042,0.44595,0.67301,0.76834,0.68831,0.14399,0.1452,0.044156,0.017356,7.2413e-05
1,0.094321,0.055523,0.30962,0.35797,0.48122,0.39754,0.64561,0.32043,0.31279,0.12204,0.077474,0.060701,0.027071,0.024151,0.091165,0.2729,0.3187,0.25342,0.1638,0.089169,0.00041119
1,0.31764,0.019236,0.17435,0.63084,0.58158,0.64805,0.6235,0.40528,0.28528,0.21853,0.26996,0.24483,0.07741,0.11073,0.30916,0.050669,0.010577,0.002191
1,0.081423,0.0016482,0.064176,0.32202,0.28453,0.068211,0.23409,0.44366,0.46047,0.6198,0.68033,0.71044,0.52717,0.25367,0.043607,0.022204,3.3414e-05
1,0.35997,0.33759,0.21357,0.13987,0.55329,0.55958,0.51699,0.44686,0.56422,0.61414,0.47042,0.54353,0.34024,0.25031,0.12631,0.119,0.00346,0.0015237
1,0.2157,0.30384,0.17742,0.44284,0.76819,0.60343,0.20584,0.22774,0.19362,0.19331,0.11336,0.084798,0.019331,0.0070313,0.00040779
1,0.32201,0.37285,0.66714,0.74294,0.80811,0.7545,0.75521,0.61348,0.70133,0.63763,0.41413,0.26891,0.20687,0.021794,0.0090764,0.00032627
1,0.14172,0.10971,0.058341,0.11216,0.19507,0.36809,0.27664,0.46088,0.39942,0.49349,0.38088,0.40485,0.36703,0.15472,0.084793,0.056601,0.062498,0.034136,0.0014311
1,0.12457,0.097502,0.11391,0.075726,0.26263,0.45013,0.54851,0.38595,0.28508,0.29796,0.23191,0.45822,0.37737,0.5,0.21976,0.042738,0.023009,0.0045531
1,0.031414,0.13233,0.12012,0.13372,0.26555,0.13801,0.40416,0.66267,0.78464,0.91899,0.94784,0.94857,0.91621,0.93785,0.85782,0.708,0.60675,0.45473,0.5,0.34867,0.095057,0.12277,0.09258,0.030105,0.0053326,0.028195,0.058723,0.10987,0.14785,0.10979,0.024138,0.070337,0.05648,0.034586,0.010722,0.00067083
1,0.83957,0.5204,0.61678,0.67404,0.74121,0.76188,0.77004,0.70611,0.73055,0.77439,0.62428,0.28258,0.30465,0.12289,0.29614,0.46857,0.46246,0.30252,0.51052,0.61939,0.65763,0.3027,0.33907,0.12203,0.12911,0.13894,0.27979,0.37448,0.28202,0.030268,0.17002,0.40354,0.41398,0.50542,0.15252,0.1793,0.15362,0.13267,0.031555,0.0010727
1,0.090343,0.43316,0.28395,0.22898,0.46871,0.53639,0.13649,0.289,0.39248,0.46333,0.46514,0.44299,0.32881,0.26744,0.52958,0.33518,0.14528,0.033474,0.0047107,0.021626,0.022443,0.24531,0.19629,0.25154,0.5,0.4475,0.19802,0.19956,0.36078,0.01449,0.0045223
1,0.80914,0.43545,0.40758,0.33376,0.44323,0.38428,0.65789,0.28221,0.25534,0.32283,0.19434,0.14883,0.15537,0.11709,0.14134,0.26019,0.12014,0.060673,0.052181,0.00028659
1,0.94036,0.82929,0.5,0.40096,0.4112,0.26063,0.34912,0.59764,0.59351,0.38782,0.34704,0.36845,0.16935,0.20845,0.37724,0.26985,0.45202,0.19159,0.070162,0.0020357
1,0.086853,0.39837,0.45508,0.68042,0.47389,0.59637,0.36093,0.47474,0.84269,0.8666,0.88252,0.97903,0.90287,0.40001,0.16688,0.11528,0.062103,0.074016,0.053721,0.044697,0.055815,0.074704,0.023938,0.0072748,0.00083827
1,0.8076,0.84101,0.63883,0.70405,0.49467,0.29832,0.40872,0.59214,0.68348,0.45789,0.64654,0.21857,0.09841,0.099887,0.14597,0.080684,0.0523,0.0669,0.080494,0.099638,0.040516,0.01003,0.041251,0.012529,0.013454,0.00030694
1,0.27522,0.18028,0.19086,0.40053,0.66168,0.49329,0.76963,0.71701,0.68952,0.85317,0.78805,0.76321,0.17654,0.18558,0.34826,0.2774,0.07238,0.038299,0.032556,0.024172,0.021514,0.014446,0.033276,0.015088,0.014541,0.008425,0.00048292
1,0.27104,0.030475,0.017753,0.28457,0.14231,0.24924,0.42517,0.32783,0.30254,0.52111,0.52161,0.024667,0.1331,0.097409,0.044705,0.054583,0.020903,0.0054385,0.0069159,0.012914,0.03028,0.019176,0.01074,0.010456,0.00097306
1,0.86621,0.78948,0.63052,0.64444,0.72424,0.44235,0.56857,0.55571,0.48425,0.23441,0.2615,0.23533,0.067736,0.10973,0.10416,0.4623,0.23082,0.15171,0.11148,0.087297,0.023241,0.034192,0.068333,0.018433,0.00035731,3.6345e-06
1,0.5213,0.71684,0.57482,0.5383,0.31052,0.30066,0.27429,0.17234,0.27494,0.28862,0.31199,0.17467,0.05651,0.05639,0.16268,0.089716,0.22543,0.21448,0.36399,0.2402,0.26392,0.49289,0.31588,0.28765,0.29398,0.093794,0.049052,0.035257,0.014706,0.010986,0.029757,0.0026769,0.00087775
1,0.1913,0.099445,0.11036,0.15397,0.23256,0.44036,0.54412,0.48828,0.51468,0.39484,0.40327,0.25903,0.086717,0.14053,0.43885,0.18151,0.47035,0.48802,0.52183,0.5139,0.33033,0.47393,0.4488,0.43284,0.1095,0.065303,0.041839,0.042131,0.018748,0.030395,0.012104,0.0025327,0.0016612,0.0031343,0.00038606
1,0.35859,0.22598,0.41202,0.28994,0.27195,0.14721,0.040479,0.36321,0.5,0.29454,0.34637,0.073123,0.035848,0.010275,0.0061124,0.0037735,0.0087927,0.0071106,0.12414,0.068755,0.082223,0.17773,0.11834,0.18591,0.17295,0.12594,0.28544,0.072463,0.044338,0.010466,0.011105
1,0.51053,0.26528,0.20268,0.17972,0.1271,0.20828,0.36692,0.4791,0.41636,0.43431,0.35982,0.59481,0.51554,0.75817,0.44503,0.26003,0.28938,0.54301,0.80634,0.88964,0.87502,0.7978,0.77406,0.29536,0.072631,0.0044096,0.010473,0.0015186
1,0.93455,0.61047,0.36839,0.43434,0.30933,0.30791,0.4697,0.52271,0.43111,0.41153,0.35444,0.17343,0.11098,0.27413,0.39374,0.41572,0.52021,0.3867,0.33401,0.044967,0.084444,0.24746,0.17677,0.15947,0.84961,0.62428,0.35757,0.33673,0.17092,0.017129,0.0057742,0.00038851
1,0.28991,0.17129,0.18228,0.24857,0.17476,0.12581,0.1276,0.1916,0.37372,0.1651,0.51735,0.51106,0.58776,0.36736,0.078055,0.31908,0.68929,0.5706,0.39142,0.30403,0.26457,0.027287,0.027215,0.011485,0.06041,0.081264,0.17623,0.19469,0.20682,0.18361,0.17795,0.087531,0.080239,0.07331,0.044209,0.058703,0.053964,0.0056102,0.00058227
1,0.26678,0.22896,0.046988,0.034572,0.072896,0.056826,0.085241,0.51089,0.61125,0.57389,0.66956,0.65325,0.11181,0.12542,0.18313,0.11077,0.10913,0.077954,0.067644,0.018234,0.0077111,0.0043067,0.0036026,0.006449,0.017405,0.03543,0.32334,0.22435,0.17933,0.13129,0.081475,0.015365,0.0014031
1,0.85943,0.95265,0.92397,0.93084,0.90312,0.8681,0.21373,0.15103,0.057724,0.023262,0.050147,0.095276,0.1559,0.21428,0.025279,0.045665,0.040417,0.016259,0.016198,0.033528,0.047477,0.041345,0.016536,0.066843,0.028518,0.048735,0.44759,0.71275,0.76559,0.70564,0.72981,0.19557,0.096835,0.13726,0.074405,0.037254,0.014336,0.0032839,0.0010959,0.00059457
1,0.64407,0.38623,0.025889,0.17964,0.2948,0.28197,0.28487,0.21989,0.33521,0.25341,0.22224,0.41638,0.2523,0.20399,0.05884,0.071063,0.16234,0.13257,0.33455,0.19011,0.14093,0.033216,0.17202,0.20769,0.48173,0.4698,0.39058,0.17907,0.14545,0.18449,0.64802,0.72715,0.85111,0.37428,0.033971,0.0034793,5.1551e-05
1,0.53871,0.7314,0.55643,0.36207,0.60537,0.517,0.42217,0.86903,0.73158,0.72458,0.64737,0.71774,0.57588,0.77932,0.71605,0.43644,0.034599,0.040235,0.4564,0.71864,0.91637,0.81231,0.94935,0.84109,0.47967,0.13043,0.097447,0.01406,0.00056119
1,0.28019,0.36344,0.5207,0.5435,0.3195,0.23888,0.26073,0.29579,0.21754,0.30608,0.40806,0.33471,0.14549,0.095073,0.042302,0.016002,0.058671,0.048553,0.096718,0.3482,0.29138,0.14757,0.20666,0.14912,0.050577,0.021309,0.010008,0.0083451,0.014623,0.00020973
1,0.38342,0.26997,0.15739,0.098182,0.25089,0.16816,0.070281,0.28404,0.67878,0.64731,0.178,0.70629,0.48641,0.25586,0.20194,0.15419,0.2197,0.40999,0.38643,0.36638,0.16158,0.079108,0.092446,0.060532,0.055842,0.02918,0.0068481,0.0035873
1,0.39937,0.032771,0.26538,0.16153,0.088374,0.19648,0.17453,0.26315,0.22781,0.21274,0.16937,0.10024,0.043652,0.025398,0.090787,0.10052,0.15223,0.16739,0.34555,0.25614,0.64428,0.75573,0.84117,0.34511,0.19355,0.12462,0.14635,0.026919,0.013527,0.0044525,0.00098129
1,0.15915,0.21527,0.17519,0.17748,0.27815,0.37422,0.28381,0.058846,0.1727,0.12708,0.43424,0.19844,0.3279,0.12741,0.11018,0.086332,0.033768,0.016057,0.018574,0.024702,0.0034451,0.00076631
1,0.2787,0.48614,0.61458,0.55751,0.41979,0.44133,0.54656,0.5,0.54158,0.64555,0.57979,0.52984,0.64774,0.63554,0.73299,0.58646,0.47821,0.5,0.3819,0.25676,0.24426,0.15241
1,0.60975,0.53294,0.3164,0.13697,0.14242,0.10483,0.056527,0.058901,0.086353,0.043433,0.017408,0.040871,0.33782,0.57453,0.85697,0.41071,0.69904,0.52126,0.057801,0.059511,0.043948,0.056727,0.026759,0.0055328,0.0010167
2,0.096047,0.13398,0.07194,0.07487,0.098198,0.059703,0.21931,0.037859,0.12103,0.20529,0.18377,0.13995,0.045954,0.065892,0.0093506,0.00062441
2,0.017587,0.16183,0.13528,0.23778,0.2043,0.13502,0.020386,0.18585,0.061856,0.071411,0.048873,0.022689,0.00044903,0.001945,0.0032808,0.0020978,0.0025238,0.0038881,0.0036114,0.0013852,0.00080398,0.00050442
2,0.038565,0.024439,0.062001,0.16602,0.17918,0.089462,0.05123,0.029431,0.016219,0.012287,0.051011,0.12074,0.12553,0.043535,0.03225,0.012645,0.0017253
2,0.0041904,0.30045,0.7769,0.80895,0.67379,0.66118,0.26345,0.49186,0.32129,0.35913,0.0474,0.25492,0.18254,0.33897,0.19891,0.02305,0.031917,0.070951,0.087049,0.050329,0.048511,0.032378,0.0090925,0.00031473
2,0.0084244,0.015129,0.01374,0.015162,0.39305,0.085719,0.13128,0.021783,0.0048445,0.0010846,0.011573,0.023531,0.054216,0.072674,0.06904,0.042605,0.0069915
2,0.18859,0.44799,0.29283,0.28154,0.28687,0.41469,0.38766,0.48425,0.036467,0.066781,0.08864,0.059987,0.022169,0.38442,0.10959,0.04491,0.026481,0.020941,0.0026388,3.9702e-05
2,0.091085,0.43817,0.54034,0.5,0.48456,0.43635,0.22693,0.079294,0.13478,0.056997,0.10004,0.15056,0.040252,0.039947,0.0062937,0.013427,0.0015391,0.057474,0.10116,0.17554,0.21337,0.22468,0.023307,0.0011368
2,0.0031011,0.0013172,0.0035324,0.024892,0.13994,0.27689,0.24943,0.17463,0.1073,0.054519,0.040782,0.10243,0.037361,0.073883,0.13225,0.1508,0.11269,0.029943,0.0066719,0.0031621,0.00033248
2,0.10971,0.12074,0.37555,0.54102,0.49343,0.1246,0.07139,0.10304,0.10275,0.036292,0.034665,0.012706,0.002346,0.001518,0.0015546
2,0.093651,0.10054,0.31044,0.20378,0.33603,0.31335,0.19539,0.089193,0.082962,0.10521,0.20384,0.15284,0.13014,0.20971,0.066856,0.030708,0.00047869
2,0.127,0.13743,0.32269,0.53005,0.25893,0.17132,0.17898,0.13274,0.10449,0.072047,0.17483,0.4068,0.2999,0.18162,0.15769,0.071307,0.00015989
2,0.12242,0.056253,0.11134,0.15455,0.22234,0.15249,0.097391,0.10536,0.063922,0.096818,0.14382,0.28754,0.49011,0.63272,0.24218,0.14968,0.024705,0.0030216,0.00034358
2,0.51034,0.18169,0.087106,0.012204,0.05448,0.12395,0.17196,0.11969,0.27042,0.43372,0.22411,0.26276,0.40011,0.29324,0.083366,0.11213,0.38319,0.12968,0.070386,0.17283,0.21636,0.026834,0.0089132,0.0028867,0.00097579
2,0.42017,0.36456,0.34402,0.19776,0.083582,0.21491,0.31088,0.37196,0.27886,0.18541,0.023981,0.058684,0.0078951,0.0060853,0.00028934
2,0.010972,0.079629,0.065766,0.021233,0.020836,0.047814,0.032279,0.041867,0.062133,0.10243,0.17144,0.39225,0.5509,0.49303,0.44613,0.29274,0.012679,0.014664,0.00095919
2,0.0049571,0.016615,0.02644,0.019348,0.039486,0.01289,0.0029372,0.0025914,0.040362,0.039877,0.059875,0.088756,0.25762,0.05757,0.052798,0.085406,0.054044,0.023214,0.046329,0.1313,0.06013,0.055726,0.026322,0.008938,0.0030793,0.0037437,0.002812,0.0062999,0.00057987
2,0.093545,0.13137,0.071986,0.086847,0.12957,0.16516,0.12131,0.41695,0.52763,0.37342,0.20036,0.17891,0.053268,0.023682,0.012408,0.013625,0.0084301,0.00073193
2,0.1263,0.17075,0.11904,0.062377,0.15002,0.16954,0.21916,0.26858,0.14728,0.025085,0.0060051,0.040487,0.037382,0.02381,0.026436,0.07557,0.012155,0.00063097
2,0.17119,0.36178,0.4507,0.55739,0.18152,0.12639,0.076568,0.22044,0.11412,0.077066,0.27113,0.17535,0.32974,0.40744,0.73109,0.4479,0.44067,0.43957,0.36928,0.48878,0.18718,0.10417,0.17313,0.20681,0.045963,0.01617,0.0019147
2,0.19858,0.21882,0.092022,0.046676,0.032715,0.069042,0.075955,0.076669,0.061891,0.19343,0.21041,0.061817,0.019043,0.0040907,0.0015122,0.00022187
2,0.25782,0.33253,0.19675,0.36618,0.20523,0.20046,0.19041,0.28821,0.24294,0.16933,0.24592,0.32074,0.19748,0.22639,0.055394,0.065609,0.044751,0.048888,0.0043964,0.00095445
2,0.12622,0.40445,0.35113,0.21299,0.29911,0.34245,0.091649,0.15041,0.25156,0.14133,0.051434,0.088983,0.074108,0.075784,0.061169,0.014264,0.0051799,0.0031066,0.002237,0.0054402,0.012768,0.018403,0.038825,0.061422,0.03307,0.03261,0.026984,0.0014264,0.00094895,0.00029195
2,0.05965,0.14605,0.039413,0.084143,0.079651,0.12349,0.17962,0.28388,0.22919,0.28553,0.21761,0.20401,0.22842,0.17676,0.11164,0.086944,0.0053439,0.0031417,0.0020869,0.0031997,0.042488,0.041119,0.11064,0.12773,0.058926,0.034834,0.028178,0.0051149,0.0013785
2,0.047156,0.13573,0.36296,0.24179,0.22515,0.2495,0.36892,0.23398,0.42855,0.58982,0.30218,0.21182,0.2021,0.27156,0.23397,0.061907,0.037053,0.028527,0.037314,0.028535,0.019412,0.017958,0.0090827,0.0077094,0.00097506,0.0039926,0.0056762,0.01717,0.014655,0.031914,0.03729,0.071639,0.03914,0.021595
2,0.018015,0.026358,0.041505,0.046223,0.050226,0.029445,0.07771,0.078063,0.058859,0.12704,0.11944,0.24566,0.28818,0.1736,0.11647,0.12337,0.11836,0.48647,0.34668,0.45902,0.56256,0.048595,0.026936,0.072858,0.051933,0.14711,0.15944,0.056826,0.14158,0.089495,0.034089,0.037075,0.016512,0.0045307,0.011895,0.003597,0.0018604,0.0004375
2,0.11141,0.14575,0.11669,0.1653,0.23645,0.27372,0.26145,0.22328,0.23446,0.34512,0.26247,0.099125,0.17414,0.091564,0.046133,0.050704,0.085967,0.1088,0.069903,0.031803,0.060533,0.027529,0.018363,0.02123,0.025191,0.035466,0.039642,0.051056,0.33582,0.14196,0.15229,0.26466,0.05371,0.0035519,0.0017266
2,0.2869,0.72222,0.5,0.19061,0.39283,0.34417,0.099416,0.28987,0.44604,0.46873,0.3031,0.53964,0.53199,0.41338,0.1804,0.19951,0.15046,0.072736,0.021379,0.008716,0.01245,0.0015113,0.037169,0.040467,0.054597,0.06711,0.079575,0.03057,0.025071,0.082363,0.024605,0.0003811
2,0.2431,0.32743,0.46001,0.77125,0.80538,0.77277,0.80103,0.69162,0.44416,0.64484,0.71339,0.71543,0.73639,0.63272,0.52986,0.29146,0.14647,0.12342,0.11052,0.012594,0.015269,0.014446,0.055657,0.029206,0.17005,0.19313,0.1085,0.40613,0.47795,0.2699,0.21219,0.046455,0.003218,0.00056216
2,0.012086,0.017476,0.043928,0.040699,0.065067,0.084812,0.06325,0.028442,0.079809,0.091274,0.16295,0.23257,0.22571,0.094364,0.19125,0.26386,0.12215,0.059135,0.08235,0.17242,0.2618,0.56778,0.70113,0.62136,0.34538,0.01277,0.017308,0.012924,0.0068216,0.12219,0.071916,0.063566,0.12199,0.08345,0.031195,0.057573,0.04248,0.014081,0.014663,0.0023009,0.0006136
2,0.19218,0.075223,0.091236,0.099089,0.053368,0.050894,0.032476,0.029775,0.0020558,0.021438,0.043615,0.038638,0.060188,0.12907,0.047114,0.074473,0.078761,0.089632,0.0086849,0.0040783,0.005008,0.0022408,0.00020054,0.000404
2,0.85864,0.78132,0.39015,0.1374,0.14013,0.25005,0.47147,0.58808,0.68988,0.45769,0.37754,0.073557,0.011792,0.011241,0.0085334,0.0044313,0.0031345,0.023494,0.019641,0.0020074
2,0.086397,0.16793,0.134,0.10458,0.11177,0.058593,0.04494,0.10016,0.058331,0.012954,0.01726,0.023189,0.0086571,0.010084,0.019064,0.0060166,0.0042746,0.0043553,0.016816,0.0034977
2,0.65641,0.53493,0.5163,0.50907,0.26835,0.18275,0.090504,0.087133,0.23495,0.34741,0.41346,0.37785,0.18235,0.36273,0.31461,0.20028,0.10872,0.044105,0.020916,0.017831,0.020848,0.0033049,0.00020149
2,0.81085,0.74296,0.42862,0.69542,0.3819,0.15229,0.12655,0.3507,0.4411,0.21551,0.11587,0.21112,0.060483,0.014207,0.019933,0.027201,0.040782,0.19475,0.40155,0.17263,0.027247,0.0025988,5.1298e-05
2,0.63498,0.23665,0.23694,0.11099,0.11106,0.34852,0.38743,0.4487,0.41063,0.73573,0.64748,0.51522,0.59482,0.61467,0.38297,0.3637,0.56403,0.39076,0.33308,0.11031,0.01324,0.001942,0.00068227
2,0.25643,0.59775,0.34059,0.28924,0.17324,0.11509,0.05933,0.025841,0.077759,0.061792,0.079092,0.052792,0.092762,0.082728,0.039162,0.0094901,0.02109,0.030457,0.017341,0.017826,0.033582,0.021958,0.0029297,4.4964e-05
2,0.025455,0.02673,0.11927,0.094987,0.077646,0.077325,0.079062,0.060315,0.062959,0.31794,0.22543,0.20762,0.15759,0.11016,0.030361,0.025924,0.078266,0.082557,0.050583,0.069736,0.092691,0.08006,0.030535,0.0072988,0.0058617,0.007531,0.020542,0.040344,0.068678,0.028506,0.020898,0.0035489,0.0011916
2,0.69592,0.72193,0.43027,0.49476,0.23142,0.24919,0.27746,0.22448,0.1253,0.16689,0.10945,0.022234,0.028805,0.020645,0.024515,0.023661,0.0077709,0.019863,0.011312,0.019105,0.0096495,0.0038521,0.00046538
2,0.79958,0.34635,0.24618,0.55173,0.61117,0.70411,0.64731,0.49068,0.3942,0.41648,0.057569,0.025296,0.053137,0.048061,0.10241,0.092589,0.071622,0.038341,0.014651,0.0059944,0.0091813,0.0067905,0.00044065
2,0.40843,0.28343,0.3515,0.39331,0.57117,0.62669,0.39244,0.19466,0.093953,0.017404,0.017453,0.02684,0.073412,0.097924,0.12043,0.1199,0.14137,0.033105,0.025249,0.024556,0.0054582,0.00021514
2,0.73139,0.41823,0.35542,0.41429,0.74594,0.8081,0.89587,0.75418,0.62948,0.72921,0.87628,0.54331,0.27346,0.46547,0.30565,0.12767,0.033603,0.11214,0.075992,0.075104,0.064166,0.20152,0.26624,0.036024,0.030243,0.048512,0.042944,0.0076273
2,0.12033,0.077519,0.059948,0.13804,0.077005,0.12973,0.28203,0.22609,0.11251,0.11678,0.080591,0.083022,0.058251,0.10373,0.14292,0.10506,0.072193,0.28045,0.11858,0.0037868,0.066295,0.053898,0.016874,0.11204,0.1283,0.019203,0.0096234,0.00063922
2,0.083306,0.014016,0.028759,0.060675,0.079964,0.088232,0.15116,0.077262,0.082664,0.040206,0.20722,0.22033,0.21185,0.13925,0.11533,0.012516,0.011503,0.0046404,0.019374,0.054954,0.12487,0.037783,0.0039941,0.0014726
2,0.026205,0.074177,0.10071,0.13946,0.14188,0.10343,0.17115,0.28729,0.23632,0.1657,0.071593,0.13828,0.2205,0.47858,0.51428,0.70453,0.47219,0.28891,0.29883,0.048246,0.059605,0.072659,0.093495,0.12026,0.12467,0.022397,0.036513,0.082917,0.0019908
2,0.24324,0.34636,0.60632,0.64288,0.64739,0.71536,0.40813,0.091292,0.086186,0.10185,0.15779,0.25231,0.30759,0.43882,0.31282,0.07876,0.088567,0.20612,0.24353,0.27792,0.10034,0.28433,0.18006,0.46677,0.38333,0.37366,0.19391,0.34701,0.078097,0.0577,0.072477,0.02883,0.00064277
2,0.15987,0.068896,0.053592,0.1141,0.2345,0.1299,0.22385,0.27872,0.43909,0.56995,0.63193,0.72942,0.35141,0.3076,0.45395,0.21101,0.092689,0.12355,0.10052,0.021632,0.22287,0.35046,0.33193,0.40807,0.21359,0.0094168,0.006257,0.00076414
2,0.096834,0.099972,0.067743,0.08012,0.032482,0.12191,0.10485,0.11752,0.07048,0.1424,0.062868,0.044437,0.019938,0.031393,0.035821,0.045185,0.045718,0.052113,0.0033278,0.0060171,0.0015942,0.0012992,0.029848,0.010249,0.0030005,0.0010094,0.0014331,2.0372e-05
2,0.15199,0.20811,0.29727,0.42281,0.41788,0.28831,0.19916,0.27733,0.11478,0.29469,0.32115,0.16024,0.10926,0.26633,0.20063,0.15031,0.10223,0.2421,0.12153,0.18649,0.12175,0.13627,0.0094401,0.0025058,0.0028342,0.038125,0.039261,0.08458,0.0849,0.045533,0.034006,0.0055517,0.018497,0.00033412,0.00033099,0.00015479
2,0.42789,0.16997,0.15881,0.081276,0.064858,0.022259,0.0058408,0.089604,0.1475,0.27479,0.38329,0.18817,0.2211,0.11268,0.063955,0.047654,0.10994,0.038367,0.080019,0.057871,0.095654,0.1355,0.096598,0.021639,0.0083463,0.0023925,4.0212e-05
2,0.073149,0.082954,0.095171,0.084817,0.16872,0.14836,0.16979,0.13125,0.11479,0.059498,0.049902,0.025576,0.10175,0.093822,0.12548,0.22274,0.1604,0.028917,0.0062649,0.087262,0.086009,0.12981,0.22628,0.25709,0.045698,0.007316,0.00049091
2,0.35043,0.44243,0.33779,0.60962,0.60035,0.50688,0.36797,0.29691,0.29577,0.23763,0.37961,0.076722,0.12094,0.17879,0.11751,0.077971,0.038297,0.068819,0.16606,0.21775,0.14806,0.11834,0.1244,0.068002,0.083344,0.16039,0.22307,0.11554,0.21575,0.24964,0.30355,0.29388,0.58564,0.10338,0.027509,0.010786,0.0056565,0.015328,0.001898,0.00026096,0.000618
2,0.19651,0.34323,0.13721,0.089309,0.15808,0.091189,0.046669,0.058022,0.18948,0.11431,0.092151,0.067315,0.12575,0.0079458,0.036438,0.061335,0.061168,0.019548,0.027933,0.019217,0.023625,0.0080308,0.016328,0.015598,0.021079,0.0030634,0.033196,0.028546,0.068841,0.12035,0.10922,0.0981,0.062033,0.016321,0.021147,0.0012513,0.00025413
2,0.20442,0.31338,0.18095,0.1779,0.38763,0.42882,0.3394,0.24035,0.13397,0.089839,0.11508,0.23974,0.23285,0.2577,0.28214,0.3342,0.24461,0.11002,0.057798,0.043246,0.061141,0.030935,0.038275,0.060475,0.1404,0.19856,0.53395,0.59923,0.27649,0.26346,0.13496,0.062072,0.024905,0.011499,0.0067514,0.048602,0.38084,0.41964,0.34692,0.3384,0.13078,0.030088,0.011665,0.003415,0.00086091
2,0.42025,0.16253,0.11131,0.053804,0.17436,0.15938,0.043162,0.30876,0.18428,0.074995,0.054276,0.15916,0.24781,0.19325,0.10336,0.10117,0.089571,0.061832,0.11699,0.16127,0.087659,0.12485,0.011528,0.0019896,0.00042891,0.0053675,0.27707,0.34496,0.36182,0.5,0.2469,0.15246,0.47363,0.29474,0.4406,0.41425,0.37667,0.093704,0.030154,0.18939,0.23688,0.27602,0.23352,0.17806,0.1744,0.58668,0.39461,0.44911,0.55663,0.39675,0.032837,0.018766
2,0.55909,0.5,0.31957,0.31657,0.37041,0.36584,0.071195,0.18793,0.2164,0.32026,0.321,0.46969,0.4125,0.018849,0.077457,0.088566,0.076482,0.046085,0.050292,0.041638,0.033194,0.010375,0.0034224,0.035979,0.051011,0.098583,0.089385,0.23653,0.33575,0.46895,0.47641,0.2984,0.16616,0.029356,0.0040105,0.00099012
2,0.30016,0.20027,0.31335,0.19627,0.16209,0.23184,0.37284,0.33183,0.19732,0.13916,0.18927,0.17526,0.21757,0.20522,0.1534,0.14891,0.21364,0.42941,0.4382,0.5,0.31148,0.14136,0.046386,0.030839,0.042595,0.051693,0.033293,0.05273,0.078015,0.017856,0.021227,0.043905,0.052558,0.050677,0.13377,0.061865,0.043053,0.0059198,0.0087397,0.0070934,0.0005616
2,0.41795,0.3794,0.24119,0.34609,0.14437,0.1039,0.055906,0.038837,0.048121,0.02436,0.1457,0.03846,0.016571,0.082436,0.10795,0.058953,0.017571,0.015594,0.0098276,0.0026034,0.005098,0.015773,0.013112,0.01901,0.22686,0.11798,0.13254,0.026499,0.02321,0.0085284,0.0035053,0.00017814
2,0.13078,0.04332,0.073539,0.045176,0.22966,0.084537,0.076401,0.12279,0.14039,0.17764,0.12585,0.079655,0.049458,0.098483,0.060064,0.031264,0.040758,0.17377,0.092106,0.016409,0.037009,0.03691,0.012586,0.0076933,0.00979,0.0012936,3.5854e-05
2,0.35985,0.04917,0.0069632,0.0054804,0.099852,0.13453,0.25444,0.39178,0.70133,0.1317,0.43195,0.3716,0.19611,0.067391,0.088654,0.025525,0.055212,0.081345,0.12717,0.088198,0.12012,0.1034,0.038974,0.024111,0.26413,0.50999,0.54703,0.81259,0.79646,0.69039,0.18267,0.085906,0.085695,0.13506,0.030025,0.026045,0.027781,0.0082407
2,0.70813,0.63448,0.14424,0.093635,0.089859,0.016257,0.01113,0.022119,0.017048,0.053289,0.061038,0.077652,0.12974,0.053069,0.053885,0.091984,0.10157,0.10091,0.10346,0.09895,0.1036,0.037408,0.042687,0.0033288
2,0.5,0.43187,0.39343,0.35426,0.38604,0.22275,0.19451,0.18116,0.12913,0.27392,0.46778,0.50635,0.38273,0.28142,0.23055,0.23195,0.047323,0.05611,0.030831,0.060371,0.03825,0.042084,0.095054,0.060961,0.022517,0.017738,0.0472,0.094879,0.11859,0.079787,0.016787,0.0065098
2,0.4005,0.36055,0.48525,0.3485,0.20858,0.2339,0.16032,0.15801,0.17687,0.16727,0.16554,0.30268,0.20123,0.13868,0.12334,0.16901,0.065116,0.0098601,0.049143,0.030604,0.028521,0.018925,0.0084932,0.0058879,0.0099574,0.0074008,0.0028065,0.030351,0.036117,0.014623,0.037959,0.0089417,0.00067942
2,0.41094,0.29961,0.19707,0.19577,0.12707,0.041945,0.034997,0.0088975,0.021045,0.013742,0.10178,0.12297,0.093365,0.16448,0.22396,0.33184,0.344,0.15393,0.12491,0.078318,0.01437,0.0067862,0.012218,0.011179,0.00090253
2,0.24208,0.42563,0.23338,0.20308,0.48844,0.33266,0.22239,0.20835,0.18897,0.040863,0.060657,0.10434,0.03307,0.030747,0.12402,0.25153,0.25675,0.10028,0.039495,0.021964,0.009683,0.0041072,0.0025275,0.0036452,0.02077,0.039268,0.034132,0.043247,0.044292,0.0078026,0.0031753,0.00039678
2,0.68366,0.75205,0.36355,0.16216,0.17657,0.14711,0.094095,0.08153,0.05999,0.16898,0.15016,0.052141,0.070483,0.0015668,0.0012799,0.020099,0.10484,0.22766,0.12527,0.057976,0.036232,0.0010528
2,0.51887,0.64802,0.62946,0.66929,0.15459,0.30855,0.063216,0.071373,0.14687,0.1725,0.099605,0.30728,0.36861,0.38928,0.66744,0.63972,0.52819,0.23861,0.10007,0.12859,0.075023,0.061922,0.033769,0.027578,0.0096207,0.0012577,0.00033782
2,0.48953,0.78399,0.64102,0.36907,0.3805,0.37732,0.20277,0.25526,0.16199,0.12937,0.23103,0.54258,0.21368,0.11697,0.13686,0.24784,0.42225,0.41791,0.11214,0.075863,0.044333,0.062646,0.013096,0.0098602,0.026987,0.036303,0.0093824,0.023287,0.0031371
2,0.44721,0.47705,0.65636,0.71436,0.42136,0.54687,0.43983,0.19645,0.24359,0.091756,0.22812,0.026315,0.037558,0.023181,0.0017297,0.00018252,0.005238,0.004191,0.0025699,0.00083391,0.0077411,0.016586,0.0075615,0.0091899,0.0014592,0.00030896
2,0.77882,0.75284,0.48886,0.56655,0.63644,0.5,0.3433,0.060239,0.077813,0.13162,0.24184,0.12254,0.25333,0.16921,0.03729,0.024206,0.087404,0.037723,0.018139,0.027576,0.0088873,0.0011025
2,0.26575,0.39632,0.22206,0.18936,0.35594,0.60197,0.48849,0.52994,0.28993,0.073588,0.18438,0.17956,0.37971,0.51516,0.31018,0.10596,0.12621,0.018126,0.020678,0.11532,0.060008,0.078068,0.078863,0.059021,0.019867,0.0022584,0.00053678
3,0.0017207,0.00098921,0.0013518,0.0075546,0.0075964,0.0044153,0.00092675,0.00034646,0.00044623,0.0013388,0.0013101,0.0016278,0.0048869,0.0040926,0.0065087,0.0019128,0.0015527,0.00020258,8.0301e-05
3,0.000124,5.8063e-05,1.2968e-05,1.6578e-05,2.3626e-05,0.0001232,0.00026201,0.0002856,0.00066793,0.0016042,0.00028307,0.0003401,0.0037337,0.0077174,0.050817,0.048988,0.029933,0.011512,0.0020244,0.00067743,0.0014591,0.0036216,0.010506,0.012827,0.022702,0.022179,0.0013267,0.0013776,0.0031745,0.0053306,0.00052661
3,0.00021623,0.00015347,0.00016408,0.00029096,0.001262,0.002707,0.0083288,0.029679,0.0092218,0.002234,0.0029532,0.0020546,0.0019795,0.005743,0.013848,0.0085099,0.0091056,0.007977,0.0043892,0.0022502,0.00022628
3,0.00018397,0.0011923,0.0022448,0.0035872,0.0066219,0.0073763,0.011454,0.07359,0.044862,0.037531,0.059128,0.028008,0.038353,0.01614,0.028739,0.0048302,0.0031831,0.00011705,0.0017305,0.0057813,0.0034814,0.0042088,0.007241,0.0017185,0.00054957,0.00027323,0.00066764,0.00064736,0.00012699
3,0.0030273,0.0013928,0.0011092,0.0050781,0.01249,0.0089853,0.0051348,0.0070133,0.0082041,0.010743,0.0026239,0.0011506,0.0014467,0.00078327,0.00058979,0.0026761,0.0025895,0.0023082,0.0022268,0.0043891,0.004705,0.0044852,0.010157,0.065682,0.059063,0.061328,0.013539,0.0021014,0.0023011,0.00048948,0.00025121,0.00040334,0.00018691,0.00045911,0.00049089,0.0007823,0.00073865,0.00080892,0.00012672
3,0.00079917,0.0075035,0.010374,0.0089218,0.0041833,0.0014208,8.0086e-05,0.00021508,0.00015645,0.0025534,0.0070052,0.0058264,0.0038107,0.0044435,0.00142,0.010472,0.012635,0.008405,0.0054808,0.003757,0.010742,0.011591,0.0165,0.046722,0.020147,0.0085668,0.016365,0.035912,0.0070143,0.0029707,0.0039232,0.00052726,0.00037868,0.00065377,0.001034,0.00114,0.0005407,0.00023679,0.00035281,0.00040553,0.0026913,0.0037808,0.0041502,0.0013003,0.00052355,0.00070171,0.0013647,0.00077391,0.00025097,0.00020895,0.00018536,0.00023098,0.00046814,0.00062042,0.0019224,0.00050959,4.9203e-06
3,0.0027891,0.0024211,5.8262e-05,0.0012745,0.0035851,0.0029775,0.0019367,0.0041885,0.0013843,0.0026267,0.0042325,0.004082,0.0027599,0.0011567,0.00050507,0.00062798,0.0016863,0.0043111,0.0011598,0.00094126,0.015685,0.0059406,0.0042429,0.009509,0.0080261,0.00090743,0.00046904,0.00036734,0.00096186,0.0040524,0.0084468,0.012227,0.0011912,0.0013302,0.00015275,0.0001747,0.00088945,0.0032707,0.013822,0.02648,0.051294,0.0030483,0.0022493,0.0032398,0.0055215,0.0021759,0.0024865,0.01605,0.008061,0.012598,0.060938,0.043967,0.00060594,0.00062595
3,0.020183,0.0026477,0.0014912,0.0066115,0.0045796,0.0079075,0.0059289,0.010894,0.0084127,0.022993,0.027231,0.0059474,0.0045706,0.013453,0.019775,0.011986,0.010963,0.0047333,0.0011796,0.00093296,0.0007942,0.0074019,0.0023684,0.0018261,0.0035588,0.0065451,0.0032499,0.0035366,0.0012889,0.0044781,0.0021517,0.019909,0.021233,0.025043,0.030107,0.015276,0.002645,0.00052569,0.00049142
3,0.0025106,0.0004829,0.00027003,0.0003381,7.7359e-05,0.00018443,0.00017965,0.00026696,0.00042101,0.0016454,0.0019979,0.0024558,0.0022592,0.0013175,0.00024653,0.00029009,0.00027422,0.00071244,0.00093673,0.0018969,0.0034186,0.0010531,0.0010202,0.00078697,0.003143,0.0016761,0.0006475,0.0011797,0.002159,0.0037066,0.0078788,0.028053,0.014563,0.00064591
3,0.0059537,0.00077772,0.0019934,0.0016849,0.00027276,0.00020322,0.00038593,0.00020642,0.0004111,0.00019847,0.00046103,0.0008011,0.0010674,0.0011572,0.0013659,0.010391,0.021892,0.012197,0.0087399,0.015502,0.017886,0.019456,0.017271,0.0096798,0.0039949,0.0069852,0.016203,0.019336,0.0087138,0.02293,0.021204,0.013112,0.011198,0.0079323,0.0073022,0.001187,0.00037119,0.00026769,0.024841,0.038829,0.073091,0.13166,0.11807,0.070918,0.00026107
3,0.0014163,0.0026302,0.027804,0.18154,0.31231,0.16083,0.015,0.0066917,0.0041895,0.0044934,0.012901,0.016106,0.01339,0.012691,0.0074042,0.0021063,0.0054009,0.0032022,0.0047694,0.0059168,0.0048893,0.0057529,0.0054382,0.0055127,0.019394,0.0088107,0.0059438,0.0084472,0.0077828,0.0061845,0.0091815,0.012833,0.0069242,0.0084375,0.0053185,0.0040547,0.0024033,0.0020318,0.00080856,0.00081763,0.00086564,0.00068294,0.015476,0.022933,0.047058,0.085414,0.075701,0.005035,0.00706,0.0068093,0.005645,0.0061416,0.0058179,0.0052783,0.0047931,0.0012276,0.00031019
3,0.036209,0.0085838,0.0010479,0.00061604,0.0018855,0.0022248,0.0019985,0.0026742,0.0023331,0.0035508,0.0015492,0.002616,0.0060938,0.02682,0.019002,0.016717,0.013329,0.0096259,0.014076,0.0037486,0.0011557,0.00034508,0.00015549,0.00091138,0.0012984,0.00076723,0.00067203,0.00032564,6.2466e-05,8.8203e-05,3.1121e-05,3.0639e-05,0.000355,0.0011141,0.00021106
3,0.036391,0.0079966,0.007615,0.0071327,0.0056566,0.017773,0.0025323,8.3649e-05,0.000147,0.00017026,0.0002833,0.00082396,0.0019328,0.0010167,0.0017694,0.00033288,0.0003169,0.00075417,0.0028129,0.0036205
3,0.023053,0.0050963,0.0018116,0.0019584,0.00301,0.0022836,0.002562,0.00078861,0.00069065,0.00066139,0.00055737,0.00019123,0.00046699,0.00046679,0.00050676,0.00071916,0.0019041,0.0028855,0.0010471,0.00019228
3,0.00098007,0.00019008,0.00094352,0.003157,0.0088382,0.0014989,0.0018445,0.00015247,0.00016773,0.00028306,0.00050392,0.00027664,0.00016699,5.8474e-05,0.00011427,0.0010116,0.00083297,0.0011405,0.0021006,0.0054232,0.0068636,0.00043196
3,0.00069345,0.0017216,0.0024085,0.0028747,0.0053674,0.0026564,0.002946,0.0051893,0.0026761,0.0050427,0.0030038,0.0033392,0.0018911,0.0094708,0.001197,0.0029883,0.0050356,0.0051116,0.0050452,0.0084275,0.013253,0.018426,0.019684,0.021428,0.11799,0.013605,0.0026493,0.00049488,0.00027617,4.5182e-05,0.00023328,0.00012038,0.00025105,0.0003549,0.00068173,0.00038495,0.0015736,0.0047708,0.002846,0.0019376,2.9865e-05
3,0.0069946,0.0012121,0.00081083,0.0076013,0.0097759,0.0087416,0.012493,0.0089917,0.0045996,0.0050524,0.0057891,0.0011471,0.00019691,0.00019744,0.00027165,0.00027095,0.00041942,0.00091708,0.000662,0.000358,0.00037112,0.00068715,0.0012649,0.00011377
3,5.9324e-05,5.4301e-05,2.4359e-05,7.0687e-05,8.9963e-05,3.1918e-05,6.6854e-06,2.407e-05,0.0058982,0.042551,0.13253,0.18909,0.5,0.17569,0.078193,0.038461,0.0014725,0.01152,0.16839,0.07359,0.064761,0.043512,0.029203,0.0048439,0.00042747,0.00028532,0.00025234,0.0003121,0.00040649,0.00068363,0.00078766,0.024056,0.036244,0.017961,0.012821,0.0094126,6.1133e-05,0.00037397,0.00071665,0.00028451
3,0.010475,0.002426,0.0013831,0.0036705,0.0044572,0.013958,0.0065464,0.0087504,0.0007888,0.0036825,0.00047171,0.00015904,0.00046959,0.00051154,0.00085843,0.00018442,0.00040199,0.0015022,0.00032976,0.00012841,0.00044358,0.001413,0.0019401,0.0044739,0.00060149,0.001067,0.00064342,0.0019872,0.0014227,0.0020502,0.0019035,0.0032075,0.0046584,0.0022281,0.0013135,0.0034588,0.00016449
3,0.0023284,0.0063539,0.0023776,0.0045675,0.00083949,0.0017283,0.00032563,5.9456e-05,0.0005902,0.0016144,0.0010602,0.0032522,0.0059915,0.0075022,0.017266,0.060632,0.017895,0.025038,0.058182,0.019757,0.0046368,0.033242,0.016278,0.0041224,0.0029937,0.0022701,0.0024144,0.0017224,0.001447,0.0014934,0.0022998,0.0020564,0.0067704,0.011881,0.0079416,0.01124,0.011601,0.010312,0.0075591,0.0055529,0.003701,0.0021298,0.0021685,0.013581,0.019394,0.028149,0.029447,0.011522,0.002946,0.00011568,0.00028587,0.0010654,0.0012366,0.0035419,0.0050263,0.0029115,0.00411,0.005161,0.0067327,0.012145,0.08839,0.045489,0.015404,0.011206,0.0064448,0.0022787,0.002288,0.0061098,0.0047212,0.0048386,0.019947,0.013384,0.010572,0.009914,0.017633,0.00096015,0.00023559
3,0.081298,0.025609,0.014323,0.011229,0.029993,0.014289,0.0072931,0.0044496,0.0062789,0.0024632,0.0078899,0.0090856,0.012934,0.01745,0.024145,0.0094946,0.0069758,0.0044587,0.0090301,0.0035228,0.0054007,0.014714,0.010169,0.011392,0.017496,0.015389,0.01894,0.03348,0.01053,0.0080317,0.0033199,0.0035631,0.0020905,0.0015898,0.00095121,0.00062893
3,0.013507,0.0019382,2.988e-05,1.4168e-05,7.7599e-05,0.00023273,0.00022686,0.00018064,0.00059315,9.794e-05,0.00060767,0.0009094,0.00053276,4.5862e-05,2.7348e-05,6.5973e-05,0.00010845,0.00020315,0.00026299,0.0003285,0.00041754,5.4503e-05,0.00016917,0.00014914,0.00029145,0.00020589,0.0001115,5.4531e-05,0.00053909,0.0007702,0.00057016,0.00043158,0.00023945,0.00018159,0.00018101,0.00013041,0.00042524,0.004976,0.00073486,0.0008589,0.00017526
3,0.0018535,0.00027469,0.00022556,0.00014445,0.00074665,0.0011577,0.0015961,0.0016416,0.0033872,0.003982,0.0065349,0.0098373,0.0072963,0.0013467,0.0020656,0.0016634,0.001674,0.00066976,0.00068186,4.5879e-05,0.00013299,0.00026907,0.0010553,0.001004,0.0010116,0.00098275,0.0051351,0.012672,0.014209,0.014145,0.027052,0.065476,0.0097315,0.0061611,0.0055331,0.029481,0.0563,0.094563,0.17786,0.25446,0.2295,0.27218,0.2146,0.24854,0.0065744,0.0008228,0.00018249,0.00033687,0.00024692,0.0068762,0.0089707,0.0088223,0.010567,0.0064065,0.0017465,0.015335,0.014757,0.040027,0.065198,0.0096263
3,0.0022744,0.00070704,0.00039428,0.0011597,0.00026363,0.004473,0.062135,0.12266,0.38749,0.30689,0.060286,0.007251,0.00056693,0.0010618,0.0008893,0.00084812,0.00063797,0.0035579,0.0014928,0.0023251,0.004815,0.0047919,0.0024899,0.0015469,0.0004854,0.00013275,0.00040327,0.00032925,0.00069722,0.0014352,0.0030626,0.0049335,0.0053337,0.0099302,0.0058362,0.0074895,0.0025663,0.0013177
3,0.019626,0.01065,0.0015428,0.00032171,0.00035559,0.0011533,0.0015036,0.0033929,0.0034466,0.0035551,0.0020187,0.0062433,0.0022826,0.0036179,0.010284,0.014104,0.027518,0.050879,0.10136,0.093351,0.029889,0.012757,0.0016812,0.00057357,0.00045862,0.00054172,0.007978,0.004079,0.0077583,0.010874,0.037392,0.023012,0.00039261,0.00053802,0.0015189,0.0052005,0.0050626,0.0014558,0.0012336,0.00087273,0.001209,0.0049681,0.0025545,0.0019032,0.0015133,0.0038603,0.050183,0.0098242,0.015974,0.023795,0.025497,0.023584,0.018181,0.0094883,0.010419,0.024086,0.010765,0.013773,0.012738,0.016695,0.010672,0.0027232,0.0047386,0.014719,0.0059469,0.0099462,0.11045,0.013486,0.014579,0.029065,0.011878,0.014671,0.011105,0.0005707,0.00016273,0.00085127,0.00082593,0.0054782,0.0043458,0.0077622,0.0030385,0.0047589,0.0013032,0.00057637,0.0023863,0.0082219,0.093808,0.050696,0.046561,0.0017243
3,0.0053149,0.0013181,0.0015307,0.0021733,0.0030855,0.016484,0.0086638,0.0022316,0.015995,0.0067596,0.0035525,0.0036283,0.0072733,0.0027407,0.0025907,0.0014901,0.0010936,0.00081777,0.0029707,0.0054111,0.0025277,0.0037886,0.0012033,0.00098574,0.0014648,0.0016294,0.0011748,0.000271,0.00092532,0.00082836,0.0018823,0.0015311,0.0033961,0.0087001,0.0081722,0.0070986,0.0030088,0.003148,0.0010645,0.00075196,0.00066703,0.00091194,0.0014742,0.0015332,0.002154,0.0034339,0.0028041,0.00070278,0.00045212,0.0015434,0.0012846,0.0020657,0.0026318,0.0054143,0.0084608,0.0073944,0.0062568,0.0022513,0.0013759
3,0.030988,0.0012908,0.0011047,0.00064792,0.00046576,0.00029461,0.0003974,0.00020792,0.00051235,0.0018438,0.0014588,0.0098835,0.0073182,0.0023898,0.0093678,0.0060203,0.005396,0.0016431,0.00062482,0.0004895,0.0013135,0.0020258,0.0011237,0.00070404,0.00040156,0.00056481,0.00043842,0.00032739,0.00016712,0.00028521,0.0003399,0.00034173,0.00042794,0.00083964,0.00085968,0.00065127,0.0004696,0.0008242,0.00089134,0.00067799,0.00035048,0.00059777,0.00058292,0.00021168,0.00087023,0.0011775,0.0022222,0.0034499,0.0068787,0.0010678
3,0.32781,0.22672,0.096099,0.013352,5.0186e-05,0.00070407,0.00027938,0.00052344,0.001974,0.012188,0.039088,0.068242,0.068222,0.019499,0.015478,0.0072278,0.0030861,0.0039691,0.014755,0.016869,0.015696,0.0098415,0.0069104,0.016937,0.04687,0.0059229,0.004755,0.0087053,0.019106,0.026083,0.025772,0.016103,0.0080152,0.012474,0.025194,0.021312,0.038606,0.057995,0.0082449,0.00382,0.0072922,0.0055883,0.0061119,0.0019008,0.0050727,0.0041019,0.0056394,0.013932,0.0081887,0.0018314,0.0034013,0.0047944,0.0022533,0.00010281,0.00016969,0.00019556,0.0018698,0.0078774,0.012369,0.022325,0.045861,0.027333,0.014691,0.0082231,0.0062258,0.0039436,0.0022423,0.00012352
3,0.0012155,0.00020148,0.00040564,0.0006241,0.00019284,4.2325e-05,0.00053191,0.00041709,0.0047611,0.0045227,0.0037974,0.0038395,0.0041513,0.0044424,0.0028135,0.0042956,0.0023881,0.0024176,0.0013178,0.0012855,0.0015446,0.0033641,0.0023765,0.0024117,0.0015914,0.0016427,0.0008459,0.0035647,0.0018538,0.0016163,0.0019958,0.0021262,0.0024729,0.0024478,0.0014023,0.0017369,0.0030244,0.0008173,0.0010786,0.0025885,0.0019566,0.0029527,0.0058781,0.0093983,0.0032319,0.0036673,0.0045717,0.0061495,0.00073737
3,0.062457,0.00041206,0.00020494,0.00049476,0.00079183,0.00038133,6.3298e-05,0.00013458,0.00054519,0.0007035,0.0016971,0.0033239,0.0070979,0.0050931,0.012715,0.013829,0.01518,0.003061,0.0043758,0.023566,0.016784,0.061876,0.026349,0.019904,0.02072,0.008586,0.0064462,0.0040742,0.0054227,0.0010983,0.00013936,0.00041118,0.0010229,0.0022126,0.0019062,0.0027717,0.0074939,0.010835,0.011344,0.0044073,2.7176e-05,0.00011498,0.00020125,0.0019803,0.0027304,0.0055168,0.0031346,0.0044277,0.071451,0.060786,0.19446,0.048163,0.052697,0.0037256
3,0.10189,0.0054742,0.01582,0.011138,0.0047063,0.003598,0.0026553,0.00030501,4.0194e-05,6.6037e-05,0.000521,0.00031841,0.001756,0.0055008,0.012733,0.0078087,0.025948,0.002584,0.0022323,0.0084966,0.016469,0.023971,0.02749,0.026992,0.0064823,0.0073033,0.024008,0.10479,0.067911,0.027076,0.013547,0.0045,0.0016891,0.0093334,0.082193,0.081044,0.070295,0.010379,0.0045222,0.0030123,0.0036725,0.0032089,0.0026455,0.0041031,0.0054031,0.0017751,0.00012041
3,0.001263,8.6495e-05,0.00072557,0.00030145,0.00019201,0.00021229,0.00056787,0.000347,0.00073642,0.001108,0.0018705,0.00040503,0.00097675,0.0013229,0.0022073,0.00075762,0.0016425,0.0021803,0.0047444,0.0012313,0.0010231,0.0053423,0.0030856,0.0027123,0.0048459,0.0040013,0.00083055,0.00042125,0.0001156,0.00053745,0.00038602,0.0015073,0.00080437,0.0015701,0.0020538,0.0021748,0.0011923,0.0020262,0.00068951
4,0.45209,0.2941,0.26754,0.12505,0.070481,0.10393,0.049627,0.017995,0.0037379,0.0066514,0.0079916,0.015953,0.027185,0.046399,0.038823,0.015132,0.0057059,0.00022048
4,0.078475,0.15054,0.1406,0.10893,0.059396,0.017935,0.017905,0.0081732,0.0054374,0.0016597,0.0021747,0.0092068,0.0078594,0.0094453,0.013408,0.0092695,0.00028443
4,0.0048055,0.0090727,0.0047779,0.036095,0.024797,0.015517,0.016606,0.0077145,0.022297,0.010786,0.013827,0.019103,0.019284,0.012012,0.010099,0.0052752,0.0049215,0.0016581
4,0.095574,0.11768,0.17286,0.32194,0.049662,0.059508,0.073032,0.033331,0.0090846,0.0023055,0.010331,0.0058902,0.015082,0.020673,0.018902,0.0082515,0.0050157,5.0381e-05
4,0.13552,0.17725,0.10067,0.10179,0.024447,0.028571,0.0099887,0.0039338,0.0012631,0.0055198,0.0063554,0.004313,0.007736,0.0071799,0.0010734,3.0937e-05
4,0.0095745,0.019692,0.015853,0.014709,0.0066385,0.071798,0.08106,0.060854,0.01993,0.046354,0.012252,0.016213,0.038572,0.038174,0.016286,0.0017109,0.00095875
4,0.14883,0.024897,0.025863,0.023708,0.11795,0.046267,0.023124,0.025549,0.02363,0.026714,0.1404,0.22392,0.1562,0.10238,0.033858,0.011901,0.0031296,0.00083183
4,0.29216,0.19898,0.25572,0.076793,0.013255,0.030033,0.028285,0.025152,0.019258,0.0091361,0.0080912,0.0010949,0.00023911,0.00016759,0.0003424,1.2928e-05,1.1628e-05
4,0.054122,0.0015056,0.014144,0.027619,0.017707,0.0059255,0.0049072,0.039588,0.033894,0.048639,0.061808,0.023129,0.0060931,0.0057817,0.0059574,0.0013243,0.0013599,0.00060081
4,0.045146,0.05988,0.099778,0.078331,0.10354,0.05324,0.044539,0.041992,0.033654,0.041611,0.016872,0.015056,0.015858,0.0043551,0.0024656,0.00068267
4,0.1035,0.045551,0.049235,0.074976,0.014045,0.0064451,0.0046356,0.0048271,0.0047851,0.03199,0.045041,0.062488,0.0099538,0.0097196,0.0024151,0.00021875
4,0.0019998,0.0057257,0.0040507,0.017091,0.073309,0.033695,0.024475,0.011738,0.010929,0.011568,0.025234,0.070265,0.053122,0.0090623,0.0053855,0.0029015,0.0012112,0.00037888
4,0.0056789,0.0042667,0.0093642,0.0055602,0.0032501,0.0057643,0.0076517,0.005589,0.0063859,0.011187,0.012203,0.013828,0.0092537,0.010513,0.0017892,0.0034596,0.0040219,0.0025253,0.0040659,0.0044527,0.00069557
4,0.056148,0.023664,0.031752,0.021322,0.020326,0.051511,0.050805,0.08351,0.14347,0.14976,0.11226,0.061997,0.038115,0.032967,0.021404,0.0079068,0.0073621,0.0050759,0.0041947,0.0015852,0.00022771
4,0.013338,0.0071781,0.0020544,0.0085987,0.007309,0.0043569,0.011863,0.015147,0.011195,0.016953,0.008849,0.0049521,0.0053645,0.0065824,0.0054412,0.0020307,0.00024432
4,0.22461,0.021289,0.04377,0.035909,0.17813,0.11934,0.13428,0.33515,0.38348,0.12767,0.06719,0.084273,0.1341,0.082016,0.15682,0.19413,0.11829,0.09213,0.078056,0.00081447,0.00057797,0.00035865,0.00020042,0.00097951,0.0032379,0.010927,0.1553,0.20273,0.33231,0.5053,0.30734,0.058124,0.00070016,7.6621e-05
4,0.080758,0.16544,0.1707,0.14535,0.088125,0.056878,0.039702,0.081429,0.25622,0.31235,0.39523,0.28939,0.35806,0.084319,0.060498,0.04828,0.036425,0.023687,0.0050977,0.0016205,0.004177,0.0059776,0.016015,0.022782,0.020473,0.0075748,0.0086552,0.010294,0.016086,0.028211,0.054076,0.00179,0.0002086
4,0.021588,0.076383,0.09334,0.061662,0.032944,0.041684,0.10532,0.36774,0.33011,0.35164,0.29179,0.14629,0.025778,0.027053,0.023505,0.017917,0.053651,0.021173,0.0097303,0.015713,0.017087,0.019514,0.0082486,0.007535,0.0094433,0.0090638,0.0074415,0.0080056,0.0074368,0.0068439,0.0010602
4,0.011134,0.019003,0.011817,0.10162,0.058188,0.034575,0.023536,0.044621,0.08917,0.15923,0.28669,0.17156,0.22551,0.075241,0.053995,0.11396,0.11405,0.22168,0.06441,0.016375,0.0070918,0.011506,0.0063321,0.018739,0.0099875,0.0092469,0.011576,0.010998,0.0049905,0.0041289,0.0035127,0.0011457
4,0.068757,0.10496,0.15768,0.12451,0.032394,0.057003,0.057831,0.11466,0.090451,0.051486,0.0329,0.03901,0.055252,0.056101,0.087234,0.11377,0.16662,0.01741,0.022076,0.023347,0.0071747,0.010776,0.039742,0.049246,0.033452,0.041995,0.021201,0.016281,0.02077,0.013041,0.0011539,0.00038838
4,0.10584,0.0095615,0.019618,0.091962,0.17736,0.12031,0.06872,0.060787,0.030334,0.028617,0.049919,0.050203,0.02037,0.032157,0.021014,0.01351,0.0082541,0.0087171,0.0024402,0.0029675,0.00031196
4,0.012907,0.0060824,0.02516,0.012298,0.04549,0.028235,0.0055218,0.0088238,0.010779,0.0021805,0.0030657,0.0057738,0.038502,0.020261,0.012096,0.0095329,0.0045521,0.0030041,0.00016564
4,0.17143,0.088211,0.17547,0.10393,0.087253,0.041636,0.0077729,0.0046038,0.0041716,0.0036531,0.003956,0.0022898,0.0025928,0.0029633,0.00091581,0.00089842,0.001149,0.0018504,0.00023174
4,0.017067,0.00069774,0.00089383,0.0044337,0.0079911,0.031238,0.14547,0.20082,0.24059,0.23547,0.017805,0.045579,0.01819,0.011605,0.0086144,0.021267,0.011206,0.010024,0.0068259,0.010933,0.0081571,0.0043907,0.0039757,0.00012718
4,0.043716,0.013017,0.0099111,0.016317,0.0067025,0.0092854,0.02749,0.10883,0.093956,0.10348,0.082741,0.027111,0.016225,0.011344,0.018176,0.0069326,0.0062472,0.0075132,0.005347,0.0076237,0.0043003,0.0055751,0.0049949,0.0042581,0.00015227
4,0.029594,0.0062822,0.0061923,0.039442,0.051455,0.02745,0.042614,0.10314,0.11234,0.076952,0.018383,0.0076767,0.0061242,0.0095292,0.021473,0.041216,0.035972,0.03677,0.01512,0.0047841,0.0016427,0.00050649,2.3951e-05
4,0.021265,0.0074444,0.0012683,0.0025525,0.0022433,0.0053881,0.067806,0.087158,0.039395,0.038277,0.012361,0.0061029,0.0024141,0.002024,0.0012779,0.00058798,0.001024,0.00047483,0.001154,0.0020833,0.0032516,0.0015903,0.0014209,0.00091804,0.00040501
4,0.02047,0.0042278,0.00056032,0.0025023,0.0049273,0.0033653,0.0062236,0.0029444,0.0070938,0.036432,0.023362,0.040487,0.012829,0.020631,0.039464,0.081739,0.029897,0.081196,0.012911,0.017164,0.0078608,0.0041948,0.0047007,0.0022149,0.0012549,0.00044722,0.00049516
4,0.0029022,0.001749,0.0018508,0.0021602,0.03096,0.10222,0.24562,0.18451,0.24713,0.18349,0.029962,0.0063835,0.0057994,0.0014019,0.0022764,0.001825,0.0019001,0.0038758,0.0020574,0.0034632,0.0015718,0.0011745,0.0012351,0.0010436,0.0020481,0.0011766,0.00034994,8.9726e-06
4,0.12706,0.039434,0.050989,0.08721,0.10172,0.038237,0.052489,0.028255,0.017603,0.0090337,0.0082438,0.0067959,0.015451,0.013733,0.040112,0.065768,0.0555,0.055179,0.040229,0.069762,0.032011,0.046103,0.019566,0.010354,0.0018033,0.0016681,0.00048618
4,0.13943,0.061809,0.039886,0.087211,0.075518,0.075432,0.10814,0.17064,0.12448,0.17381,0.2433,0.32896,0.24642,0.34535,0.15043,0.051649,0.067905,0.10269,0.063137,0.11285,0.15887,0.20838,0.22631,0.069714,0.03088,0.0093553,0.0065548,0.00063579,0.00078474,0.00015795
4,0.11098,0.076273,0.058922,0.04791,0.055812,0.054172,0.12784,0.090213,0.11642,0.10528,0.12444,0.052629,0.058684,0.023438,0.082081,0.024821,0.028086,0.028104,0.037225,0.027974,0.053749,0.028018,0.04567,0.030126,0.039982,0.023194,0.0083143,0.0048246,0.0017297,0.0012092,0.00027503
4,0.10941,0.064335,0.029645,0.020651,0.016175,0.020057,0.015144,0.0088943,0.010022,0.0099104,0.0086156,0.0044415,0.023549,0.021088,0.05624,0.05838,0.027063,0.041947,0.018604,0.015854,0.0089724,0.003137,0.0018767,0.0026533,0.0024876,0.00098827,0.001717,0.00029154
4,0.049404,0.0049418,0.0036439,0.00832,0.024236,0.014269,0.024156,0.017018,0.019243,0.023628,0.051659,0.019052,0.0053597,0.0011243,0.0022996,0.003259,0.002662,0.0027068,0.0093393,0.0047555,0.005454,0.0038978,0.0025821,0.0012929,0.0040107,0.0019729,0.0022538,0.0025406,0.0029436,0.0019553,0.0035528,0.0033717,0.012646,0.010232,0.0034306,0.00033368
4,0.069196,0.0062828,0.0014554,0.03796,0.053319,0.21777,0.34853,0.37476,0.19856,0.079534,0.057546,0.072117,0.057022,0.063053,0.031395,0.019908,0.034222,0.055976,0.028372,0.012609,0.0085868,0.0042543,0.014622,0.014627,0.035126,0.046458,0.031815,0.043152,0.036682,0.022361,0.025448,0.035287,0.029403,0.037236,0.018361,0.0047302,0.0038338,3.8658e-05
4,0.037789,0.0031631,0.00067825,0.0029321,0.0051594,0.0065947,0.015541,0.018494,0.020283,0.017269,0.033548,0.032089,0.02686,0.025537,0.0044235,0.010422,0.011608,0.0090771,0.013382,0.03064,0.0061034,0.014851,0.013337,0.014039,0.0080171,0.015235,0.0031111,0.017004,0.026212,0.019855,0.013014,0.0067027,0.0047746,0.005357,0.0044947,0.0024688,0.0011463,0.0023128,3.5404e-05
4,0.031465,0.0082552,0.0051179,0.094268,0.10378,0.13678,0.15097,0.1129,0.11277,0.039541,0.036374,0.012668,0.009277,0.0044807,0.00094271,0.0028872,0.018393,0.022995,0.021295,0.013134,0.011605,0.0063394,0.0022182,0.0025729,0.0053177,0.01776,0.0083518,0.028034,0.019807,0.0081878,0.010266,0.0078508,0.0026542,0.0016288,0.00090278,0.0003608,5.488e-05
4,0.0041159,0.0020253,0.0036277,0.0060864,0.020315,0.021388,0.017003,0.0077707,0.030255,0.0093305,0.0066782,0.0074225,0.0097232,0.0086701,0.0055359,0.0020424,0.0047959,0.0068084,0.0036528,0.0066874,0.0061452,0.0028215,0.0010313,0.00074883,2.2624e-05
4,0.059885,0.032703,0.02245,0.008364,0.052124,0.018686,0.019638,0.071708,0.11721,0.016587,0.057165,0.0324,0.018679,0.011419,0.010365,0.00079412,0.0032814,0.0099503,0.031374,0.070397,0.060123,0.12606,0.060166,0.040111,0.012753,0.0017487,0.00025186
4,0.15632,0.015098,0.095538,0.047776,0.048654,0.03178,0.061165,0.042459,0.16195,0.20929,0.030042,0.12817,0.1558,0.071965,0.12151,0.12739,0.026308,0.10301,0.13221,0.082999,0.061748,0.10323,0.11113,0.05509,0.05455,0.021597,0.011359,0.005256,0.00018546
4,0.0045334,0.0064843,0.0037883,0.0033939,0.0066013,0.0040598,0.0067859,0.0032725,0.0056007,0.0036479,0.0014437,0.0037512,0.0068251,0.005326,0.0028133,0.0051611,0.0033205,0.0028044,0.0071602,0.0392,0.01969,0.011089,0.018734,0.012054,0.0016432,0.0022429,0.00092223
4,0.20984,0.18996,0.15097,0.13372,0.053361,0.034974,0.041919,0.061662,0.052227,0.037799,0.098321,0.082725,0.072916,0.067412,0.081487,0.0067836,0.0085701,0.014239,0.014186,0.010744,0.012047,0.0032821,0.0011489,0.00013964
4,0.0092023,0.019992,0.023001,0.054329,0.054443,0.051042,0.02223,0.027581,0.0079037,0.020197,0.023126,0.011305,0.013443,0.001146,0.0033217,0.0033949,0.0028403,0.0049303,0.007097,0.0032567,0.0016192,0.00059852
4,0.060259,0.051285,0.016106,0.04204,0.043278,0.051377,0.042904,0.045026,0.012085,0.011074,0.011658,0.010907,0.012263,0.004349,0.0030777,0.00081239,0.00061985,0.0027957,0.0086379,0.004765,0.0070355,0.0048017,0.0060629,0.00017951
4,0.012264,0.0073158,0.01142,0.014744,0.020603,0.022613,0.020411,0.038504,0.033133,0.075892,0.04474,0.1377,0.082638,0.01633,0.0024403,0.015603,0.013771,0.015721,0.024217,0.027396,0.0030913,0.00065958,0.00028467
5,0.16772,0.063256,0.13897,0.20817,0.33004,0.43614,0.16781,0.11171,0.064925,0.13093,0.29523,0.19506,0.14473,0.080577,0.041507,0.013161,0.00052064,0.010272,0.021972,0.0072667,0.015426,0.026913,0.002916,0.0025918,0.00041955,0.0002194,3.0618e-05
5,0.017293,0.072217,0.34371,0.24459,0.21757,0.039153,0.036598,0.010708,0.0023061,0.00036547,0.00026042,0.0007246,0.0018112,0.0041984,0.042556,0.076067,0.034834,0.016145,0.0010875
5,0.0016878,0.0015247,0.0032114,0.014589,0.081478,0.093157,0.042814,0.0042248,0.0044799,0.0098034,0.0084613,0.017596,0.0080702,0.0043953,0.00025643,0.00014594,0.00093063,0.001554,0.0060171,0.024895,0.0088524,0.010585,0.0052895,0.00053613
5,0.00047675,0.00027911,0.0072194,0.0045009,0.0039005,0.014323,0.036781,0.086413,0.071181,0.060914,0.09764,0.17283,0.045343,0.035767,0.10043,0.080323,0.069413,0.17157,0.23443,0.06039,0.090177,0.080858,0.011669,0.00051773,0.00038524
5,0.3729,0.16141,0.37715,0.26641,0.15881,0.046816,0.30136,0.089811,0.10012,0.35414,0.28935,0.2032,0.21296,0.16857,0.022241,4.7757e-05
5,0.0022419,0.00027387,0.0051512,0.036174,0.063041,0.093459,0.033367,0.035209,0.02921,0.032699,0.062292,0.1677,0.20859,0.10414,0.082045,0.028849,0.10202,0.027015,0.017066
5,0.0014094,0.0029835,0.00057939,0.00044074,0.0044319,0.038271,0.14297,0.22062,0.040196,0.0031162,0.029903,0.025742,0.28097,0.31233,0.39855,0.12359,0.06171,0.024451,0.0085128,0.0079503,0.0036593,0.0036292,0.0061296,0.0068894,0.0064339,0.015072,0.012967,0.02153,0.034201,0.04934,0.0043589,0.0042742,0.00053633
5,0.0088444,6.5278e-05,0.00079742,0.0015799,0.0037331,0.061499,0.19813,0.10063,0.04076,0.034103,0.017022,0.02841,0.075889,0.15641,0.22239,0.19085,0.093879,0.013167,0.0067338,0.0027297,0.0033461,0.00038536
5,0.00048385,6.5848e-06,0.00021625,0.00067988,0.038742,0.065178,0.1031,0.033356,0.0070976,0.0030617,0.037279,0.04363,0.060296,0.050764,0.098273,0.056474,0.072836,0.11172,0.039321,0.029443,0.046379,0.084799,0.055583,0.1129,0.13222,0.20731,0.088746,0.058078,0.036399,0.0051972,0.0047366,0.0016542,0.0016263,0.001701,0.0020918,0.0018743,0.0027027,0.005271,0.0049473,0.0054918,0.0047666,0.00091938
5,0.00035118,0.00084975,9.7736e-06,0.00051279,0.0036979,0.021704,0.0601,0.14814,0.098939,0.13557,0.19773,0.11815,0.15318,0.26467,0.23935,0.18513,0.1203,0.060402,0.077671,0.061774,0.11389,0.10936,0.086912,0.0050513,0.0317,0.026901,0.014658,0.017561,0.0064811,0.013398,0.0088467,0.014056,0.026998,0.032268,0.013098,0.028224,0.042447,0.015282,0.039711,0.02741,0.016748,0.009751,0.0057967,0.017164,0.021528,0.029882,0.013883,0.047806,0.012195,0.0047453,0.00051079,0.00025998
5,0.19437,0.13001,0.045245,0.051852,0.025512,0.060373,0.022613,0.014965,0.01486,0.040444,0.03233,0.059817,0.074665,0.050613,0.071484,0.027283,0.032029,0.019548,0.13858,0.23087,0.14048,0.14884,0.045276,0.007719,0.004148,0.0055084,0.0048339,0.00067836,0.0042955,0.0022852,0.0018703,0.0018327,0.001719,0.00064082
5,0.003681,0.0035947,0.02693,0.076426,0.10079,0.13606,0.12124,0.045028,0.032284,0.045539,0.021673,0.0055696,0.008791,0.24968,0.16806,0.43592,0.45833,0.42517,0.13645,0.04732,0.094277,0.088424,0.055908,0.12844,0.077162,0.13513,0.46436,0.3926,0.050947,0.065108,0.010312,0.0028803,0.017816,0.026228,0.023486,0.023138,0.048669,0.00032245
5,0.020322,0.015513,0.046536,0.040505,0.072895,0.028647,0.12313,0.28564,0.3092,0.55807,0.22465,0.24466,0.15395,0.060203,0.030021,0.0298,0.021377,0.017322,0.030599,0.014511,0.025486,0.019748,0.027947,0.0073072
5,0.017428,0.0035765,0.0011605,0.00098102,0.0012623,0.0037225,0.015135,0.035839,0.086649,0.10656,0.073627,0.023865,0.019727,0.13953,0.13712,0.12076,0.21688,0.017452,0.0016909,0.0013067,0.0065708,0.0099247,0.014751,0.016755,0.0085991,0.0029714,0.0066289,0.0043138,0.0016278,0.001092,0.00020447
5,0.00074845,0.00030018,8.4254e-06,0.00057355,0.00048602,0.00010597,0.0016859,0.0044826,0.00099581,0.01853,0.046033,0.10836,0.21378,0.32221,0.18469,0.020106,0.0066426,0.025326,0.011893,0.0062281,0.0018756,0.0033095,0.0019357,0.00073855,0.0019597,0.003093,0.0022213,0.0048993,0.0080438,0.0074777,0.00030915
5,0.00077653,0.0092084,0.020746,0.038777,0.10133,0.11851,0.011014,0.0028023,0.00075972,0.00032533,0.0017216,0.0032147,0.010189,0.027076,0.019845,0.024456,0.03893,0.010502,0.003959,0.0050562,0.024629,0.021899,0.07733,0.082264,0.10798,0.04229,0.011237,0.0022036,0.0018001,0.0033483,0.0010937,0.0038321,0.0042726,0.0048173,0.011119,0.0079205,0.024712,0.058584,0.014452,0.00075424,0.0017238,0.010814,0.0063693,0.020025,0.045328,0.056808,0.022705,0.031493,0.0556,0.11377,0.078954,0.12119,0.077546,0.1019,0.020287,0.00069969
5,0.043327,0.0094413,0.031,0.082193,0.083403,0.32245,0.26526,0.27857,0.11959,0.086812,0.041813,0.10644,0.061836,0.13311,0.14003,0.021374,0.0016687,0.022811,0.10396,0.16771,0.16132,0.12654,0.25057,0.051642,0.077401,0.037021,0.16473,0.079787,0.03138,0.045582,0.048281,0.0065978,0.036871,0.067724,0.055811,0.06822,0.1355,0.14413,0.094097,0.08638,0.023574,0.052379,0.068254,0.030015,0.070067,0.063972,0.01716,0.002442,0.003008,0.00086734,0.0006064
5,0.017057,0.0045359,0.003504,0.0092025,0.0058819,0.012886,0.0038626,0.0033807,0.0085775,0.032362,0.040394,0.069948,0.083181,0.0036163,0.0037046,0.0064954,0.0079495,0.010791,0.029758,0.033103,0.015286,0.0076437,0.040228,0.0059897,0.0017024,0.0027427,0.0048957,0.00097519,0.001313,0.010058,0.0051406,0.064963,0.2589,0.33886,0.12119,0.10807,0.078521,0.028293,0.064309,0.025708,0.020198,0.0079944,0.0029866,0.00099063,0.00082617,3.5857e-05
5,0.028951,0.093811,0.0094184,0.17266,0.17736,0.2585,0.16446,0.10889,0.050084,0.013568,0.021968,0.024024,0.061548,0.094954,0.10292,0.092679,0.035045,0.0014099,0.0043472,0.014338,0.037289,0.011149,0.0097549,0.021005,0.04082,0.0097798,0.0064722,0.0090286,0.025945,0.11073,0.1721,0.2996,0.21932,0.09364,0.024412,0.0064497,0.0019104,0.00024228
5,0.25406,0.012563,0.035824,0.026458,0.12289,0.024392,0.015196,0.018056,0.019254,0.021661,0.0080107,0.017184,0.017278,0.012799,0.01475,0.0012837,0.001111,0.0092975,0.013827,0.015787,0.013877,0.10829,0.064097,0.036507,0.029228,0.015109,0.00157
5,0.11989,0.065417,0.37846,0.62216,0.26288,0.096045,0.057413,0.044797,0.035683,0.043548,0.1739,0.21283,0.075413,0.045645,0.10864,0.072177,0.31221,0.43576,0.58478,0.078597,0.030327,0.015783,0.0098035,0.059055,0.013531,0.018022,0.027137,0.0023215,0.00019508
6,0.0070118,0.0099647,0.015627,0.012177,0.005934,0.0083304,0.00024229,7.9646e-05,7.433e-05,0.00011789,0.0002316,0.00098958,0.0047352,0.0037823,0.00066526,0.00010843
6,0.067077,0.074019,0.091467,0.34792,0.25649,0.24624,0.30321,0.21322,0.061453,0.035868,0.0061771,0.0093209,0.026262,0.060126,0.086809,0.056009,0.072669,0.039756,0.00059353
6,0.012198,0.012781,0.015652,0.011539,0.0033567,0.0011654,0.00038136,0.00024414,0.00019185,0.00093766,0.0011768,0.0059768,0.011048,0.012512,0.00038378
6,0.0066489,0.014313,0.011888,0.023816,0.031495,0.044605,0.023296,0.0047073,0.0025369,0.0011645,0.023556,0.30861,0.46607,0.93074,0.9849,0.42804,0.010908
6,0.096423,0.26383,0.2516,0.35767,0.23271,0.11252,0.0601,0.028274,0.0035156,0.00067588,0.0030232,0.0020553,0.0099286,0.0069144,0.018313,0.0010167
6,0.3071,0.29997,0.49059,0.2142,0.017454,0.011682,0.031713,0.059077,0.078507,0.099422,0.13516,0.15615,0.11849,0.026174,0.002207,0.0016028
6,0.0017368,0.0010615,0.0015581,0.00061064,0.00070616,0.0090314,0.0037319,0.0049268,0.011659,0.043102,0.010988,0.003001,0.0033803,0.0034935,0.0019619,0.00044229
6,0.043928,0.086513,0.28529,0.30257,0.020036,0.047393,0.063884,0.02863,0.004939,0.0049942,0.0035253,0.0079206,0.0052755,0.0033456,0.002664,0.0025628,0.00067393
6,0.022325,0.0029762,0.0034551,0.0014245,0.018666,0.013212,0.013252,0.010375,0.0095245,0.0041189,0.00033796,0.00014643,7.4185e-06
6,0.043813,0.064115,0.050026,0.031181,0.013578,0.0083847,0.0088125,0.0022074,0.0068437,0.008893,0.0084224,0.012835,0.0092471,0.012441,0.0002954
6,0.19562,0.058181,0.070691,0.14541,0.11667,0.094967,0.2304,0.15676,0.11809,0.10268,0.14181,0.033315,0.0082634,0.0051302,0.0012248,0.00021731
6,0.035987,0.024418,0.0047754,0.021453,0.03839,0.017929,0.015557,0.012478,0.0047228,0.028215,0.022828,0.021322,0.01715,0.015353,0.010994,0.0004776
6,0.017838,0.065233,0.10179,0.28459,0.26465,0.48227,0.31792,0.25645,0.22399,0.037191,0.038446,0.20219,0.37081,0.62465,0.4933,0.085282,0.020814,0.063723,0.033295,0.064199,0.055738,0.073893,0.022879,0.035457,0.005501,0.00037832
6,0.011917,0.0014954,0.10475,0.11033,0.051431,0.040066,0.026567,0.029377,0.036526,0.1215,0.083498,0.048428,0.06018,0.063699,0.11907,0.086977,0.0303,0.00061432,0.0020218,0.0023628,0.00092846,0.0010006,0.0044076,0.0068848,0.0037214,0.0042783,0.014278,0.0037161
6,0.031676,0.013453,0.017461,0.021457,0.01394,0.0064687,0.037739,0.067741,0.054646,0.025104,0.0073948,0.0036324,0.014443,0.048632,0.047035,0.019003,0.0082197,0.042435,0.039627,0.05881,0.075336,0.024075,0.005263,0.01854,0.012233,0.012584,0.0098961,0.011991,0.0022389,0.0073181,0.0029421,0.0035669,0.00042815
6,0.148,0.11837,0.09059,0.11643,0.061305,0.049834,0.11109,0.10303,0.090156,0.029781,0.076398,0.11992,0.088633,0.029504,0.060834,0.17269,0.061318,0.13299,0.11169,0.056267,0.089459,0.058359,0.036915,0.14661,0.050531,0.0085358,0.0096723,0.0080879,0.0034423,7.9211e-05
6,0.0048497,0.0020767,0.0002655,0.00073819,0.0022609,0.0014982,0.00012204,0.00026029,4.5412e-05,8.3496e-06,6.6727e-05,0.0019164,0.0018616,0.0024944,0.0027347,0.0066894
6,0.11621,0.040926,0.040924,0.13695,0.14757,0.16699,0.17877,0.34906,0.25507,0.044874,0.13479,0.15992,0.14975,0.30545,0.48934,0.25281,0.060754,0.011926,0.0022865
6,0.007077,0.009718,0.25127,0.41468,0.34129,0.33782,0.33915,0.10019,0.067602,0.070752,0.040986,0.0042956,0.0010412,0.00040797,3.4548e-05
6,0.026826,0.027623,0.075488,0.18145,0.049909,0.015752,0.005948,0.0031595,0.00055994,0.00060625,0.0023394,0.00092177,0.00032729,0.0020264,0.0034572,0.00037593
6,0.27178,0.20024,0.17132,0.1769,0.083208,0.11417,0.11245,0.21042,0.22821,0.31623,0.32914,0.31311,0.15157,0.24632,0.22182,0.15143,0.18709,0.1008,0.044783,0.026714,0.0064563,0.011619,0.0055945,0.010793,0.0072111,0.0050796,0.0012126
6,0.0024645,0.00041699,0.00032251,0.0016495,0.058495,0.12554,0.36264,0.40946,0.090897,0.065053,0.015193,0.0025368,0.0031544,0.003095,0.0020065,0.031487,0.011756,0.023702,0.023397,0.052169,0.0094632
6,0.031061,0.022845,0.11197,0.053427,0.24387,0.25117,0.10888,0.34233,0.15595,0.0050996,0.0085738,0.0083807,0.0064388,0.007949,0.0089785,0.010766,0.0034288,0.0023606,0.0024385,0.0017998,7.6181e-05
6,0.030798,0.0047504,0.0016062,0.0074226,0.0062322,0.28264,0.42565,0.24584,0.18015,0.35826,0.0079567,0.0051911,0.0042707,0.0034333,0.0095048,0.014466,0.015468,0.013769,0.010767,0.015289,0.0048343,0.024533,6.9151e-05
6,0.0045548,0.006192,0.0085175,0.0085682,0.17935,0.019213,0.16534,0.09763,0.12856,0.047884,0.028575,0.0018913,0.016113,0.013459,0.0035003,0.0043708,0.0037385,0.0083285,0.0058609,0.027029,0.029653,0.014616,0.0032181,0.047977,0.00055937
6,0.18205,0.10328,0.19238,0.36174,0.092619,0.10887,0.096899,0.043628,0.04865,0.024466,0.072125,0.014745,0.071648,0.03143,0.012307,0.016609,0.00023836,0.0065651,0.01393,0.020104,0.048963,0.0248,0.0079135,0.0085965,0.0018977
6,0.0011068,0.00026228,0.00015499,0.0008241,0.0064099,0.035401,0.051812,0.070182,0.015539,0.014417,0.0025239,0.0016369,0.0010062,0.0013223,0.0033939,0.0068503,0.023252,0.020389,0.0091273,0.0025435,0.0038677,0.00026604,0.00031302
6,0.057656,0.014822,0.025369,0.033038,0.039085,0.010406,0.025725,0.032669,0.021899,0.032302,0.036473,0.016271,0.098926,0.21914,0.13397,0.16774,0.13991,0.011749,0.0047263,0.031016,0.022895,0.033717,0.056928,0.032373,0.058692,0.049787,0.06373,0.079802,0.083193,0.10262,0.065143,0.0068991,0.0013873
6,0.11174,0.27635,0.29229,0.21708,0.16632,0.076656,0.054535,0.080991,0.15554,0.079491,0.13266,0.070945,0.12044,0.11513,0.12489,0.042247,0.14375,0.33518,0.12508,0.098154,0.057688,0.051511,0.023424,0.065459,0.082705,0.041005,0.06623,0.1669,0.14974,0.090315,0.060122,0.012641
6,0.0012696,0.0018406,0.0011823,0.0029526,0.0029528,0.02731,0.013853,0.018181,0.0039771,0.0034153,0.00061157,0.0021269,0.00070977,0.00028493,0.0006275,0.00040878,0.00092933,0.0023978,0.020251,0.036297,0.036701,0.02041,0.01979,0.0018239,0.014325,0.0015513,0.0006878
6,0.015994,0.12337,0.24566,0.33814,0.25749,0.23896,0.0069532,0.033303,0.017199,0.073003,0.1482,0.18333,0.16292,0.3047,0.15908,0.27527,0.26828,0.24191,0.12113,0.20238,0.11557,0.052594,0.0044951,0.0077447,0.0013708
6,0.0036578,0.0023304,0.0023541,0.0018006,0.0036614,0.002226,0.0015076,0.00076752,0.0011121,0.00062253,0.00027788,0.00046971,0.00064234,0.00079911,0.0014337,0.0018728,0.0030386,0.0027624,0.0028968,0.0024253
6,0.13844,0.090516,0.12786,0.20918,0.21401,0.24062,0.079506,0.04395,0.0084327,0.0071102,0.010996,0.017222,0.050489,0.066061,0.038787,0.03122,0.043587,0.040717,0.057001,0.060801,0.045557,0.02452,0.027993,0.0090921,0.0045116,0.0018543,0.0028457,0.00043703
6,0.0022175,0.045891,0.20508,0.1472,0.18835,0.13005,0.025538,0.049573,0.055258,0.059884,0.23991,0.47749,0.24129,0.35415,0.4403,0.2371,0.22549,0.20903,0.11149,0.0021207,0.0096824,0.038886,0.031996,0.021253,0.022284,0.008495,0.0005961
6,0.25488,0.14593,0.087988,0.058513,0.013672,0.016723,0.010172,0.0079176,0.005768,0.026338,0.037689,0.06143,0.03776,0.053211,0.01885,0.013558,0.0013207
6,0.5,0.31405,0.23772,0.10246,0.043129,0.033303,0.029947,0.035626,0.093107,0.17681,0.11423,0.097013,0.061702,0.028816,0.028982,0.13652,0.087009,0.034693,0.062786,0.01378,0.00025258
6,0.0037142,0.00041276,0.0003993,0.0008875,0.0002903,0.00067927,0.00069874,0.00047048,0.00033569,0.0017285,0.0034044,0.0051681,0.00039005,0.0011236,0.014873,0.0009294,0.00090405,0.0012032,0.017348,0.0038886,0.0036791,0.0059811,0.0078011,0.00045777,0.00014808
6,0.012697,0.0026596,0.0020642,0.0013715,0.016146,0.0093138,0.0023265,0.0041785,0.0016807,0.00046994,0.00020447,0.0029901,0.0035695,0.0012843,0.0010859,0.014299,0.024892,0.0018954,0.0060108,0.0025459,0.00032212,0.00054096,0.0010635,0.0046143,0.0026383,0.006226,0.0081334,0.0022822,0.0026604,0.00020449
7,0.060411,0.037238,0.011465,0.036218,0.02112,0.011199,0.011831,0.012393,0.0036186,0.00051542,0.00093359,0.0010965,0.0018006,0.00075297,0.00028033,0.00050313,0.00035546,0.00027111,9.851e-06
7,0.02843,0.039325,0.027524,0.025978,0.0087628,0.0010118,0.000924,0.00085574,0.00048736,0.00022505,5.1647e-05,3.6448e-05,6.9905e-05,0.00044998,0.00033917,0.00090965,0.0014916,0.0025721,0.00082651,0.00029484
7,0.0246,0.097685,0.094105,0.10544,0.43413,0.15705,0.06587,0.071524,0.033895,0.011406,0.0040936,0.0015281,0.0054437,0.018286,0.022123,0.040873,0.061417,0.07948,0.016009,0.00017374,2.8865e-05
7,0.23352,0.078499,0.0090353,0.013456,0.0062039,0.014131,0.0028249,0.0020206,0.0015925,0.0044131,0.0061177,0.0035889,0.016386,0.019641,0.0062086,0.0035938,0.0041492,0.0012221,0.00064465,0.00022342,0.0001969
7,0.061529,0.0029875,0.004927,0.016575,0.095903,0.061655,0.0055487,0.014297,0.026537,0.035898,0.021057,0.048436,0.099417,0.09091,0.0074665,0.0025971,9.8275e-05,3.2388e-05
7,0.098445,0.03281,0.016972,0.0080649,0.0023469,0.0093575,0.005286,0.0036597,0.0081039,0.050017,0.032189,0.02202,0.0202,0.002115,0.0012563,2.4112e-05
7,0.30887,0.089611,0.27482,0.033911,0.0094437,0.010427,0.032466,0.021114,0.059675,0.047385,0.048205,0.0049841,0.0032098,0.0017721,0.0010761,0.00036928
7,0.010273,0.00074598,0.0020348,0.0044786,0.0083393,0.012111,0.0054958,0.003396,0.00086985,0.0010737,0.0034754,0.0075389,0.0071522,0.0034736,0.0011234,0.00041299,0.00029289,0.00010303
7,0.061724,0.081173,0.0043157,0.0022162,0.0021848,0.00064163,0.00032258,0.00080099,0.0030229,0.0086982,0.025833,0.012313,0.0075208,0.0018071,0.00058101,0.00014717
7,0.16328,0.0065458,0.0037815,0.017105,0.0014908,0.0013553,0.0071626,0.0048687,0.0043181,0.0094156,0.0070209,0.0052506,0.0081085,0.02288,0.0107,0.0075924,0.0077472,0.007136,0.0012236,0.00059756,1.0262e-05
7,0.33015,0.049921,0.012398,0.008162,0.0063712,0.0093334,0.0036799,0.0047949,0.0063098,0.0026834,0.0011841,0.0013624,0.0015649,0.0011368,0.00089061,0.00023038
7,0.1928,0.060934,0.040326,0.040535,0.064921,0.09222,0.088897,0.053532,0.017949,0.005897,0.0051519,0.0028617,0.0039783,0.0035179,0.0053742,0.0087963,0.0030672,0.00062759,0.00042757,0.00047637,0.00025146,0.0001018,4.5257e-05
7,0.10299,0.12792,0.14191,0.26746,0.099022,0.071004,0.12962,0.14063,0.16212,0.21491,0.15063,0.071184,0.12126,0.13109,0.098187,0.12859,0.091388,0.12113,0.0702,0.0097314,0.0032199,0.017264,0.0069799,0.0061885,0.012209,0.059738,0.13428,0.14638,0.06339,0.042711,0.014648,0.015474,0.01953,0.012385,0.012986,0.013623,0.0032076,0.0012749,0.00039211
7,0.012521,0.0005506,0.0010524,0.018788,0.02619,0.085706,0.034836,0.01345,0.0039226,0.0071589,0.0063601,0.01215,0.031782,0.048171,0.061633,0.065879,0.11574,0.03325,0.049003,0.088424,0.31063,0.20569,0.18761,0.028876,0.009511,0.0083915,0.018092,0.018839,0.01244,0.0104,0.063237,0.041569,0.011706,0.014285,0.016463,0.0080159,0.008025,0.013221,0.014196,0.00089533,0.0018866,0.00043357
7,0.039901,0.043857,0.03004,0.023046,0.0063072,0.0061607,0.013162,0.013402,0.032276,0.02185,0.019876,0.0052972,0.012109,0.0064985,0.0056423,0.0041047,0.0036871,0.007182,0.011343,0.0096242,0.0024547,0.0032362,0.0044696,0.0020801,0.0043767,0.0030871,0.0017927,0.0022536,0.0026305,0.0028445,0.0030901,0.0035203,0.0030103,0.00022489
7,0.00067089,0.00080155,0.0011754,0.0030493,0.0021003,0.0013367,0.00097374,0.0014036,0.00089409,0.013215,0.054639,0.10034,0.010962,0.0020638,0.00052659,0.0011094,0.003056,0.0023518,0.0033206,0.0023542,0.0012047,0.0012044,0.0021172,0.0078001,0.014171,0.010257,0.00031022,0.00024595,0.00034646,0.00098557,0.0010373,0.0021228,0.0026024,0.0021486,0.0036272,0.0037393,0.0052663,0.0038805,0.0049602,0.00051448,0.00015634
7,0.0060336,0.0023227,0.0031411,0.0062695,0.0027724,0.0015925,0.0010439,0.0035006,0.0029192,0.0080584,0.0073768,0.010495,0.014649,0.0084373,0.008363,0.011446,0.0053209,0.0049524,0.0028213,0.0014152,0.0031453,0.00657,0.0037818,0.016343,0.0032893,0.0021744,0.0011645,0.0016067,0.0016655,0.0018102,0.0017519,0.0021054,0.0010814,0.00025451
7,0.060735,0.082897,0.10037,0.048489,0.011763,0.021056,0.02679,0.045387,0.049032,0.063215,0.060679,0.048214,0.042795,0.024729,0.015443,0.028665,0.022964,0.0426,0.056981,0.014778,0.027697,0.02049,0.013718,0.022053,0.038948,0.043478,0.061429,0.074087,0.023356,0.022509,0.024203,0.0076944,0.0024019
7,0.092088,0.0034101,0.0017907,0.010727,0.0079499,0.0091517,0.023109,0.0074201,0.0032002,0.024325,0.029121,0.015317,0.015405,0.016786,0.013127,0.0041313,0.0025689,0.0014997,0.004026,0.00084328,0.0092755,0.0031866,0.0075504,0.0059484,0.0023199,3.4907e-05
7,0.3512,0.21836,0.043315,0.020175,0.011557,0.004175,0.0051099,0.0076825,0.001777,0.001966,0.0031858,0.0024203,0.0036219,0.0057249,0.0046194,0.0018633,0.00058681,0.00132,0.0028092,0.00013893
7,0.60471,0.12514,0.18498,0.0454,0.067087,0.084465,0.05066,0.036637,0.078106,0.076309,0.074864,0.065741,0.043002,0.0055292,0.0068702,0.0082891,0.020066,0.0029515,0.002607,0.0013124,0.0014677,0.0015622,0.0011579,0.00022718
7,0.25814,0.044535,0.062708,0.046792,0.058401,0.01569,0.020915,0.001928,0.0012597,0.00046874,0.00023615,0.00031326,0.00020596,0.00014205,0.00025697,0.00025107,0.0003251,0.00020779,0.00079981,0.00097131,0.001351,0.00088072,0.0001648
7,0.041201,0.012601,0.01136,0.0083591,0.0055753,0.0052701,0.0017991,0.0015354,0.001013,0.0016393,0.0015463,0.0033658,0.023275,0.030734,0.040587,0.038558,0.045843,0.0061565
7,0.043585,0.01089,0.0088158,0.0044986,0.00097139,0.0008049,0.0021817,0.0024229,0.0094429,0.033955,0.047509,0.06424,0.0732,0.19474,0.078646,0.0040213,0.0031095,0.0052575,0.02592,0.0078074,0.0034019,0.0021728,0.0016616,0.00026738,0.00047833,0.00039536,0.002369,0.0078349,0.0055461,0.0040013,0.0081367,0.0038481,0.0017036,0.0018029,0.00041195
7,0.14884,0.11709,0.04782,0.027536,0.024922,0.044856,0.037786,0.053418,0.013241,0.010026,0.0036869,0.0060364,0.01261,0.010915,0.032456,0.019995,0.018836,0.015167,0.0080473,0.0043686,0.00043435
7,0.0078694,0.005861,0.002118,0.0025832,0.0015355,0.003811,0.0022478,0.0039618,0.0017476,0.0033959,0.0044149,0.0038442,0.043914,0.028491,0.0049158,0.018825,0.0039745,0.013214,0.0046777,0.003222,0.0062845,0.0018187,0.00061148,0.00080122,0.00043203,0.00019275,0.0001014,3.4738e-05
7,0.11856,0.074242,0.028214,0.012862,0.049973,0.016335,0.028659,0.040071,0.11473,0.089139,0.07712,0.070636,0.006725,0.0067696,0.0082756,0.011418,0.0027503,0.0052644,0.0028408,0.0016366,0.0035444,0.0052127,0.0084853,0.0031589,0.0068246,0.00044589,8.6055e-05
7,0.066828,0.046394,0.0097814,0.012084,0.0089068,0.01313,0.014259,0.010069,0.03457,0.060092,0.062246,0.065057,0.064889,0.027655,0.031597,0.03963,0.12248,0.13335,0.085588,0.058958,0.079384,0.1269,0.075783,0.027189,0.026834,0.037612,0.062439,0.082235,0.055012,0.055071,0.034896,0.030261,0.0010919,4.3681e-05,1.6609e-05
7,0.026267,0.02795,0.011451,0.050226,0.084353,0.0088085,0.01843,0.043602,0.020849,0.055203,0.028408,0.007118,0.0017355,0.0014393,0.0025026,0.0030191,0.0023736,0.0057466,0.0051558,0.015445,0.0042085,0.0070013,0.0045502,0.0043348,0.0031445,0.0048418,0.00063997
7,0.13322,0.061236,0.0079854,0.0029181,0.0051454,0.0069719,0.018723,0.0089084,0.015851,0.013556,0.0067236,0.0056579,0.0058211,0.0073408,0.0058987,0.0045989,0.004816,0.0040092,0.012721,0.023928,0.014516,0.0080712,0.0094282,0.032776,0.026202,0.048676,0.025282,0.0054939,0.0018703,0.0048181,0.0015923,0.0015603,0.0016916,0.0010482,0.000258,0.00081256,0.00069203,0.0026836
7,0.18152,0.035393,0.0032384,0.0010658,0.0010988,0.0020238,0.00058077,0.0026364,0.026269,0.011338,0.0091052,0.015055,0.0064758,0.0058262,0.0029393,0.0034154,0.013585,0.011786,0.021731,0.012006,0.012225,0.0049915,0.00045289,0.00083857,0.0014892,0.0072798,0.016348,0.01872,0.024464,0.011441,0.0067585,0.0027723,0.0030696,0.0047576,0.0019607,0.0010474,0.0015157,0.00056376,0.00054577
7,0.1238,0.00037787,0.00011637,0.0035898,0.025173,0.084414,0.1054,0.20408,0.081178,0.046468,0.035172,0.013912,0.00083189,0.00040352,0.0013316,0.029817,0.046232,0.081178,0.1118,0.061284,0.0044043,0.00911,0.0021183,0.10666,0.075406,0.024996,0.030003,0.1277,0.014758,0.015378,0.016377,0.013738,0.0077841,0.0075675,0.0063147,0.003041,0.0038599,0.0010767,0.0005562,0.00017024
7,0.020114,0.0014997,0.00054102,0.00032247,0.00028193,0.00039306,0.0010732,0.0015814,0.0013428,0.0055207,0.017842,0.0067634,0.0057813,0.0026646,0.0037087,0.0082645,0.0036459,0.0040889,0.0049513,0.0040133,0.00041956,0.0021149,0.0013094,0.00073548,0.0010951,0.0006932,9.0632e-05,0.0016908,0.016788,0.017149,0.026287,0.045336,0.018487,0.010073,0.0097724,0.0086085,0.0057522,0.0068801,0.00074962,1.9822e-05
7,0.021153,0.0018856,0.00024208,0.00037726,0.0011225,0.00079046,0.0027076,0.0012892,0.0023166,0.0011433,0.0018493,0.0032397,0.0016776,0.0010728,0.0022395,0.0041171,0.0023961,0.0019509,0.0028018,0.0048664,0.0066669,0.0029508,0.0021063,0.0017476,0.00065782,0.00093372,0.0012997,0.0022008,0.0033277,0.0035087,0.0051172,0.011455,0.010561,0.011151,0.0067988,0.0029199,0.0016577,0.0022666,0.00085102
7,0.079577,0.0014646,0.00056907,0.0008843,0.0098181,0.01216,0.0037277,0.0059817,0.0038537,0.020191,0.0026483,0.010241,0.019681,0.0062032,0.0069939,0.0099027,0.0067876,0.00030891,0.0013212,0.0025463,0.00075573,0.00061141,0.00042851,0.00027965,0.00026297,0.00096625,0.00055143,0.0013356,0.0016239,0.0013587,0.0038673,0.0083518,0.025697,0.0060517,0.0081296,0.0018998,0.0026438,0.0039483,0.0084687,0.0042207,0.0025229,0.0027184,0.00082588,0.00047277,0.00047353,0.0002504
7,0.0093399,0.0042044,0.012458,0.0081534,0.0089552,0.0083525,0.0077821,0.0044749,0.0067455,0.0070782,0.0044577,0.0023012,0.001792,0.0036208,0.0058483,0.0033997,0.0061559,0.02976,0.052492,0.032614,0.012615,0.023165,0.0097158,0.0031079,0.0030834,0.00074002,0.001028,0.00075593,0.0015407,0.00079919,0.0035535,0.011672,0.0083164,0.011209,0.0055854,0.0066095,0.0048021,0.005894,0.0036222,0.0035836,0.0057226,0.0041635,0.0011356,0.00057803,0.0005299
7,0.040853,0.012097,0.0033377,0.035898,0.024169,0.0097698,0.019752,0.056976,0.040577,0.016463,0.019727,0.011919,0.006732,0.011032,0.00059458,0.0014249,0.022759,0.03993,0.059649,0.0752,0.027413,0.010755,0.003133,0.0012686,0.0017176,0.00056008
7,0.12549,0.28199,0.062192,0.086214,0.010343,0.075631,0.010592,0.018054,0.014088,0.015012,0.019734,0.0012019,0.0017029,0.0010611,0.0018669,0.0015273,0.002887,0.00099029,0.001928,0.002799,0.0058594,0.014416,0.0042874,0.007806,0.021273,0.020417,0.0096594,0.0066166,0.0044901,0.00060742
7,0.21527,0.011445,0.0012052,0.00078423,0.0012475,0.005054,0.037351,0.065738,0.029825,0.033835,0.10462,0.086523,0.00080362,0.0084749,0.0090978,0.017255,0.021345,0.030016,0.012977,0.0096244,0.0051287,0.0014019,0.00036103,0.00019013,0.00042233,0.0010538,0.00657,0.0086311,0.013827,0.023439,0.012869,0.016069,0.0094091,0.0084088,0.0031703,0.0046516,0.0024175,0.00086434,0.00025693
7,0.02735,0.00021905,0.00065212,0.0023061,0.0022288,0.0015261,0.0036195,0.0025876,0.00090903,0.0026628,0.0083343,0.0047606,0.0016021,0.00022975,0.00012066,0.00029095,0.00021462,0.00054457,0.0003035,0.00038644,0.00068214,0.00079742,0.0017319,0.0024135,0.0032565,0.0047636,0.005189,0.0057184,0.0025895,0.0057768,0.0021829,0.00098846,0.00066403,0.0012844
7,0.097274,0.000929,0.0073436,0.0071112,0.0098095,0.0065787,0.0042518,0.0032558,0.0063271,0.009235,0.0037185,0.00053789,0.0091651,0.011383,0.018448,0.021298,0.016796,0.021496,0.032528,0.0014976,0.0014004,0.0012529,0.0029391,0.0032957,0.002585,0.00093432,0.00032504,1.3157e-05
7,0.034935,0.015104,0.010072,0.011916,0.017677,0.022966,0.030327,0.024153,0.011414,0.0055904,0.0040916,0.0045193,0.0037521,0.0056584,0.0011379,0.00082544,0.0014106,0.0036882,0.012758,0.0088224,0.0076146,0.0019012,0.0029005,0.00034441
7,0.10555,0.061677,0.04739,0.038766,0.0024763,0.0045157,0.0082383,0.0068379,0.0094849,0.0077108,0.0042479,0.0053541,0.0079279,0.0072607,0.001092,0.00075204,0.0030912,0.0042911,0.0099798,0.00765,0.0093003,0.001477,0.00080875
7,0.012094,0.0030299,0.00078698,0.00044831,0.0014595,0.0013693,0.00060579,0.00034527,0.00028273,0.00050561,5.7206e-05,0.00014287,0.00014386,0.00034498,0.001657,0.0013006,0.0017995,0.0053453,0.0093548,0.022369,0.0095085,0.0022436,0.0015925,0.0013449,0.00053489,0.00095337,0.0013464,0.0023781,0.001901,0.0016677,0.00082627,0.00038431,0.00015413,1.9052e-05
7,0.2736,0.16231,0.05584,0.059457,0.059629,0.017177,0.0064545,0.010637,0.015649,0.0029505,0.0084812,0.006383,0.019546,0.083048,0.31482,0.35539,0.22192,0.1442,0.056863,0.035843,0.0018094,0.0034797,0.0011508,0.00049774,0.0002967,0.0069292,0.0036226,0.0038741,0.0033662,0.0043489,2.1804e-05
