1,0.00010946,0.00012812,0.0001055,9.5999e-05,0.002419,0.0015871,0.0042639,0.0027863,0.0015374,0.0036776,0.0044761,0.0069333,0.016238,0.048649,0.0086166,0.0059589,0.003474,0.0028155,0.0050604
1,0.00029086,0.00052381,0.00085671,0.00036708,0.0010731,0.0015163,0.00035579,0.00039997,0.00025277,0.00013847,0.00042489,0.00087181,0.00024027,0.00043035,0.0002523,0.00029237,0.0024645,0.006579,0.3743
1,0.12452,0.11618,0.0033052,0.00075992,0.0003237,0.00016289,0.00020602,0.00010734,0.00012087,0.00014423,0.00010199,5.3781e-05,5.3907e-05,0.00013133,0.0018992,0.0029922,9.5342e-05,0.0012861,0.00025733,0.00023391,0.0064024,0.0088856,0.015185
1,0.00015993,9.2899e-05,6.5009e-05,4.9312e-05,5.7886e-05,2.8861e-05,6.0092e-05,8.4914e-05,0.00023066,0.00034037,0.0001361,0.0003459,0.00010197,0.00070339,0.00025325,0.00016432,0.00026685,0.0020338,0.0011932
1,8.4415e-05,0.00049219,0.00056727,0.00031678,0.00015868,0.00019496,0.00019644,0.00039921,0.00033273,0.0020986,0.0012879,0.0019881,0.00026583,0.00052682,0.0010924,0.10245
1,9.5289e-05,0.00021383,0.00080005,0.00031376,0.00015582,8.0352e-05,4.329e-05,7.1067e-05,0.00030881,0.00020834,0.00060909,0.0010373,0.0017322,0.00068523,0.00048456,0.00061438,0.00031588,9.0144e-05,9.2993e-05,0.0011045,0.0042991
1,5.4926e-05,0.0051461,0.0010323,0.00011199,7.7406e-05,9.7015e-05,0.00042315,0.0001586,0.00056918,0.00085032,0.0013405,0.0010602,0.0013091,0.0011121,0.0022448,0.0043998,0.0044792,0.0018
1,0.00027102,0.074551,0.054758,0.0018699,0.00184,0.0011024,0.0021235,0.0014194,0.00073397,0.00089306,0.00080614,0.0067831,0.0031938,0.0040776,0.0032704,0.0030905,0.0011021,0.0055486,0.0052536,0.002386
1,6.8623e-06,0.015975,0.00048572,2.4651e-05,0.00014849,0.0001337,0.00021712,0.00061261,0.0014552,0.0034382,0.011104,0.025528,0.0049456,0.0016443,0.00206,0.0025918,0.13974
1,0.00049765,0.00014394,0.00022997,0.00025812,0.0003747,0.00058692,0.00042505,0.0010938,0.0065922,0.0012791,0.001757,0.00088466,0.0001975,0.00018314,0.00019861,0.00031891,0.00095547,0.0030299
1,0.00010952,4.2344e-05,0.00020998,9.1706e-05,5.979e-05,0.00019501,8.2504e-05,3.9336e-05,0.00022815,0.0010774,0.0008759,0.0010301,0.00079122,0.00097442,0.0026202,0.0022974,0.0065443
1,0.0004285,0.00065716,0.00067617,0.0018295,0.0018674,0.0034914,0.00088523,0.00084635,0.00061071,0.00016116,0.00012684,0.00027054,0.0007368,0.0013115,0.0014175
1,0.00015866,0.00015552,0.00016175,0.00036057,0.00049689,0.00042082,0.00038305,0.0010142,0.00041971,0.00022417,0.00030599,0.00023178,0.00027535,0.0012258,0.0028167,0.049051
1,2.3833e-05,1.9078e-05,1.7951e-05,0.0001196,0.00061042,0.0004041,0.00047917,0.00014914,0.00079213,0.0015766,0.0013071,0.00077541,0.00054521,0.00023193,0.0010789,0.0011603,0.0011187,0.0008204,0.0025836
1,1.34e-05,1.089e-05,1.3072e-05,0.00012314,0.0006216,0.0016382,0.0015951,0.0022641,0.0036195,0.0042773,0.0024151,0.00049013,0.00028137,0.00014078,0.00035381,0.00034774,0.0008483,0.0035951
1,0.0011229,0.0011224,0.0011252,0.00083249,0.00048591,0.00042456,0.00048919,0.0010536,0.0033903,0.001792,0.0029944,0.0011564,0.00054857,0.00019741,0.00010769,0.00015857,9.1339e-05,0.00010964,9.0122e-05,6.3335e-05,0.00020454,0.0022288,0.0018176,0.0029766,0.00028363,0.00026183,0.00018761,4.3115e-05,4.4472e-05,0.00037862,0.0018578,0.00061054,0.00063645,0.0012413,0.00084471,0.053302
1,0.0016023,0.010974,0.0023576,0.00099825,0.0012053,0.0014691,0.00045856,0.00024876,0.0016775,0.0011905,0.00033106,0.0015,0.00032478,0.00014992,0.00017878,7.7939e-05,2.8934e-05,8.5451e-05,0.00018902,0.0013237,0.0040709,0.0022733,0.00052417,0.0045887,0.0028199,0.00082607,0.0008335,0.0029437,0.0029415,0.0018681,0.00057206,0.0039418
1,0.00032562,0.00021556,6.5969e-05,3.2771e-05,2.2045e-05,4.8001e-05,3.7148e-05,6.4028e-05,0.00017041,0.00023424,0.00023441,0.00036321,0.00035377,2.5336e-05,1.9865e-05,4.1591e-05,2.6468e-05,5.1455e-05,0.00057968,0.0013038,0.0027247,0.00030983,0.00092283,0.00042887,0.00014932,9.6471e-05,5.6255e-05,5.0294e-05,5.6879e-05,0.00060651,0.0013854,7.4446e-05,7.8328e-05,6.9542e-05,0.00027734,0.0002488,0.00024198,0.00048489,0.00035837,0.033777
1,3.4823e-05,5.0334e-05,4.2253e-05,4.0765e-05,6.4059e-05,6.8976e-05,3.7307e-05,0.00011439,0.00017413,0.00028063,0.00028171,0.00080667,0.0011677,0.00031431,0.00037567,0.00019287,0.00012277,0.0001209,0.00081103,0.0011274,0.00039222,0.0002782,0.00096017,0.00026618,0.00013998,0.00039614,0.0012488,0.0010029,0.00063077,0.0011779,0.0013036
1,0.011912,0.0088623,0.00077315,0.00015563,0.00013487,4.5426e-05,0.00010843,0.00029747,0.00084142,0.00069008,0.00032062,0.00014138,0.00012032,0.00010681,0.00013926,0.00016774,0.00030956,0.00018776,0.00086105,0.0041201,0.011127,0.2896
1,0.00039359,0.0041965,0.0034082,0.0044198,0.065183,0.012072,0.013007,0.00016773,0.00021524,0.0019112,0.00049599,0.00064652,0.00049926,0.00036132,0.00018356,7.4211e-05,0.00013814,0.00023532,0.00019003,0.00059682,0.00062128,0.00055168,0.00092909,0.025326,0.018662
1,0.00079304,0.0013544,5.9804e-05,2.1668e-05,4.3701e-05,8.9056e-05,0.00024871,0.00034876,0.00066184,0.00026946,0.00013035,4.6919e-05,1.4589e-05,1.302e-05,6.167e-05,0.00011978,0.00052427,0.0040273,0.0050313,0.0013637
1,0.0010892,0.0090644,0.00098695,0.00067785,0.00094048,0.00078566,0.00035915,0.0012333,0.0041029,0.0031505,0.00041777,0.00044747,0.00019955,0.00017424,7.7197e-05,9.7426e-05,6.368e-05,7.5346e-05,0.00032372,0.0021339
1,0.016807,0.041561,0.013999,0.001206,0.0011755,0.00090888,0.0016555,0.0017737,0.00017452,0.00020155,0.00024824,0.00015554,5.863e-05,9.6595e-05,0.00043279,0.00043338,0.00037175,0.00024815,0.000146,6.9574e-05,8.7589e-05,0.00096872,0.016305,0.028077
1,0.0014159,0.0009384,0.0023033,0.0004462,0.00021111,2.5452e-05,2.8785e-05,2.9792e-05,0.00084285,0.0004399,0.0010069,0.00057695,0.00091184,0.00036984,0.0012065,0.00053174,0.0020005,0.0031508,0.0018701,0.00026849,0.00028859,0.00059562,0.00072555,0.0035052,0.06195
1,0.00082219,0.0017664,0.0017782,0.00066186,9.9177e-05,0.00013679,0.00044159,0.00085935,0.0017423,0.00013349,8.1666e-05,0.00020804,2.213e-05,1.7918e-05,7.2436e-05,0.00050196,0.0011825,0.0011839,0.00060071,0.00025057,0.00033732,0.00031173,0.00056254,0.0023118,0.0018849,0.0014538
1,0.00054515,0.0035537,0.0024708,0.0027795,0.00014426,0.00011574,6.4251e-05,0.00012004,0.00020234,4.1343e-05,2.8731e-05,1.3339e-05,1.7138e-05,2.0208e-05,0.00019054,0.00039249,0.002989,0.00070582,0.00077336,0.00067587,0.0003659,0.00052173,0.00023687,0.0004728,0.002657,0.0016267,0.083196
1,1.9829e-05,0.00041461,0.0028481,1.9114e-05,1.5032e-05,1.5343e-05,0.00013069,9.9587e-05,4.4839e-05,2.8266e-05,4.2167e-05,0.00012099,0.00010584,0.001574,0.0017581,0.00033039,0.00049675,0.0001794,0.00023031,0.0004073,0.00048689,0.0008325,0.0017039,0.0017966,0.0012287
1,0.00029291,0.00015152,6.7064e-05,2.0397e-05,1.7623e-05,3.4477e-05,3.947e-05,9.5995e-05,0.00016097,8.1054e-05,2.7313e-05,3.2799e-05,0.00027782,6.7216e-05,0.00041844,0.00077477,0.00044038,9.8787e-05,8.3757e-05,7.3421e-05,0.00047989,0.00027249,0.00057991,0.001187,0.0041791,0.20293
1,0.00010044,0.00013831,0.00014687,0.00053351,0.00042013,0.00039907,0.00029053,0.0010612,0.00065696,0.0012866,0.0010245,0.00087818,0.0011608,0.0029964,0.0031285,0.0040923,0.00063121,0.0001615,0.00020342,0.0001324,0.00016027,9.0106e-05,0.0007483,0.00087066,0.00097388,0.0030276,0.0025179,0.0013595,0.0010844,0.0014475,0.00084072,0.0024475,0.0015709,0.0013377,0.098668
1,0.00025517,0.00060951,0.00052404,0.0003691,0.00023179,0.00022628,0.00024343,3.5193e-05,4.2876e-05,7.1523e-05,3.0958e-05,1.5429e-05,0.00012697,5.5854e-05,0.00013878,0.00016185,9.7402e-05,6.1296e-05,2.7029e-05,2.044e-05,2.9239e-05,0.00012616,0.00059686,0.00096485,0.00014012,7.2536e-05,3.4238e-05,6.8212e-05,0.00023919,0.00032826,0.0046109
1,5.6306e-05,0.00010407,0.00053391,0.00062665,0.00039165,0.00042072,0.00034265,0.00026608,0.00032734,0.00036609,0.00083092,0.00046059,0.00012236,0.00035084,0.0003157,0.00020185,0.00016375,0.0044856,0.0034271,0.003042,0.0035913,0.0033524,0.0026788,0.0022031,0.0011831,0.00098649,0.00073118,0.0024195
1,0.0049435,0.039629,0.015583,0.0081378,0.0069217,0.0048401,0.0057988,0.0035911,0.0020287,0.0018895,0.0020812,0.0032402,0.0036942,0.00089968,0.00080586,0.00073249,0.0012113,0.0032526,0.0024892,0.0015157,0.00079387,0.0013727,0.00091496,0.00091931,0.0047705,0.0030403,0.0043304,0.0016319,0.0011729,0.0013625,0.0011895,0.067874
1,0.00051875,0.0051035,0.021194,0.006024,0.0021978,0.0082087,0.002304,0.00088544,0.00030827,0.00045763,0.00054135,0.00015568,0.00021164,0.00014953,0.00057177,0.00035978,0.00013895,0.0013736,0.0018037,0.0054277,0.0057602,0.0056581,0.0032043,0.0017055,0.00052554,9.1805e-05,0.00010627,4.8133e-05,3.8301e-05,8.7906e-05,0.00075011,0.00082575,0.0014157,0.0012749,0.00064419,0.0014076,0.00091644,0.00080297,0.057795
1,8.8734e-05,0.004191,0.0072085,0.0050317,0.0068326,0.001833,0.0034136,0.0018316,0.0017028,0.001192,0.0024729,0.0021112,0.025614,0.0058617,0.0051646,0.00827,0.0047816,0.0091037,0.0044247,0.0053171,0.00055198,0.00058198,0.00044538,0.00038623,0.000158,0.00013304,0.0021187,0.0032902,0.003143,0.001073,0.00067574,0.00055451,0.0015384
1,0.00076088,0.0027457,0.0054169,0.0026823,0.0014259,0.0028512,0.0011956,0.0020026,0.00030681,9.8213e-05,0.00016011,6.4534e-05,7.9351e-05,0.00023805,0.0003039,0.00088633,0.0062984,0.063287,0.085277,0.0041942,0.0049762,0.0075098,0.0013084,0.00021149,0.00053828,0.00022522,0.00051323,0.00041811,0.00026276,0.0027182,0.0029869,0.0025372,0.0032922,0.0024538,0.0015513,0.00085431,0.00073328,0.00050457,0.0023722,0.05408
1,0.00035231,0.00070284,0.0033489,0.00029835,0.00050683,0.0023972,0.0031253,0.002323,0.0018012,0.00079802,0.00072641,0.00031942,0.00062786,0.00058483,0.0029368,0.0014902,0.0023774,0.0021434,0.0035612,0.0031666,0.0014827,0.0019422,0.0028913,0.0020214,0.00083097,0.00059521,0.0015181,0.0010331,0.001132,0.0024263,0.0037177,0.0093518,0.013123,0.0067307,0.013756,0.0053019,0.075214
1,0.0002892,0.00053437,0.00018381,6.1746e-05,0.00015656,0.00013009,9.99e-05,8.5685e-05,6.919e-05,9.4299e-05,4.5558e-05,0.00011043,0.00011161,0.00052077,0.00074423,0.00043596,0.00077072,0.013505,0.0013938,0.0008154,0.0012326,0.0019555,0.0025196,0.0015259,0.0012778,0.00053468,0.00046608,0.00066957,0.0012217
1,6.2346e-05,0.00015407,0.00020839,0.00013293,0.00023599,0.00083676,0.00074214,0.0021181,0.0001025,3.8112e-05,1.9296e-05,3.1386e-05,2.704e-05,0.00017292,0.00041613,0.00012506,0.0001658,0.00019489,0.00023415,0.0012519,0.00086932,0.0036008,0.0019367,0.00090905,0.0016481,0.00097976,0.00039053,0.00031741,0.0018432,0.0036848
1,4.2464e-05,0.00033302,0.00014276,7.159e-05,5.4162e-05,3.1743e-05,4.7368e-05,2.853e-05,0.0005452,0.00024132,0.0003175,0.00020778,0.0002014,0.00013497,0.00028672,0.00032621,0.00024199,0.00016157,0.00022633,0.00032678,0.00038175,0.00045667,0.0016063,0.0017014,0.00048276,0.00028794,0.00074082,0.0028148
1,0.00019833,0.060658,0.00052493,0.0004582,0.00039293,0.0002801,0.00013018,0.0001264,5.8645e-05,0.0010003,0.00098498,0.00037653,0.00086524,8.971e-05,8.2163e-05,5.5074e-05,0.00030635,0.0002377,0.00029457,0.00069624,0.00085763,0.00017485,0.00074973,0.0022636,0.0010099,0.0073203,0.0054873,0.00088068,0.0015245,0.0022359,0.066764
1,5.2003e-05,0.00012477,0.00016511,0.00031216,0.0027794,0.0022062,0.0014862,0.00097298,0.0024988,0.0031839,0.0025003,0.0012419,0.00078382,0.0003444,0.00083354,0.00064562,0.00076767,0.00060434,0.00050848,0.00082692,0.0013854,0.0034966
1,0.00022514,0.0005345,0.00040475,0.00094028,0.00033434,0.00029396,0.00020898,0.0002255,0.0002236,0.00014436,0.00033997,0.00032507,0.00018848,0.00064167,0.0007622,0.0012722,0.0010941,0.00092505,0.00088027,0.0003247,0.00043812,0.0012601
1,2.5706e-05,1.8062e-05,2.8127e-05,4.4705e-05,7.4594e-05,0.00029248,0.00014071,9.2919e-05,8.2683e-05,0.00012865,0.0010307,0.0011676,0.00045651,0.0003623,0.000425,0.00025263,0.00039815,0.00072673,0.00045032,0.00065585,0.00080098,0.00064224,0.00099708,0.0025202,0.0025259
2,6.3285e-05,0.00010423,7.1386e-05,6.0025e-05,0.0013407,0.00041146,0.00039561,0.00025729,0.00038806,0.00014979,6.5034e-05,0.00011654,1.6798e-05,0.00016283,8.2541e-05,8.7756e-05,0.00093752,0.00073013,0.0084608
2,0.00011921,7.1891e-05,0.0001294,0.00015899,0.00047526,0.0014782,0.0021769,0.0081646,0.0014678,0.00015514,0.00014301,0.00012012,0.00018349,0.0010855,0.0007762,0.0045469
2,0.00036555,0.00098548,0.0012743,0.00065762,0.00037065,0.00081404,0.0010054,0.00022392,0.0002101,0.00021117,0.0001827,0.0001624,0.00037733,0.0010417,0.00048611,0.00043898,0.00033002,0.00039103,0.00034551,0.00030335,0.0020226,0.0035312
2,0.00025517,0.00014385,0.00023825,0.00069076,0.00058833,0.00012113,0.00012502,9.9089e-05,0.00014661,0.00013183,9.2537e-05,0.00015693,6.0213e-05,5.9639e-05,0.00074902,0.0019658,0.0014506
2,0.0020429,0.00079656,0.0010311,0.0017939,0.0014147,0.0013024,0.0014441,0.0014415,0.0012966,0.0023113,0.00039977,0.00049188,0.00033271,0.00015576,0.00016181,0.046962,0.00072256,0.00016123,0.00026922,0.00016965,0.00026464,0.00052739,0.00074294,0.0029351
2,0.00013637,0.00018659,0.0001241,0.00014476,0.00037773,0.00021778,0.00038312,0.00031849,0.00042815,0.00046207,9.1061e-05,0.00013742,3.5457e-05,2.7373e-05,0.00011358,0.00026202,0.00058893
2,0.00058107,0.00057112,0.00042732,0.00015374,0.00047579,0.00024282,0.00050307,0.00031663,0.00029734,0.00025689,0.0001115,8.9165e-05,7.4208e-05,0.00018961,0.00031829,0.00013798,0.00072492,0.0027904,0.0011866,0.14884
2,0.0010575,0.0036837,0.00036354,0.00030009,0.0001718,9.9071e-05,0.00010095,0.00024899,0.00011295,0.0014897,0.0028193,0.00092223,0.0015165,0.0009843,0.0010544,0.00087844,0.0010499,0.0005314,0.001441,0.0057239,0.0065011
2,7.6238e-05,9.555e-05,0.00010545,7.408e-05,3.4734e-05,7.0452e-05,8.7032e-05,0.00057236,0.0009896,0.0013424,0.00069514,0.00062664,0.0011583,0.00046838,0.00028766,0.00095303,0.0047622
2,0.00031267,0.0198,0.44284,0.027513,0.0095075,0.0019626,7.9057e-05,5.7229e-05,0.0002075,0.00018141,0.00034622,0.00058643,0.0015226,0.00027281,0.00043094,0.0015687,0.00032714,0.00046533,0.0027947,0.003311,0.0021291,0.20048
2,0.0029553,0.010622,0.0017579,0.00071643,0.00066107,0.0010258,0.00025793,0.00024761,0.00024631,0.00010971,9.5745e-05,0.00051762,0.00039377,0.00019268,0.0016897,0.0023384,0.0049167
2,8.1098e-05,0.00016851,0.00019042,0.00018461,0.00011427,0.00019603,0.00027343,0.00012532,0.0002023,0.0037206,0.0024471,0.0014695,0.0039203,0.0056769,0.010994
2,5.0534e-05,0.00071997,0.0036579,0.0065854,0.00030254,0.00076282,0.00080104,0.00063784,0.00039604,0.00044439,0.00023473,0.00016023,0.00070231,0.0016215,0.00077759,0.00048109,0.00047565,0.0022024,0.0019541
2,9.0863e-05,0.0033555,0.029112,0.10668,0.0010677,0.0009774,0.00036883,0.00029341,6.4085e-05,6.4694e-05,7.641e-05,0.00014939,0.00054081,0.00039428,0.00042486,0.00040585,0.00021239,0.0011567,0.0016059,0.00068412,0.0004396,0.0032058,0.0012328,0.0013917,0.063823
2,0.00017115,0.0001273,0.00011355,0.00010098,0.00010745,0.00088081,0.0013173,0.0027608,0.0063368,0.0060635,0.0046893,0.0016689,0.0011963,0.00058831,0.000187,0.0001647,0.00036677,0.00033392,0.054119
2,0.0027785,0.0015762,0.0016648,0.00046345,0.00055628,0.0015129,0.00067371,0.00047164,0.00027941,0.00012699,0.0001429,0.00051154,0.00040186,0.0011402,0.00064218,0.00075299,0.001014,0.00056688,0.00084172,0.0008271,0.0011047,0.0011973,0.0026628,0.00061625,0.00030892,0.00018123,0.0002161,0.00059986,0.0036501
2,0.00020437,0.00010167,0.00024949,0.0003723,0.00020282,0.0001506,0.00011926,9.5008e-05,8.3867e-05,0.00015032,0.00043166,0.0003723,0.00010213,5.7683e-05,5.9833e-05,0.00010765,0.0026291,0.0014325
2,3.5856e-05,5.4591e-05,5.779e-05,3.4267e-05,4.154e-05,8.7271e-05,4.7236e-05,4.7603e-05,4.2313e-05,0.00029417,0.092253,0.0077414,0.0046869,0.00035133,0.00082988,0.00049838,0.00073041,0.00093368,0.0019919,0.0017642,0.077574
2,0.0003244,0.00045004,0.00029529,0.00023086,0.00050328,0.00027945,0.00042778,0.00059456,0.00082669,0.00056939,0.0026445,7.3985e-05,2.8827e-05,4.2788e-05,8.1818e-05,0.00034984,0.00089594,0.00090581
2,0.0002345,0.00022141,0.00041823,0.0001982,9.3523e-05,9.3984e-05,2.2325e-05,1.6232e-05,3.4644e-05,2.0149e-05,0.0009193,6.3401e-05,3.8059e-05,2.8054e-05,3.3623e-05,0.00019271,0.00073757,0.0013293,0.00095905,0.00026373,0.00022218,6.9713e-05,0.00020632,0.00041921,0.0011101,0.00081241,0.0026507
2,0.0001622,0.00023381,0.00023357,0.00039728,0.00064267,0.00033259,0.0002636,0.00032812,0.00033203,0.00051368,0.0012931,0.00069262,0.0005213,0.0001933,0.00016284,0.00010277,7.1725e-05,5.8935e-05,0.0012205,0.00079962
2,0.00040348,0.0026678,0.00026189,0.00033043,0.00033916,0.0002278,0.0003557,0.00051717,0.001251,0.00015906,8.1608e-05,6.1212e-05,3.6147e-05,2.9635e-05,0.00036937,0.00041099,0.00029111,0.00025699,0.0013466,0.0013764,0.0032835,0.0030526,0.002011,0.00072583,2.2759e-05,3.7066e-05,0.00021089,8.5516e-05,2.3551e-05,0.00036618,0.00015962,0.00012276,0.0017246,0.0028648,0.24225
2,0.0002971,0.00060539,0.00025095,0.00017966,9.5175e-05,5.9409e-05,3.3556e-05,7.4343e-05,2.3916e-05,3.0006e-05,0.00012622,0.00048357,0.00021983,0.00018772,0.00043029,0.00027447,0.00029644,0.0019766,0.00075103,0.00012711,0.00018692,5.1177e-05,5.3678e-05,7.3509e-05,0.00041767,0.00025266,0.00036124,0.00065445,0.0010641,0.056834
2,0.0001067,0.00012639,0.00019524,0.00025456,0.00051157,0.00096467,0.000654,0.00072006,0.00067384,0.00060013,0.00096147,0.00058874,0.0002268,0.00025245,0.00021368,8.3339e-05,0.00012883,9.0178e-05,0.00021937,0.000116,0.00068279,0.0002792,0.00058274,0.00064184,0.00085198,0.00046017,0.00049785,0.0019127,0.0016459
2,0.00015762,9.0687e-05,0.00035086,0.00015752,0.00017142,0.00017788,8.6357e-05,0.00012354,0.00038086,0.00023121,0.00021362,0.00021518,0.00012136,4.627e-05,8.8712e-05,6.3301e-05,2.859e-05,0.00030837,0.00052664,0.00021902,0.00032372,0.0013963,0.00096914,0.00022193,0.00029919,0.00048511,0.00021062,0.0019573,0.0023643,0.0043046
2,0.00026499,0.00011081,0.00010053,7.425e-05,4.6712e-05,0.00046913,0.00065474,0.0012319,0.0030174,0.0015342,0.0010627,0.00068564,0.0012591,0.00068707,0.001072,0.00014202,6.9076e-05,9.9859e-05,7.4082e-05,0.00026307,0.0013721,0.0026884,0.00071603,0.00055067,0.00017458,0.00019432,1.7066e-05,9.7204e-06,1.5088e-05,7.322e-05,3.8405e-05,7.6961e-05,0.00047797,0.00052493
2,0.0011873,0.0022542,0.001754,0.002287,0.002107,0.0025091,0.0022656,0.0031367,0.0029117,0.001428,0.0015838,0.0024336,0.0022684,0.0024249,0.0026483,0.0018798,0.00059649,0.00075519,0.00081734,0.00056588,0.00055561,0.0011796,0.00030099,0.00035895,9.2482e-05,8.3828e-05,7.2253e-05,0.00011427,3.303e-05,0.00071783,0.00049032,0.00050615,0.002443,0.0025994,0.0046291,0.0051675,0.0036324,0.002148
2,0.00020726,0.00014578,0.0001867,7.0116e-05,0.00033225,0.00054801,0.00051023,0.00064836,0.00029454,0.00070069,0.00068375,0.0010548,0.00086544,0.00030948,0.00018479,0.00021871,0.00034696,0.0002416,0.0019334,0.0049016,0.0036739,0.00060875,0.00054503,0.0004703,0.00040663,3.0571e-05,0.00012775,0.00019361,0.00011452,0.00078288,0.0012217,0.0028264
2,0.00072993,0.00095558,0.0015454,0.00059577,0.00056474,0.00082674,0.0012928,0.0011309,0.00070294,0.00085609,0.00093092,0.00090947,0.0016852,0.0039476,0.0010768,0.00058385,0.00027683,0.00038908,0.00025262,0.00031642,0.00063606,0.00049199,0.001151,0.00058241,0.0006323,0.00052016,0.00091241,0.00014902,0.0002823,0.00025383,8.3664e-05,0.00016097,0.0003671,0.0016166
2,0.00024713,0.00029721,0.00065322,0.00090742,0.00086222,0.00033706,0.0001428,0.00019408,0.00033684,0.00031449,0.0023205,0.00079009,0.00078871,0.00086133,0.0011019,0.00062328,0.0019965,0.0011191,0.00019834,0.00011428,6.9705e-05,5.1451e-05,8.8121e-05,0.00018754,0.0001389,0.00020311,0.00041807,0.00039167,0.000139,0.00017402,0.00018418,0.00012698,3.1011e-05,5.683e-05,0.00013453,7.1035e-05,0.00014171,0.00081783,0.00034839,0.0010249,0.059553
2,0.0011667,0.011583,0.0021952,0.0028482,0.0015257,0.002903,0.00068056,0.0013811,0.0016452,0.00054559,0.00016713,0.00025795,0.00049037,0.00012584,3.2207e-05,2.6834e-05,2.1682e-05,3.861e-05,0.0002768,0.0019429
2,0.0024295,0.0019257,0.0043238,0.0033665,0.011995,0.0095572,0.0037599,0.0031471,0.005671,0.0026821,0.00069342,0.0010482,0.00095266,0.00034029,7.0639e-05,3.5999e-05,2.6976e-05,2.7653e-05,0.00012395,0.0021124
2,0.0015527,0.001723,0.0025169,0.0028719,0.0013195,0.00071875,0.00048948,0.00048685,0.00061569,0.0005249,0.0018877,0.0013664,0.0004653,0.00017893,0.00012386,0.00010772,6.007e-05,1.3264e-05,7.5337e-06,4.7932e-06,7.3148e-06,0.00024289,0.0021591
2,0.000826,0.0015225,0.0017173,0.00055933,0.00083839,0.0034104,0.0013736,7.3112e-05,0.00011061,0.00020987,0.00018014,0.00012912,0.00033972,0.00046787,0.00035854,8.5117e-05,3.802e-05,2.9475e-05,1.6334e-05,0.00053952,0.0020333
2,0.0011044,0.0019379,0.01116,0.00042869,0.0008529,0.0016371,0.0010543,0.0024161,0.002468,0.0024913,0.0028609,0.00036735,0.00010096,0.00012337,0.00019952,5.42e-05,2.7611e-05,1.7118e-05,8.9504e-06,4.5928e-05,0.00038364,0.00061883,0.071959
2,0.00040603,0.00079608,0.0058614,0.0070854,0.0057363,0.0019972,0.0015281,0.00013298,6.6774e-05,0.00013886,5.0739e-05,5.477e-05,0.0001926,0.00027817,0.00012747,9.5611e-05,4.9388e-05,2.975e-05,2.7485e-05,0.00013016,0.00095024,0.001515,0.04983
2,0.0013871,0.00062803,0.0026884,0.0056197,0.0039025,0.0015964,0.00046467,0.00097147,8.9463e-05,0.00034166,0.00019075,0.00011796,0.00011437,0.00016058,7.5635e-05,0.00013477,0.00010106,4.7191e-05,2.2004e-05,3.09e-05,0.0001407,0.00050399,0.00078954,0.070783
2,0.0013554,0.0036188,0.00022443,0.00017371,0.00035236,0.0004895,0.00011656,7.0873e-05,9.438e-05,0.00019622,2.8264e-05,0.00013622,0.00067486,0.00028603,0.00056489,0.001171,0.00095427,0.00015538,0.00012876,0.0003191,0.0023022,0.00073387
2,0.00065305,0.0001823,0.00018314,0.00025703,0.00058061,0.00023392,0.00035136,0.00024747,0.00013336,5.912e-05,9.3023e-05,8.5354e-05,3.6504e-05,4.8798e-05,4.4116e-05,1.071e-05,2.7296e-05,5.5357e-05,8.9405e-05,5.2738e-05,0.00017497,0.00023041,0.00018421,0.00048521,0.00050325,0.00068277,0.00035961,0.00026886,0.00014486,0.00020559,0.00055225,0.00055755,0.00062884
2,0.00082354,0.00057385,0.00058193,7.294e-05,0.00011087,9.1401e-05,0.00045547,0.00016316,3.5925e-05,7.0855e-05,6.6427e-05,1.8502e-05,0.00010537,0.00020667,6.2289e-05,0.00021747,0.00056698,0.00011931,0.00013699,2.6735e-05,6.8739e-05,0.00033224,0.0040487
2,0.00016624,0.0011482,0.00012494,0.00019022,0.0004678,0.00051537,0.00015311,3.0586e-05,3.0023e-05,0.00011451,7.1936e-05,7.5285e-05,0.00091192,0.00046706,0.00026351,8.9351e-05,6.0039e-05,9.377e-05,7.9549e-05,0.00034268,0.0016839,0.0022396
2,0.00071701,0.0025351,0.003474,0.0051173,0.00022763,0.00028579,0.00026588,0.00073179,0.00079185,0.021318,0.016159,0.0010243,0.00011926,5.9e-05,2.1743e-05,1.6073e-05,9.571e-05,0.00019061,0.001333,0.00089071,0.0016865,0.0083225,0.0028661,0.0035968,0.0006056,0.00043759,0.00023112,0.0012902,0.0015268,0.095508
2,0.00012646,0.00029351,0.0004453,0.00057781,0.00011742,0.0001476,0.00069812,0.0010601,0.0014559,0.0028745,0.0059836,0.0019562,0.00017959,0.00018888,7.6019e-05,6.4653e-05,6.5856e-05,9.7403e-05,8.5257e-05,0.00016,0.00032882,0.00015734,9.6079e-05,1.9253e-05,9.2638e-06,6.91e-05,0.00077299,0.0023197
2,9.9322e-06,4.7939e-05,0.00028932,2.3248e-05,2.7553e-05,0.00038156,0.00031598,0.00016897,0.00043993,0.00029924,8.3727e-05,9.3607e-05,0.00019565,7.7667e-05,6.0634e-05,0.00012472,8.7891e-05,0.00011261,3.3496e-05,4.0794e-05,0.00010097,0.00014674,0.0007676,0.0051535
2,0.00021021,0.00048932,0.00063666,0.00024652,0.0011285,0.00052203,0.00042245,0.00048974,0.00068296,0.00030838,0.00086754,0.00054344,0.00012609,0.00029303,0.00086922,0.0026865,0.0020194,0.00021339,0.0001688,0.00024363,5.4628e-05,6.6121e-05,6.774e-05,8.7485e-05,0.00073258,0.00079592,0.00046883,0.00011563,0.00018101,0.00037937,0.0019741,0.0028628
2,0.0026577,0.001231,0.001674,0.0024463,0.003227,0.0034803,0.007289,0.0058796,0.0036528,0.0020061,0.0013193,0.0014646,0.0039272,0.001148,0.0011715,0.0007103,0.00094083,0.0019407,0.0012676,0.00050368,0.00059094,0.00029287,0.00022264,8.2189e-05,6.4273e-05,5.6649e-05,4.1511e-05,0.00036355,0.0031075
2,5.0746e-05,0.0001628,5.7037e-05,0.00012526,0.00030528,0.000458,0.00016389,9.0099e-05,3.2002e-05,5.8063e-05,6.3448e-05,9.7069e-05,0.00062083,0.00023929,0.00044839,0.00021949,0.00012927,0.00017761,0.00039332,0.00040121,0.0016385,0.0058494,0.0025492,0.00050239,0.00061952,0.00028985,0.00058693,0.00064066,0.0014727,0.0017119,0.0035505,0.0057525,0.0030243
2,0.00059204,0.00068147,0.00026408,0.00014966,0.00074026,0.0010305,0.0012186,0.0024701,0.0023039,0.0021341,0.0011491,0.0020473,0.00083892,0.00037717,0.0027352,0.0047673,0.0058717,0.00035321,0.0010537,0.0027479,0.0044725,0.0033464,0.00035617,0.00026665,0.00021214,0.00052252,0.0010934,0.1448
2,0.0015538,0.0039584,0.0014786,0.00062475,0.00043151,0.00016397,0.00015117,0.0002202,0.015089,0.017398,0.027184,0.026399,0.017271,0.00077589,0.00039381,0.0001764,5.6792e-05,8.0871e-05,6.4415e-05,7.123e-05,7.4479e-05,0.0093195,0.00087464,0.0013196,0.0004586,2.8769e-05,2.0523e-05,4.4842e-05,4.2618e-05,0.0004054,0.00025675,0.00081268,0.0018444,0.0083933,0.0073706,0.0030108
2,0.001317,0.00077664,0.0004975,0.00025382,0.00027636,0.00015086,0.00014854,0.00085275,0.00067001,0.00047129,0.00043572,0.00031736,0.00039997,0.00059746,0.0039502,0.011565,0.0024057,0.0049668,0.0016681,0.0023311,0.0013087,0.0023058,0.0015638,0.0011372,0.0024129,0.0026907,0.084333
2,9.233e-05,0.0017071,0.0040006,0.00089901,0.0019232,0.0023803,0.0014825,0.0014552,0.0018175,0.0013737,0.0011128,0.0022902,0.0023035,0.0018491,0.0034937,0.0037113,0.0055226,0.0023535,0.00043062,0.00078964,0.00063402,0.00087422,0.0017312,0.0052726,0.0048304,0.0016418,0.002799,0.00056917,0.00047323,0.00048426,0.00044151,0.00015041,0.00089304,0.00082069,0.00046899,0.00092838,0.0011158,0.00068011,0.0013909,0.0014643,0.0024387
2,0.00013781,0.0011373,0.0047531,0.0028573,0.0021221,0.0034621,0.0011629,0.00030917,0.00023771,0.00020097,0.00012485,0.00012316,0.00026128,0.0015383,0.00049938,0.00020125,0.0010494,0.00056028,0.00098737,0.00077976,0.0007546,0.0010395,0.00048765,0.00088218,0.0010886,0.00046174,0.00016548,0.00012724,0.00019871,0.0013208,0.0011557,0.0014756,0.0011491,0.00076216,0.0013241,0.0015525,0.0036037
2,0.011485,0.0059694,0.004456,0.0013835,0.0009846,0.0012838,0.0032199,0.0025695,0.0038752,0.0072188,0.0047848,0.0017529,0.0019717,0.0068461,0.0035037,0.0033606,0.0018009,0.0043202,0.0065412,0.0060981,0.0034794,0.0021348,0.0023624,0.003595,0.0035074,0.0018061,0.0017176,0.0010165,0.00087806,0.00064881,0.001956,0.0010933,0.00065155,0.00037682,0.00058141,0.00014491,5.9157e-05,0.00036478,0.00088378,0.00024002,0.00041882,0.00049379,0.00062346,0.00064138,0.0052289
2,4.2308e-05,0.00012563,0.00097829,0.0020496,0.00057295,0.0010056,0.00035109,0.00094562,0.00050374,0.00058428,0.00074299,0.00031954,0.00020349,9.5064e-05,3.5324e-05,6.0309e-05,0.0004755,0.00029851,0.00030123,0.00015018,7.6947e-05,0.00011714,0.0002603,0.00056556,0.0011891,0.0034049,0.00012923,8.5735e-05,0.00012015,0.00028456,0.00021223,0.00018191,0.00087198,0.0013426,0.00040059,0.0002397,0.00020603,0.00013956,0.00013225,5.6574e-05,9.9304e-05,0.00010462,0.0021954,0.0029689,0.003028,0.002724,0.0060868,0.010761,0.0037992,0.0018517,0.00090993,0.0035478
2,3.8631e-05,0.00019466,0.0020635,0.0031567,0.00068869,0.00075525,0.00060144,0.00045654,0.00080825,0.0011913,0.00070694,0.00037484,0.00031732,0.00046901,0.0018371,0.00077823,0.0070849,0.00034438,0.0024437,0.00094789,0.002101,0.00135,0.0041418,0.0020126,0.0011704,0.00088398,0.00053664,0.00025503,0.00023964,0.00015018,0.001178,0.00052045,0.00037738,0.00044477,0.00054576,0.0008627,0.0005216,0.00058402,0.0021637
2,0.00057381,0.00097442,0.0014303,0.00156,0.0017806,0.0021192,0.00092118,0.000348,0.00026502,3.6824e-05,1.4908e-05,3.9958e-05,5.9274e-05,0.00020659,0.00064443,0.00075155,0.0013492,0.0028896,0.001717,0.0010366,0.0012277,0.003473,0.0032903,0.0012699,0.00076207,0.00051147,0.00061542,0.0027031,0.036577,0.005243,0.0033418,0.003817,0.0030937,0.00089202,0.00086953,0.0015489
2,0.0010683,0.0013564,0.0035474,0.0035336,0.0031783,0.0039408,0.0027434,0.0018715,0.00091411,0.00067718,0.00067297,0.00066153,0.00034088,0.0003914,0.00066221,0.0015389,0.0090127,0.00075876,0.0013984,0.0013037,0.0013933,0.00079279,0.0029072,0.0022617,0.0010149,0.00029558,0.00027245,0.00012025,6.546e-05,3.022e-05,2.5701e-05,0.00028923,0.00047526,0.00086967,0.00094266,0.0025465,0.0014901,0.00068142,0.00041968,0.00039494,0.0027585
2,0.00025706,0.0041935,0.00067564,0.00061717,0.00074329,0.0015175,0.0026152,0.0019818,0.00083713,0.00078006,0.00017885,0.00024189,0.00033469,0.00029277,0.0016083,0.0014124,0.0024392,0.0042309,0.00098813,0.00038738,0.00020338,0.00024521,0.0001108,0.0008299,0.00050906,0.00067824,0.00134,0.0046402,0.0073397
2,0.00083351,0.0011296,0.0016392,0.0031787,0.00034663,9.4821e-05,7.806e-05,0.00010538,8.1439e-05,8.5312e-05,2.7594e-05,0.00023644,0.00037903,4.8408e-05,4.3603e-05,8.3025e-05,0.00019883,0.00031682,0.00043445,0.00058564,0.00024633,0.00039994,0.00012797,0.0001355,0.00048961,0.00018691,0.00028378,0.00019624,0.00030082,0.00073287,0.0016444,0.0033565
2,9.6859e-05,0.0025752,0.00010947,7.3096e-05,2.3041e-05,4.6095e-05,5.9108e-05,6.3925e-05,4.2493e-05,7.557e-05,5.9193e-05,7.0201e-05,8.244e-05,9.3123e-05,9.6677e-05,0.0004945,7.6287e-05,0.00049367,0.0012676,0.0013017,0.00017058,3.7395e-05,1.9379e-05,1.1419e-05,0.00028955,0.0017697,0.060768
2,0.00014714,0.0044756,0.0064507,0.0050096,1.9668e-05,2.9155e-05,1.8207e-05,0.00028284,0.00080568,0.0012245,0.00026905,0.0001474,0.00010058,6.4198e-05,0.00011102,2.7947e-05,2.5073e-05,4.5193e-05,5.9627e-05,0.00010823,6.8805e-05,3.9373e-05,3.2195e-05,3.4538e-05,5.3108e-05,7.5711e-05,0.00077201,0.00030093,0.0003066,0.00028109,0.00045668,0.00030654,0.0011775,0.00080895,0.00025911,0.00069543,0.001015,0.0010711
2,0.00013189,0.00010542,0.00010244,0.00010931,9.9132e-05,0.00011207,0.00013223,9.5515e-05,0.00031604,0.00017585,0.00027857,0.00027822,0.00029404,0.00017788,0.00054606,0.00039067,0.00028087,0.00091697,0.00039317,0.00051382,0.00024737,0.00018399,0.00030512,0.0016119
2,0.0011213,0.0043153,0.0031941,0.0024302,0.0038999,0.0034742,0.0033477,0.0032538,0.0040396,0.0028445,0.0040764,0.0016871,0.00048224,0.0010985,0.00056795,0.00032177,0.00022491,0.00037517,0.00020577,0.00040803,0.0005591,0.00047751,0.00052498,0.00046853,0.00029001,0.00015714,0.00011169,0.00013695,5.552e-05,2.9975e-05,7.1967e-05,0.00053451
2,0.00095398,0.0021503,0.0015154,0.00084286,0.00077237,0.00080866,0.0011914,0.0004983,0.00084921,0.00035157,0.00045346,0.00014559,0.00037814,0.00020222,0.00043551,0.00044873,0.00019001,0.0031463,0.00040501,0.00018248,0.00012491,7.4146e-05,0.00010629,5.5715e-05,8.4689e-05,8.4631e-05,3.843e-05,3.7454e-05,1.557e-05,1.8836e-05,8.9916e-05,0.00034502,0.0010081
2,0.0011095,0.0012734,0.001127,0.00078107,0.00035749,0.00072976,0.00018883,0.00012513,0.00025293,0.00012644,6.4282e-05,3.5313e-05,5.6967e-05,0.00023218,0.0011154,0.0002866,0.00021198,6.5017e-05,3.8726e-05,2.0826e-05,1.4388e-05,3.0054e-05,8.045e-05,0.00014734,0.00078841,0.00078358,0.00054798,0.00041356,0.0003273,0.00041019,0.00022375,0.045406
2,0.00035454,0.0002466,0.00035626,0.00020062,0.00057795,0.00037778,0.0005561,0.00029057,0.00057685,0.0032548,0.0062752,0.0015336,0.0010758,0.003426,0.0025172,0.00013507,0.0003067,9.7878e-05,4.0515e-05,6.5146e-05,0.00061204,0.0021978
2,0.0032303,0.002681,0.0038233,0.0018809,0.0041714,0.0024007,0.0019655,0.0027596,0.007438,0.0031588,0.0022513,0.0029399,0.0019997,0.00092459,0.001082,0.00017811,0.00015115,6.9607e-05,0.00024215,0.00020997,0.00033744,0.00057034,0.00046782,0.00044822,0.00073644,0.0018644,0.0035776
2,0.00014802,0.00016909,0.0001733,0.00013153,0.0002434,0.00011396,4.5404e-05,6.783e-05,0.00012149,0.00010524,6.39e-05,0.00013953,0.0004359,0.00023239,0.0012676,0.0018078,0.001196,0.0018845,0.0008784,0.0010095,0.0010761,0.00066807,0.00042132,0.00027214,0.00033186,0.00032382,0.0021191,0.001103,0.0031817
2,0.00020598,0.00073722,0.00053338,0.00043921,0.00046533,0.00039798,0.00036079,0.00022007,0.00022179,0.0023324,0.0063391,0.002828,0.00071206,0.0004764,0.00043342,0.00015582,0.0002129,0.00015554,0.00042396,0.00066217,0.00052057,0.0019046
2,0.00079961,0.00087454,0.00013619,0.00011565,5.6611e-05,5.3667e-05,8.2079e-05,0.00044379,0.0016638,0.0040262,0.0017097,0.001995,0.00083422,0.00060938,0.00041424,0.0030863,0.0010853,0.0010026,0.0015489,0.0035842,0.0029811,0.0061
2,0.00029756,0.00014225,0.00016886,0.00017132,6.5331e-05,4.6714e-05,3.294e-05,2.5917e-05,2.8672e-05,0.00035915,0.0011731,0.019492,0.00077651,0.00036861,0.00022106,0.00025388,0.00049983,0.00042398,0.0028539,0.0007507,0.00091531,0.0024738,0.0021182,0.0025072,0.1229
2,0.00030754,0.00029112,0.00058761,0.00059222,0.00040162,0.00097532,0.00067689,0.00043781,0.00038004,0.0012009,0.0018662,0.0079763,0.0021886,0.0002027,0.00015971,0.00018543,7.4617e-05,6.6527e-05,0.00081619,0.0016445,0.001717,0.0010674,0.00076999,0.00048562,0.00073818,0.00028432,0.0023207
3,0.13814,0.657,0.27976,0.076986,0.12282,0.08756,0.46766,0.4265,0.17372,0.12365,0.11852,0.11603,0.20507,0.21507,0.1704,0.13513,0.01367,0.25094
3,0.010785,0.018922,0.074651,0.11294,0.35062,0.9316,0.91925,0.88631,0.87918,0.59565,0.67654,0.24196,0.13437,0.15399,0.011513,0.037297,0.26601,0.081038,0.071913
3,0.031899,0.075629,0.72345,0.60009,0.47955,0.24937,0.052638,0.11647,0.1343,0.076141,0.13741,0.11156,0.07121,0.027942,0.048873,0.10324,0.18744,0.51089,0.65864,0.57408,0.66528,0.89511,0.59527,0.83934,0.89907,0.94488,0.94066,0.89416,0.81832,0.24384,0.06518
3,0.12673,0.36939,0.23086,0.10535,0.05468,0.011097,0.026606,0.13146,0.67536,0.5613,0.41687,0.18935,0.12717,0.11336,0.11357,0.40324,0.56883,0.30314,0.47396,0.036651,0.033732
3,0.38324,0.48977,0.26527,0.031212,0.22257,0.41277,0.48464,0.36762,0.11174,0.28217,0.7541,0.4406,0.32346,0.43443,0.66635,0.5343,0.34751,0.36429,0.077173,0.01156,0.016598
3,0.35817,0.70663,0.86345,0.68642,0.67964,0.56803,0.78763,0.21384,0.11702,0.45739,0.21316,0.049095,0.051736,0.066631,0.022969,0.21174,0.2217,0.36645,0.12587,0.12559,0.40388,0.50547,0.66054,0.60223,0.62617,0.30947,0.28456,0.086232,0.018499
3,0.01111,0.0074981,0.037254,0.052327,0.11745,0.21039,0.19345,0.042631,0.094291,0.06183,0.070925,0.25745,0.22751,0.099881,0.06515,0.12491,0.15389,0.13856,0.1037,0.12834,0.074439,0.12932,0.079926,0.01847,0.017269,0.031524,0.046599,0.14508,0.18071,0.45741,0.34088,0.37149,0.83304,0.24954,0.17647,0.10186,0.080298,0.013167,0.34668
3,0.047189,0.06265,0.017889,0.012329,0.042788,0.069495,0.22912,0.31246,0.34579,0.44119,0.21699,0.095094,0.067993,0.015733,0.02111,0.11033,0.18471,0.21187,0.16158,0.18213,0.26349,0.12502,0.26613,0.21797,0.097221,0.077267,0.10389,0.26787,0.78349,0.74784,0.57559,0.5296,0.073439,0.18467,0.20417,0.25061,0.62806,0.93975,0.91861,0.92156,0.89802,0.82886,0.858,0.82249,0.94198,0.7875,0.7958,0.85209,0.43478,0.22363,0.0683,0.040256,0.06388,0.10353,0.0051428,0.0065068,0.69329
3,0.020376,0.046198,0.056065,0.12824,0.1646,0.60098,0.79123,0.75421,0.75818,0.70863,0.71642,0.79542,0.54068,0.71132,0.7417,0.86999,0.65727,0.66805,0.62634,0.19027,0.16662,0.18752,0.48121,0.63531,0.81511,0.84429,0.89793,0.77424,0.85512,0.58433,0.19352,0.18858,0.14996,0.23398,0.24369,0.19435,0.067449,0.063524,0.035657
3,0.041819,0.26923,0.41027,0.76985,0.912,0.68904,0.78065,0.633,0.5,0.321,0.5455,0.1793,0.66677,0.85983,0.88574,0.86692,0.8023,0.56376,0.47456,0.45766,0.73996,0.73935,0.91073,0.89819,0.73969,0.042585,0.027533,0.0028201,0.0025805,0.00033967,0.00071891,0.012683,0.0030979,0.10455
3,0.069453,0.79146,0.059406,0.55301,0.56098,0.69921,0.75877,0.79848,0.39468,0.67514,0.36075,0.5,0.53677,0.6373,0.52855,0.53249,0.25137,0.16609,0.31394,0.26179,0.43642,0.94747,0.93939,0.96354,0.9789,0.9675,0.73791,0.5258,0.17181,0.017011,0.01027,0.018855,0.010631,0.0050449,0.020683
3,0.10264,0.50796,0.61606,0.51834,0.50867,0.24517,0.057316,0.30728,0.29031,0.68194,0.58812,0.56895,0.39934,0.39631,0.32867,0.73608,0.79769,0.73646,0.76626,0.34413,0.25258,0.22267,0.075836,0.12511,0.57743,0.76038,0.83933,0.84867,0.94612,0.78324,0.57393,0.69824,0.6965,0.89326,0.57328,0.67897,0.48013,0.39898,0.016902,0.0072337,0.012677,0.034611,0.042102,0.0443,0.084443
3,0.018492,0.10626,0.0098729,0.0029078,0.00082464,0.0014364,0.0015587,0.013058,0.012719,0.025739,0.013362,0.0098707,0.0088462,0.0042527,0.015129,0.024211,0.060195,0.064135,0.05298,0.045489,0.043712,0.046597,0.0087846,0.010764,0.016529,0.015756,0.039613,0.020009,0.018467,0.0074786,0.0046066,0.0076101,0.021344,0.040808,0.061841,0.30534,0.27035,0.065297,0.068608,0.063428,0.04927,0.059405,0.098331,0.022372,0.043001,0.025262,0.037962,0.24244,0.11036,0.064288,0.034656,0.025367,0.0060916,0.0019406,0.0010899,0.0059389,0.0037436
3,0.45272,0.56226,0.62386,0.27891,0.11312,0.086192,0.077024,0.25104,0.65251,0.96654,0.98491,0.97838,0.9028,0.64202,0.53063,0.45766,0.33309,0.36078,0.1285,0.034841,0.044453,0.080794,0.078104,0.27003,0.10338,0.26074,0.34841,0.79713,0.67039,0.51532,0.73781,0.80274,0.077464,0.040402,0.0076986
3,0.12852,0.093557,0.07913,0.036072,0.029912,0.069265,0.17148,0.090196,0.063522,0.0777,0.10871,0.17109,0.43998,0.55914,0.61848,0.60663,0.67031,0.62171,0.25314,0.22479
3,0.021718,0.037937,0.069882,0.037948,0.064643,0.079255,0.092296,0.16363,0.18642,0.33288,0.38548,0.67331,0.54234,0.48543,0.37495,0.2561,0.3028,0.038583,0.011527,0.0094719
3,0.6668,0.90023,0.38555,0.14237,0.10275,0.4002,0.49442,0.95265,0.99355,0.99636,0.98486,0.97886,0.95368,0.98444,0.94593,0.62553,0.69719,0.63958,0.16751,0.085176,0.0091863,0.018123
3,0.5,0.44637,0.35805,0.027753,0.0032668,0.0066771,0.0071681,0.010683,0.088249,0.35605,0.65543,0.5198,0.10495,0.10276,0.084882,0.16116,0.22706,0.32783,0.26568,0.35939,0.4185,0.36202,0.31336,0.30544,0.13075,0.11453,0.09881,0.1092,0.087097,0.14822,0.20583,0.34204,0.30406,0.13092,0.06024,0.11658,0.053093,0.11403,0.1574,0.023279,0.59266
3,0.083141,0.51608,0.57024,0.015478,0.028185,0.014782,0.0088115,0.036394,0.39607,0.64744,0.70631,0.64795,0.32184,0.25701,0.257,0.2207,0.24196,0.23831,0.036547,0.022725,0.014402,0.038983,0.012284,0.49163
3,0.007846,0.027743,0.14515,0.19184,0.024474,0.0089383,0.016183,0.039213,0.02293,0.018242,0.036373,0.052975,0.057785,0.21494,0.071133,0.091422,0.064168,0.028492,0.0042241,0.001841,0.0017138,0.006302,0.0094998,0.040385,0.053431,0.021502,0.027501,0.012891,0.0087513,0.031925,0.053915,0.010275,0.0288,0.013868
3,0.0015553,0.0053094,0.01811,0.015164,0.0088295,0.010467,0.015956,0.012025,0.016217,0.056599,0.13042,0.15998,0.10999,0.084716,0.044816,0.091411,0.5121,0.16663,0.10248,0.080085,0.044916,0.047653,0.083713,0.097988,0.10088,0.083,0.06563,0.043384,0.046988,0.03107,0.12342,0.022538,0.0045887,0.001163,0.0012272,0.0008281,0.0013383,0.024577,0.066811,0.12731,0.697,0.72529,0.35031,0.37328,0.35459,0.10936,0.1253,0.081131,0.028547,0.013836,0.014269,0.16207
3,0.060817,0.20859,0.24709,0.20695,0.21889,0.07757,0.06568,0.13478,0.45983,0.23711,0.7086,0.66535,0.5105,0.68951,0.48229,0.8062,0.8876,0.94917,0.89873,0.7417,0.82186,0.35657,0.24482,0.29778,0.88796,0.76258,0.7859,0.80954,0.72638,0.74968,0.68329,0.34972,0.27893,0.084321,0.042176,0.011336,0.024066
3,0.046775,0.21886,0.2583,0.58284,0.75276,0.6701,0.49347,0.21558,0.020739,0.051982,0.16201,0.12889,0.11251,0.12898,0.12116,0.090774,0.063357,0.018618,0.0058079,0.0030382,0.077042,0.0044389,0.0050402,0.036756,0.021158,0.065016,0.21246,0.37791,0.090154,0.045362,0.11769,0.19686,0.10524,0.12806,0.15485,0.16585,0.15413,0.16517,0.18112,0.30118,0.27584,0.2509,0.25546,0.17158,0.23453,0.082457,0.042167,0.088159,0.09975,0.0078326,0.0081724,0.014973,0.012063,0.022731,0.064352,0.13078,0.17655,0.26046,0.2389,0.30731,0.037577,0.01909,0.030007,0.019463,0.12382,0.38583,0.22888,0.074503,0.20611,0.18245,0.28572,0.20066,0.019709,0.010264,0.013348,0.016312,0.0068864
3,0.015695,0.0197,0.061174,0.11062,0.18567,0.060677,0.0093731,0.018806,0.004532,0.01423,0.073471,0.12142,0.041752,0.034284,0.13334,0.10363,0.12352,0.16128,0.046527,0.060912,0.072468,0.010668,0.075732,0.11622,0.051103,0.04578,0.042103,0.042066,0.51888,0.19895,0.095812,0.040367,0.037203,0.022868,0.008045,0.0060195
3,0.31575,0.65627,0.94393,0.78755,0.94,0.89643,0.26543,0.80455,0.68361,0.60891,0.5,0.27662,0.38783,0.94775,0.88977,0.65077,0.62097,0.21526,0.28267,0.19639,0.30139,0.479,0.43831,0.41572,0.31591,0.57563,0.77745,0.89201,0.91496,0.90796,0.82304,0.80792,0.87202,0.55521,0.6195,0.78638,0.72591,0.061759,0.078659,0.045443,0.024603
3,0.13523,0.82422,0.91403,0.90873,0.85191,0.78824,0.63293,0.65158,0.64023,0.63228,0.46333,0.38853,0.60967,0.5848,0.43235,0.67818,0.87418,0.77319,0.70503,0.27446,0.279,0.25601,0.30429,0.54504,0.64523,0.53941,0.19088,0.29111,0.25181,0.11128,0.032159,0.028827,0.029809,0.010239,0.003414,0.002681,0.005735,0.0054772
3,0.0021756,0.011117,0.096396,0.05657,0.0042227,0.12594,0.041917,0.030552,0.030095,0.06942,0.030863,0.015974,0.009989,0.010962,0.064058,0.036386,0.032357,0.061304,0.032651,0.049544,0.024737,0.031371,0.037318,0.048298,0.1057,0.056633,0.047818,0.057184,0.074841,0.091281,0.042201,0.065033,0.076669,0.047637,0.035167,0.014382,0.030303,0.019894,0.020044,0.040346,0.06533,0.030711,0.036567,0.029626,0.014181,0.017115,0.024121,0.024126,0.017334,0.012272,0.0048935,0.0042187,0.018286
3,0.59751,0.66304,0.96951,0.91987,0.84685,0.35738,0.18361,0.087481,0.12248,0.10864,0.060269,0.10749,0.060583,0.11735,0.12771,0.12746,0.15197,0.17626,0.078596,0.097599,0.21681,0.20893,0.52573,0.67172,0.2396,0.1274,0.014487,0.0077338,0.027583,0.017621,0.05866,0.13556,0.91013,0.96511,0.92295,0.32902,0.29633,0.32814,0.33502,0.37448,0.43804,0.38684,0.28635,0.16129,0.15644,0.37089,0.11941,0.29224,0.24852,0.25308,0.21372,0.24252,0.22218,0.17936,0.14793,0.10973,0.13612,0.12614,0.11863,0.1184,0.63921,0.45534,0.44181,0.47983,0.47548,0.23471,0.11595,0.21573,0.2398,0.2279,0.29161,0.24196,0.31811,0.59853,0.73582,0.7269,0.42748,0.031505,0.060865,0.30537,0.13579,0.12845,0.10061,0.17077,0.11076,0.12607,0.017813,0.013653,0.0070307,0.029641
3,0.015416,0.04665,0.06903,0.047933,0.087917,0.036601,0.054536,0.049733,0.0135,0.15171,0.1502,0.093655,0.08585,0.085126,0.063365,0.10234,0.11377,0.043054,0.012457,0.016353,0.0024834,0.005792,0.001777,0.0014385,0.00062389,0.0097549,0.011192,0.0032665,0.00701,0.0084655,0.10765,0.037694,0.077124,0.047785,0.074253,0.10277,0.093537,0.093241,0.10182,0.065049,0.078983,0.083463,0.054351,0.06527,0.066026,0.030277,0.022545,0.040186,0.020976,0.020969,0.018798,0.034169,0.22462,0.11926,0.041077,0.032387,0.012977,0.01251,0.0036784
3,0.26637,0.80096,0.95329,0.96253,0.94463,0.96461,0.96975,0.96521,0.97304,0.95393,0.98402,0.61316,0.54524,0.7182,0.35679,0.49107,0.55825,0.89672,0.86566,0.94556,0.81407,0.64808,0.94085,0.97913,0.91838,0.64204,0.6691,0.91012,0.93932,0.8785,0.95581,0.90584,0.55398,0.28131,0.18681,0.061264,0.21841,0.31825,0.43341,0.50996,0.26228,0.26803,0.34142,0.63882,0.17528,0.19493,0.15746,0.059626,0.046588,0.024207
3,0.010434,0.0040783,0.0024131,0.0018825,0.0029905,0.00033446,0.00167,0.011902,0.030158,0.03711,0.10504,0.083535,0.13382,0.022347,0.0047679,0.0039989,0.0055219,0.0028714,0.052128,0.045846,0.049155,0.036162,0.18129,0.10123,0.059149,0.12535,0.10646,0.12543,0.18451,0.14137,0.12616,0.21966,0.29168,0.20977,0.12848,0.073688,0.071335,0.07621,0.050082,0.012715,0.020524,0.043926,0.028042,0.038992,0.054231,0.050919,0.0098296,0.0040305,0.0021549,0.0036712,0.0059846,0.00941,0.02,0.33114,0.088431,0.026785,0.024191,0.026318,0.027497,0.055646,0.021255,0.020067,0.014193,0.017284,0.022956,0.0048802,0.0023287,0.010749
3,0.055223,0.37072,0.090973,0.050093,0.012848,0.024196,0.0092696,0.0081184,0.041188,0.024166,0.0051919,0.0059868,0.0020196,0.0016496,0.029669,0.074253,0.095171,0.044555,0.032616,0.022595,0.024434,0.053742,0.054649,0.079924,0.042762,0.047398,0.10261,0.072067,0.054018,0.07715,0.041786,0.10376,0.084145,0.1262,0.13857,0.11048,0.062102,0.029257,0.00907,0.0072764
3,0.015858,0.18353,0.087077,0.073964,0.1749,0.33224,0.092853,0.12549,0.018597,0.046748,0.037044,0.0044961,0.0096612,0.027606,0.042401,0.096305,0.090476,0.043696,0.054551,0.076184,0.10061,0.076243,0.069411,0.061377,0.079558,0.0602,0.038357,0.026512,0.28109,0.52371,0.12917,0.040068,0.020521,0.014256,0.0049864,0.017725,0.009237,0.024571,0.07024,0.25245,0.40109,0.57982,0.29726,0.43807,0.20056,0.0373,0.011313,0.011408,0.015566
3,0.17436,0.14266,0.079854,0.17822,0.56576,0.34467,0.19156,0.41999,0.049415,0.0045209,0.0086465,0.012804,0.0060964,0.0045258,0.012069,0.060016,0.060557,0.091891,0.093659,0.15097,0.19949,0.16972,0.20826,0.25808,0.23714,0.23796,0.06025,0.022984,0.017129,0.041128,0.033037,0.12181,0.11255,0.36949,0.063271,0.044075,0.044641,0.91718,0.88041,0.679,0.76684,0.45389,0.19171,0.082795,0.034057,0.0042161,0.0040196
3,0.39847,0.97166,0.64604,0.83682,0.81299,0.51949,0.12648,0.5136,0.87485,0.5,0.75857,0.85163,0.2365,0.12328,0.20253,0.18903,0.26601,0.37718,0.10402,0.20962,0.25121,0.1877,0.40866,0.18952,0.048239,0.1133,0.66374,0.64976,0.67563,0.57364,0.77451,0.4225,0.62025,0.64458,0.41424,0.6306,0.74949,0.050963,0.065622
4,1.6636e-05,1.5165e-05,2.5041e-05,0.00073815,0.00065864,0.0005841,0.0013192,0.0021193,0.011922,0.0018361,0.0037233,0.0039653,0.0052229,0.00904,0.005228,0.0045683,0.0021266,0.0023682
4,0.00070856,0.002759,0.001087,0.00066205,0.0012868,0.0010627,0.00064015,0.00079586,0.00046178,0.0013982,0.002317,0.0058824,0.010767,0.0092443,0.0089051,0.0022213,0.0028344
4,0.0166,0.015411,0.038556,0.011766,0.046347,0.043365,0.025405,0.025673,0.012322,0.021707,0.0034053,0.0055095,0.0029967,0.023697,0.013603,0.0024942,0.0030301,0.004491
4,0.00028337,6.6387e-05,9.6676e-05,0.00029392,0.00032202,8.4641e-05,4.3993e-05,2.7495e-05,8.1697e-05,2.9518e-05,0.00048109,0.001861,0.0031264,0.0024425,0.0019243,0.29688
4,0.00028776,0.00052432,0.00070772,0.0050341,0.0075953,0.0011101,0.0012022,0.00031797,0.00018901,7.308e-05,0.0017139,0.0053642,0.0063534,0.0062545,0.0026057,0.01057
4,4.2323e-05,3.4388e-05,5.24e-05,0.002913,0.0047635,0.002556,0.0012285,0.0014419,0.0016156,0.00047991,0.00085702,0.0013478,0.0029288,0.0029443,0.00205,0.0035476,0.10043
4,5.8898e-05,0.0011651,0.00020003,0.00028629,2.4142e-05,2.8482e-05,7.725e-05,9.1544e-05,0.00076381,0.00063174,0.0023034,0.010684,0.022289,0.015329,0.022,0.017779,0.0036904,0.0014743
4,0.00064751,0.0017458,0.0004171,0.00021442,0.00011854,0.0020822,0.00077695,0.0012549,0.0030559,0.0038108,0.0014081,0.0026344,0.0064913,0.005986,0.0088455,0.043552,0.042642
4,0.00058915,0.013242,0.0027732,0.00096232,0.00022228,0.00059135,0.00077828,0.00061834,0.001397,0.0028872,0.0015352,0.0050577,0.017418,0.0031095,0.10293
4,0.00041492,0.0015997,0.0027087,0.0024835,0.0018333,0.001187,0.0014213,0.00054426,0.00039045,0.0010751,0.0062723,0.0076586,0.014124,0.01384,0.005064,0.10645
4,0.00011496,7.0266e-05,0.00012594,2.5519e-05,4.399e-05,0.00010048,0.00049111,0.0027759,0.0017543,0.0032,0.0079608,0.0012863,0.0029574,0.0051381,0.0057232,0.0055836
4,0.00052733,0.0019311,0.0019641,0.0011426,0.0016061,0.0018495,0.00089402,0.0027858,0.014167,0.0095911,0.0016196,0.00137,0.001522,0.0022679,0.0072064,0.013789,0.014662,0.011051
4,0.003975,0.0045124,0.0095007,0.024488,0.02504,0.013512,0.016385,0.0098836,0.013248,0.011704,0.0090715,0.015617,0.008766,0.0075693,0.0073189,0.0097801,0.017043,0.047599,0.028788,0.0071497,0.0047266
4,4.3779e-05,0.00030173,0.00048832,0.00048005,0.0020448,0.0015668,0.003415,0.010129,0.0058984,0.0053643,0.0023961,0.0048886,0.0046029,0.021161,0.0061117,0.017111
4,1.7917e-05,3.7856e-05,0.00031019,3.8943e-05,0.00026298,0.0017549,0.002152,0.00073272,0.0015555,0.004877,0.013101,0.008217,0.0038747,0.0019316,0.0015669,0.0012733,0.0016308,0.0017008,0.0041001,0.0016392,0.09512
4,0.0069946,0.011691,0.016206,0.018473,0.040522,0.045572,0.017955,0.0086125,0.006247,0.0019746,0.004065,0.003037,0.0043643,0.018023,0.011436,0.0039384,0.0084311
4,0.0022758,0.0029495,0.0021328,0.00028852,0.0012121,0.00095445,0.0034267,0.00090831,0.002838,0.0013298,0.00090095,0.0008183,0.016961,0.008892,0.01311,0.0079655,0.005331,0.0037826,0.012424,0.0053349,0.011281,0.02108,0.064323,0.0099798,0.012276,0.016198,0.013017,0.023225,0.021218,0.011599,0.034024,0.014478,0.010628,0.18067
4,8.2146e-05,6.6984e-05,0.00010371,7.674e-05,0.00067728,0.0010432,0.00076452,0.0010379,0.0012113,0.00038256,0.00030924,0.00038999,0.0013376,0.0016362,0.00093803,0.001173,0.0059612,0.00257,0.00045448,0.00043615,0.001688,0.0045942,0.0049855,0.0041898,0.004947,0.0015058,0.0010605,0.002803,0.0014889,0.0012398,0.0011306,0.0013027,0.0011562
4,0.00083769,0.00077445,0.00035487,0.0011438,0.0054886,0.0068466,0.0043674,0.0057351,0.0030508,0.0042034,0.001274,0.0055721,0.0070164,0.0092776,0.0058642,0.0072375,0.010986,0.013418,0.0024917,0.0089081,0.007235,0.0058764,0.016802,0.0087101,0.0027303,0.0063673,0.0031555,0.0021675,0.0059334,0.0044824,0.0034264
4,0.00032848,0.00042352,0.00059748,0.0005436,0.00077409,0.0019716,0.0047219,0.0048007,0.0062348,0.0070346,0.0033624,0.0028036,0.0062359,0.0028008,0.0026781,0.003098,0.0038153,0.0061079,0.008626,0.010646,0.0046889,0.0062398,0.0055804,0.0033307,0.0019633,0.0015657,0.0028509,0.0020071,0.0022965,0.0019555,0.0024788,0.0011982
4,0.00077592,0.0019077,0.00047724,0.00048278,0.0020192,0.0026471,0.00069259,0.0012007,0.00076118,0.0017871,0.0010337,0.0035708,0.0051662,0.001192,0.0014075,0.0007114,0.00073987,0.00059104,0.019008,0.057866,0.12016,0.034827,0.0066657,0.023302,0.037492,0.0036268,0.0054588,0.0045598,0.0051741,0.00514,0.0021024,0.004132
4,0.00063886,0.0021137,0.00056909,0.00040992,0.00030439,0.00025178,0.0010421,0.00051771,0.0048623,0.0013976,0.00049601,0.00013565,6.1957e-05,8.3555e-05,3.8724e-05,0.00012553,0.00047568,0.0010352,0.0038888,0.0024702,0.0042353
4,0.10103,0.091626,0.013059,0.00084699,0.0012886,0.0016854,0.0014819,0.0015585,0.0026245,0.0016985,0.001149,0.00056038,0.00078733,0.0011297,0.00071028,0.0014314,0.016398,0.012579,0.10162
4,0.0011033,0.00039672,0.00084985,0.00040451,0.00066207,0.0012241,0.0015675,0.0043086,0.0036173,0.011349,0.0032886,0.0048452,0.006361,0.0045712,0.0067896,0.0075764,0.010794,0.0064563,0.017282
4,0.010102,0.027385,0.018925,0.0086374,0.0066584,0.0091876,0.011467,0.031872,0.0047125,0.0005969,0.00063909,0.00027783,0.00011768,0.00039718,0.00025346,0.00021347,0.0014646,0.0033297
4,0.00010476,0.00072103,0.0016714,0.00050903,0.00087052,0.00058767,0.0047765,0.0018215,0.00030196,0.00015957,0.0012958,0.00034772,0.00079617,0.0042527,0.00092178,0.0015425,0.00056572,0.0002245,0.00037927,0.003964,0.0040371,0.0047705,0.0062045,0.0074338
4,0.0036756,0.0030638,0.0012336,3.5506e-05,3.047e-05,5.1284e-05,0.0042015,0.0024472,0.0056383,0.00070663,0.0014147,0.0012608,0.00271,0.002423,0.0022868,0.0017012,0.00047734,0.0007103,0.0011851,0.0012389,0.0013024,0.0033784,0.0020361,0.0085805,0.0028031
4,0.0021275,0.0062358,0.00042341,0.00034213,0.0015957,0.019869,0.028621,0.0078142,0.0024027,0.00047011,0.0011695,0.000694,0.00046326,0.014418,0.023835,0.0078183,0.0050676,0.00091587,0.00058782,0.0017501,0.0016528,0.0085446,0.0046294,0.0050703
4,0.0028126,0.0081238,0.0025428,0.00018315,0.0004543,0.00097104,0.0017211,0.0057012,0.0014371,0.00053735,0.0044084,0.0060437,0.0015841,0.0098815,0.0063816,0.0021659,0.0031497,0.0017231,0.00090728,0.0028973,0.0041233,0.021798,0.31887
4,0.0012738,0.0060026,0.0036887,0.00048791,0.00041211,0.0014198,0.0079775,0.0084004,0.0025978,0.0043237,0.020429,0.035536,0.028898,0.020009,0.052639,0.058485,0.036883,0.010328,0.0043545,0.0046064,0.0047836,0.0042322,0.013453,0.002952,0.14354
4,0.00047417,0.0024048,0.0015648,0.00111,0.00075429,0.00093118,0.00034975,0.0025222,0.00126,0.001239,0.0040205,0.0079564,0.0024993,0.0020587,0.00043295,0.00060176,0.00033666,0.0023651,0.010615,0.034866,0.096189,0.035813,0.013009,0.032498,0.018103,0.020066,0.01249,0.010385,0.013436,0.012649
4,0.0003912,0.0079345,0.019255,0.015076,0.026794,0.0042025,0.0030628,0.016114,0.026384,0.0038961,0.011561,0.0099251,0.0033773,0.0024606,0.003995,0.0027915,0.00483,0.0018701,0.004826,0.0075421,0.0042883,0.0041284,0.014135,0.010693,0.0033209,0.0051876,0.011026
4,0.0012724,0.0028274,0.0036195,0.016425,0.019035,0.006239,0.0077806,0.020874,0.0043709,0.0069637,0.0041914,0.0049213,0.0015512,0.0046201,0.0086771,0.004615,0.011313,0.015538,0.047571,0.058307,0.016445,0.0044192,0.04057,0.024185,0.025669,0.0041494,0.02781,0.2876
4,3.6146e-05,0.00015526,0.00043616,0.0007457,0.0018463,0.0014117,0.00055884,0.0026565,0.0018577,0.0017105,0.0014534,0.00045061,0.00057813,0.0012173,0.00035753,0.00027057,0.00085097,0.0009934,0.0033478,0.0039787,0.0048219,0.00098727,0.0015536,0.0018994,0.0014199,0.0053597,0.0048391
4,5.423e-05,6.2209e-05,5.9907e-05,0.00017084,0.00067577,0.0011329,0.00046749,0.0010873,0.00037686,0.00054731,0.00078789,0.00093994,0.00094476,0.00066002,0.0013769,0.0026901,0.0010023,0.00092955,0.00198,0.0020008,0.00095598,0.0014835,0.0018846,0.0038064,0.0044558,0.0072214,0.0029544,0.0013035,0.00073409,0.0027317,0.0018682
4,0.0006549,0.0015319,0.0013405,0.0012165,0.0051167,0.00024667,0.0023201,0.048141,0.047547,0.26849,0.61008,0.78171,0.1871,0.16282,0.040431,0.016445,0.0070116,0.013988,0.0027613,0.0040658,0.0017217,0.00098331,0.00087749,0.005766,0.0064296,0.0067632,0.0090352,0.013458
4,0.00072724,0.001108,0.0030394,0.0079177,0.0052296,0.0042458,0.0074106,0.0011014,0.0012334,0.0017082,0.0019095,0.0012901,0.005778,0.035423,0.01304,0.027446,0.013269,0.011115,0.0032582,0.0061198,0.0059197,0.0012276,0.0028008,0.0081736,0.0062672,0.0042751,0.012409,0.039335,0.091841,0.069009,0.060606,0.035377,0.021904,0.0069538,0.0012665,0.011652
4,3.7624e-05,0.00095084,0.0028546,0.00080661,0.0012629,0.0010071,0.00024011,0.00028111,0.001046,0.0034756,0.003364,0.0022366,0.0018512,0.0025849,0.018215,0.0056457,0.0042975,0.0033183,0.0090849,0.0053801,0.010906,0.01136,0.010596,0.0049775,0.0046331,0.0035672,0.0031394,0.0021954,0.0023869,0.0033803,0.0040513,0.0052396,0.004296,0.0026907,0.0012465,0.00059058,0.12065
4,2.8554e-05,0.00019554,0.00033507,0.00011689,0.00013512,0.0003653,0.00053217,0.00053414,0.00069432,0.0021577,0.0014264,0.001127,0.0067573,0.0039298,0.0040393,0.0035605,0.0028509,0.0006685,0.0026172,0.005293,0.0063248,0.010148,0.00098517,0.0011195,0.00059329,0.00035917,0.00029147,0.00076446,0.0013474,0.0020763,0.0029996,0.0034145,0.0027675,0.00212,0.002505,0.0021997,0.002186,0.17326
4,0.00088448,0.0045125,0.0085985,0.001663,0.00132,0.0070822,0.013426,0.012526,0.0052797,0.0012964,0.00077941,0.0009428,0.0037855,0.0054234,0.02009,0.0081421,0.023746,0.015891,0.0033599,0.0042697,0.015494,0.006418,0.0061297,0.013178,0.01275,0.0065208,0.0078233,0.013911,0.010043,0.015416,0.023231,0.015302,0.015447,0.015321,0.0092788,0.0077806,0.0031802,0.0011897,0.13019
4,0.00023935,0.0017408,0.0021087,0.00027809,0.0006074,0.0038506,0.0024384,0.0027335,0.00062579,0.00070975,0.00040204,0.00017625,0.00053127,0.00088769,0.001713,0.0015033,0.0025016,0.0019672,0.001881,0.0020933,0.0018946,0.0056244,0.0042924,0.0046764,0.0053228,0.0018397,0.0015675,0.0014295,0.0026428,0.0025383,0.0020476,0.0024518,0.0045623,0.005015,0.0014744,0.0049586,0.13628
4,0.00021229,0.00039598,0.00033228,0.00030114,0.00027821,0.00020008,8.4323e-05,0.00012135,0.00011643,0.00029405,0.00023888,0.00025437,0.00024395,0.00023289,0.00015671,0.00030094,0.0079853,0.011579,0.015987,0.028543,0.010502,0.0033876,0.020653,0.0053739,0.2629
4,8.6176e-05,0.00047607,0.00047025,0.00090626,0.00021611,0.0002707,0.00026546,0.00044141,0.0010089,0.0027002,0.00056448,0.0010176,0.0013934,0.0010696,0.002164,0.0082693,0.0057603,0.0048536,0.0070507,0.016502,0.022212,0.0353,0.0075352,0.004585,0.0072857,0.0095025,0.0096115
4,5.2459e-05,0.0017195,5.24e-05,4.5182e-05,1.6409e-05,4.3495e-05,0.00011428,7.5495e-05,0.00099864,0.00020239,0.00063718,0.0058715,0.0019819,0.0024389,0.0006301,0.0018489,0.00059335,0.00039746,0.0011771,0.0024637,0.007062,0.0067956,0.010335,0.0058728,0.0037542,0.0022474,0.0036169,0.0016575,0.0032906
4,0.00012652,0.00028203,0.00014371,0.00034999,0.00019965,0.00077638,0.00043351,0.00028262,0.000351,0.0016459,0.0025006,0.0053896,0.0069094,0.022772,0.011162,0.0088603,0.0010404,0.0032386,0.0078227,0.0056565,0.015401,0.0092979,0.0063609,0.0069945,0.0099373,0.0072811
4,0.00072969,0.00069512,0.0011861,0.0017167,0.0031282,0.011309,0.0045272,0.0032962,0.013164,0.008579,0.0094675,0.021026,0.042215,0.020034,0.017187,0.01958,0.017437,0.017629,0.086167,0.11897,0.20733,0.23549,0.056162,0.030463,0.0078077,0.0042257,0.0030971
4,0.00019969,0.00016819,0.00012996,0.00067876,0.00027141,7.7813e-05,7.4752e-05,6.3316e-05,0.0001029,0.0012444,0.022096,0.0037316,0.0022576,0.0050694,0.0038572,0.0030333,0.031656,0.0034717,0.0019644,0.0038821,0.00725,0.0071984,0.004694
4,0.00081494,0.0011898,0.00067406,0.0039394,0.0008645,0.0010016,0.00042459,0.0011171,0.00033325,0.0035601,0.0010743,0.00048987,0.00022425,0.00032169,0.0018654,0.0020316,0.013959,0.0031887,0.00096832,0.0019415,0.0039003,0.0055633,0.22338
4,7.8395e-05,0.00020406,0.000164,2.8961e-05,0.00025912,0.00066219,0.00037992,0.00084519,0.0034994,0.0025124,0.00071785,0.00049083,0.00048197,0.00069472,0.00070377,0.022935,0.076225,0.030755,0.004992,0.002984,0.0017809,0.0021795,0.0028199,0.0019701
4,0.00026219,0.0015331,0.0015529,0.00064245,0.0022134,0.0012134,0.00028981,0.00021598,0.00095625,0.010685,0.0049201,0.005285,0.0046833,0.0055001,0.0040974,0.019442,0.056924,0.01115,0.013326,0.018641,0.0039505,0.10911
4,9.0975e-05,0.00022281,0.00030549,0.00010285,0.00020737,8.9814e-05,5.703e-05,0.00010295,0.00022772,0.00029988,0.0020267,0.0028179,0.0020443,0.006836,0.0027472,0.0041632,0.0064284,0.056089,0.019188,0.01506,0.0091251,0.010459,0.0033929,0.0056535
4,0.002441,0.0022298,0.0032887,0.0099748,0.0059841,0.0049,0.0016545,0.0017151,0.0041757,0.0066065,0.0080899,0.015953,0.046811,0.023642,0.018541,0.015763,0.01198,0.0038564,0.011373,0.010107,0.019787,0.0036668,0.103
5,0.00085722,0.0004217,0.00035662,0.00047223,0.00067811,0.00181,0.0046066,0.00028941,0.00018355,0.0002593,0.00016779,0.00015199,0.00012608,0.00012062,5.0068e-05,4.2435e-05,0.00020043,1.7002e-05,5.8131e-05,0.00012128,0.00010842,0.00031785,0.012102,0.0078825,0.0080703,0.0060699,0.13621
5,0.00022825,0.00032852,0.00040116,0.00064514,0.0011695,0.002084,0.00039561,0.0001621,0.00014893,0.00018037,0.00026162,0.00016829,0.0010767,0.0014631,0.0012189,0.00089722,0.0024067,0.0017979,0.12681
5,3.0984e-05,1.3586e-05,2.8479e-05,1.2161e-05,0.00016093,0.0034029,0.00028144,0.00020472,0.00035564,0.00021131,0.00027881,0.0010365,0.00060616,0.00029583,0.0039235,0.00090246,0.0034974,0.0066632,0.0064468,0.0038455,0.003601,0.0019471,0.0018391,0.084836
5,0.00058705,0.43959,0.13901,0.27753,0.1468,0.014405,0.0057699,0.001776,0.002063,0.0058238,0.004097,0.0036908,0.00084694,0.00066657,0.00041368,0.00065476,0.00034347,0.00087888,0.0089195,0.0054106,0.0021337,0.0012531,0.0034094,0.012472,0.070517
5,0.00019979,0.0014807,5.5628e-05,2.3339e-05,3.074e-05,4.6529e-05,0.0003815,0.00049504,0.00023839,0.00024433,0.00034342,0.00021079,8.1571e-05,0.00051979,0.0013138,0.054962
5,0.0023055,0.024182,0.00095415,0.00024711,1.9368e-05,1.2403e-05,0.00019852,0.00044693,0.00049705,0.00057745,0.00090974,0.0006048,0.0015635,0.0055674,0.0024156,0.0029405,0.0094706,0.015336,0.0080901
5,9.2499e-05,0.060822,0.08295,0.46735,0.33753,0.0164,0.0016875,0.0015774,0.0012048,0.0036188,0.013193,0.01933,0.030384,0.016349,0.022446,0.016298,0.0076534,0.0014962,0.0022338,0.0062475,0.0048576,0.20554
5,9.5622e-05,0.16095,0.0021221,0.010227,0.0012586,0.0017795,0.0020552,0.01188,0.012389,0.0058699,0.0067616,0.0073155,0.010755,0.0046733,0.0011692,0.0020517,0.0018177,0.00033799,0.00039296,0.00052636,0.00031158,0.00089235,0.0024438,0.00843,0.0020814,0.0027343,0.00079597,0.00082855,0.0015747,0.0017127,0.0014947,0.014156,0.00051561,0.0010634,0.0010083,0.0027457,0.00087653,0.00046451,0.00027431,0.00010977,0.00029192,0.0057987
5,0.0047753,0.0011694,0.10443,0.0011143,0.0013986,0.00090649,0.00046683,0.000696,0.00074032,0.00040131,0.0004527,0.0022025,0.0039725,0.0022464,0.0027799,0.005825,0.0096058,0.019625,0.072428,0.0095596,0.0058225,0.0010958,0.0002468,0.00023913,0.000432,0.0013793,0.00057883,0.00030817,0.00020285,0.00021275,6.732e-05,0.00012413,0.0015633,0.0014984,0.0027831,0.0012639,0.0018992,0.0036478,0.0013977,0.0033171,0.0010706,0.0010172,0.0013289,0.00013484,0.00021651,0.00086323,0.0047158,0.0041002,0.0041514,0.0047099,0.0098117,0.0076374
5,0.0075348,0.01564,0.10463,0.0083371,0.018276,0.0049532,0.0023679,0.00075803,0.00058427,6.3478e-05,5.0827e-05,5.2575e-05,5.5758e-05,1.8073e-05,1.1493e-05,1.5445e-05,1.9672e-05,1.6411e-05,6.613e-05,0.00048008,0.0010655,0.00012558,0.0002438,0.00095484,0.00037263,0.00036263,0.00027085,0.068812,6.483e-05,7.3705e-05,4.0898e-05,0.00022441,0.00032853,0.0024776
5,0.00035806,8.358e-05,0.00021917,0.00080721,0.00065976,0.00086201,0.0014348,0.0028381,0.0020673,0.00018729,0.00073884,0.00088517,0.00060593,0.0015169,0.0014772,0.00050023,0.0012684,0.00033903,0.0001842,0.00022983,0.00015417,0.00015489,0.00032621,0.0001822,0.00040996,0.00021964,0.00024846,0.00017856,6.7688e-05,2.6252e-05,0.00011174,0.0020012,0.00041496,0.00032262,0.00023752,0.00019764,0.00012036,0.071371
5,0.0051466,0.0078198,0.0024601,0.00060547,0.00021045,0.00033876,0.00048822,0.00058026,9.4774e-05,9.1049e-05,0.00045803,0.000265,6.0668e-05,0.0001211,0.00029223,0.00047138,0.00080693,0.0027543,0.00031217,0.00073592,0.00025085,0.00037593,0.0025467,0.0012965
5,0.0075772,0.10233,0.15372,0.091125,0.0097971,0.0057215,0.0045419,0.0093544,0.010381,0.0088969,0.031051,0.075619,0.11087,0.0061212,0.0021594,0.00019961,0.00023863,0.00097792,0.00038382,0.00043474,0.0058152,0.00048323,0.00103,0.00023285,0.00029071,0.0020189,0.0048577,0.0064734,0.011277,0.0055829,0.011293
5,0.0004456,0.0013597,0.5808,0.7656,0.72941,0.63923,0.27301,0.0019516,0.00050048,0.00033762,0.0002525,0.00031281,0.00048057,0.0012334,0.00097457,0.0010244,0.0020301,0.0005762,0.00059713,0.00036695,0.00044973,0.0054152,0.00058004,0.00018625,0.00033738,0.00034679,0.0014717,0.00047271,0.0010348,0.0046219,0.0079102
5,0.0010272,0.0054123,0.0014884,0.001948,0.0013711,0.0011071,0.00080611,0.00085003,0.00072757,0.00042413,0.00023734,0.00017835,0.00014463,5.5125e-05,6.9917e-05,0.00051994,0.0023866,0.00066745,0.00059583,0.0016206,0.00093947,0.00025467,0.0004033,0.00024926,0.00026232,0.00028371,0.0018915,0.0048646,0.00099637,0.00031153,0.00023702,0.00023069,0.00020561,0.0002278,0.00030609,0.00021551,0.00043744,0.00027667,0.0003673,0.0019183,0.0019753,0.0017172,0.0044529,0.0042168,0.0062023,0.010035,0.0083604,0.0032449,0.0047876,0.0085546,0.0087806
5,0.00015823,0.0017753,0.049824,0.046892,0.019258,0.023431,0.0099662,0.012178,0.0035903,0.0018742,0.00073254,0.00088022,0.0011097,0.0087516,0.017354,0.065309,0.12929,0.094893,0.023856,0.0096647,0.015107,0.0089112,0.0010389,0.00095646,0.001748,0.0054159,0.014601,0.032445,0.051472,0.019874,0.0051206,0.0061975,0.0019187,0.0015099,0.00084051,0.0012326,0.0010039,0.0062679,0.0042408,0.0090718,0.0041241,0.0040905,0.0028973,0.001665,0.001131,0.20231
5,0.00017872,0.00015421,0.045868,0.00010933,0.00019108,0.00060855,0.001625,0.0010838,0.00028983,0.0020031,0.0019019,0.0015428,0.0022034,0.002057,0.00094051,0.0048761,0.0064414,0.0096161,0.0061306,0.004024,0.0020056,0.0012575,0.00032288,0.00093958,0.00021912,9.4904e-05,0.00017328,0.00013556,0.00013894,0.0007768,0.00027901,0.0023662,0.0019852,0.002464,0.0011199,0.0014636,0.0030034,0.020947
5,0.00023079,0.010198,0.0021355,0.0026746,0.00021228,0.0015304,0.0059205,0.0049892,0.0032628,0.0031699,0.00055943,0.00014529,0.00025408,8.3577e-05,7.5013e-05,0.00011239,0.036159,0.0014058,0.0024912,0.016484,0.0075324,0.00073305,0.0015917,0.00063147,0.00028193,0.00093212,0.0050419
5,0.00066899,0.0004021,0.00013273,0.00013149,0.0001683,0.00018032,0.00019445,0.00021402,0.0016863,0.00082168,0.00023036,0.00032359,0.0010272,0.00076758,0.0019067,0.03587,0.0022866,0.0034521,0.0047391,0.0071397,0.0034692,0.0062142,0.093565,0.05033,0.064969,0.03103,0.028924,0.010632,0.0051927,0.0099171,0.022397,0.025505
5,0.00053571,0.035724,0.00018332,0.00011862,0.00023384,0.00026291,0.00025313,0.00032237,0.00086837,0.00050788,0.00053722,0.0020699,0.00562,0.0022807,0.0049627,0.052715,0.0036123,0.0013291,0.00040943,0.00036496,0.00036458,0.00030398,0.00085857,0.00028447,0.0002588,0.00043861,0.00079277,0.00089142,0.0046796
6,0.0022222,0.0026429,0.0018239,0.0042445,0.0034724,0.00091615,0.015815,0.011012,0.0041445,0.007975,0.012756,0.010536,0.011776,0.0032439,0.0080238,0.017121
6,4.9353e-05,2.176e-05,1.7145e-05,0.00013905,0.00046965,0.00037999,0.00013554,9.2739e-05,0.00040964,0.00031591,0.00052332,0.001675,0.0016001,0.0014414,0.00047532,0.00022893,0.00030563,0.00086531,0.0031935
6,0.00073145,0.0019947,0.0015427,0.0080588,0.024688,0.0032344,0.0043375,0.016726,0.027946,0.015269,0.015135,0.01375,0.011858,0.0035719,0.018471
6,0.010561,0.010715,0.01277,0.0051855,0.0041372,0.0028389,0.0019854,0.0016762,0.00015532,6.7653e-05,0.0002366,0.00026148,0.0002935,0.0052617,0.016199,0.0057067,0.010196
6,0.0010889,0.00058732,0.00053179,0.00060912,0.00030123,0.00037117,0.00073649,0.00046424,0.00065682,0.00035026,5.5849e-05,0.00010578,0.00029211,0.00040179,0.00027567,0.0011036
6,0.00047578,0.00031429,0.00011183,0.00012069,0.0002324,4.5928e-05,0.00085721,0.00042286,0.000793,0.00079871,0.00070328,0.0012304,0.00044772,0.00023679,0.0017565,0.00066721
6,0.00047996,0.0061388,0.0088063,0.002909,0.0013609,0.00079544,0.00061228,0.0010208,0.0018501,0.00066231,0.0031582,0.0013996,0.0074115,0.011699,0.0070508,0.0016998
6,0.0010482,0.00079039,0.0010241,0.0019845,0.043784,0.0037888,0.00042148,0.00023992,0.00037051,0.00036995,0.00014708,0.0011604,0.001083,0.0010881,0.0015573,0.0014157,0.0014094
6,0.0003999,0.00026755,0.00025855,0.00031007,0.0045851,0.030722,0.025665,0.063756,0.040809,0.019999,0.017087,0.0012105,0.0014104,0.0012997,0.0040272
6,0.0002138,0.00042162,0.00089844,0.0032987,0.0013066,0.0010317,0.00096785,0.00043803,0.00068196,0.0004356,0.00028526,0.0064809,0.010386,0.0074427,0.005881,0.1149
6,0.002223,0.010187,0.023488,0.017711,0.014115,0.018908,0.012623,0.0024279,0.0040893,0.00038542,0.00014174,0.00012644,0.00045616,0.0011799,0.0045107,0.13378
6,5.1971e-05,0.00016006,0.0010711,0.001482,0.0015407,0.0011517,0.0011212,0.01736,0.047797,0.020334,0.00056326,0.0003007,0.00032129,0.0014129,0.0013055
6,0.00024051,0.00021677,0.00016006,0.00032878,0.00039916,0.000828,0.00053215,0.00036095,0.00046194,0.010297,0.00015113,0.0003448,0.00034234,0.00067144,0.00036134,0.00064149,0.0021958,0.0049057,0.00025642,0.0008437,0.0010024,0.00051519,0.00062921,0.0050678,0.013406,0.004064,0.0030334,0.0013606,0.00049989,0.00065057,0.0014607
6,0.001095,0.00065433,0.00075782,0.00077327,0.001322,0.00083092,0.0032237,0.0031219,0.00076879,0.01491,0.022565,0.0078946,0.00024109,0.0011894,0.00071238,0.00033223,0.00075557,0.0011335,0.00079564,7.7515e-05,0.00019551,8.0131e-05,0.00032226,0.00017092,0.0013379,0.0033028
6,0.0023633,0.029226,0.0031761,0.0040359,0.094045,0.13115,0.05428,0.064904,0.027344,0.0047002,0.0019036,0.00059042,0.0041912,0.0025479,0.0078912,0.0061594,0.0050324,0.0057333,0.0028323,0.0028609,0.0050987,0.0023761,0.00082902,0.00072325,0.00044234,0.00027926,0.00082309,0.00020736
6,0.0011445,0.0020974,0.0057423,0.005107,0.0064611,0.0079705,0.0044003,0.0046776,0.0051257,0.0037153,0.0040673,0.0017724,0.0014008,0.00092605,0.0012408,0.00023332,0.00011172,7.8433e-05,0.00027758,0.00033968,0.00059585,0.0002279,0.00054493,0.00010866,0.00010291,0.0012097,0.00067891,0.0013042,0.0010145,0.18926
6,0.00039736,0.0016938,0.025061,0.013085,0.03909,0.10548,0.42973,0.47757,0.78355,0.73737,0.39425,0.00046339,0.00029166,0.00012852,0.0005974,0.0013279
6,0.00076766,0.01593,0.017754,0.0055534,0.0021307,0.0012572,0.00022644,0.00031161,0.00033321,0.0017939,6.341e-05,6.5417e-05,3.6128e-05,2.9367e-05,1.6661e-05,7.0192e-05,0.0006167,0.0019241,0.0030569
6,0.00188,0.0010768,0.0012085,0.0017402,0.007611,0.0078433,0.0296,0.012872,0.0098279,0.0070846,0.00045677,0.0010263,0.00098342,0.0017882,0.0014986,0.0070244
6,0.0013783,0.00084291,0.0014857,0.0018276,0.00080113,0.00031944,0.00032362,0.00013886,8.6338e-05,7.1495e-05,0.00027626,0.00060626,0.00086798,0.00079369,0.0012907,0.00080046,0.0013099,0.00017057,0.00017223,4.7062e-05,5.838e-05,4.7592e-05,0.0010999,0.0007574,0.00027306,0.00013358,0.00044763
6,0.003547,0.2282,0.1832,0.00084862,0.00068105,0.00025969,0.00040246,0.00044218,0.0055949,0.0055628,0.0029731,0.0027962,0.0020789,0.0092098,0.0056517,0.00016943,0.0001151,7.1479e-05,3.2371e-05,0.00014345,0.0022913
6,0.0045302,0.0014195,7.0389e-05,2.9084e-05,6.5538e-05,0.00026751,0.00026837,8.9738e-05,9.3409e-05,0.00019371,4.1457e-05,6.786e-05,0.00032349,0.00053753,0.0024073,0.00046507,0.00054983,0.0007202,0.00059508,0.00069335,0.081155
6,0.001386,0.028668,0.14318,0.033746,0.01884,0.0012198,0.0012741,0.00084511,0.00030528,0.0003716,0.00019554,0.00020768,0.00028235,0.00053861,5.2858e-05,0.00058626,0.00043593,0.00016866,0.000125,2.3358e-05,5.9751e-05,0.0010164,0.28324
6,0.0008165,0.0034192,0.0043657,0.0046829,0.027968,0.058435,0.0065481,0.0035668,0.004627,0.0013728,0.00069802,0.00082864,0.0031939,0.0013884,0.0053852,0.0076059,0.0018562,0.0029099,0.0089879,0.019044,0.037518,0.02714,0.5,0.18084,0.25506,0.0015255,0.00022519,0.00045,0.0004266,0.0019368,0.0073441
6,0.0017321,0.0037378,0.0052915,0.0061155,0.023983,0.11866,0.01046,0.0091886,0.0017778,0.0019469,0.001048,0.0014567,0.003796,0.0059191,0.011732,0.059328,0.038026,0.0052173,0.0051482,0.0004424,0.00052766,0.00089291,0.0012998,0.0014793,0.0032501
6,0.00016675,0.0019488,0.0034449,0.014738,0.0056478,0.0013676,0.003109,0.0020978,0.0018397,0.0033929,0.0010215,0.00045245,0.00038872,0.00046769,0.0003258,0.0006227,0.20207,0.0017546,0.0015448,0.00011907,0.00098004,0.00093761,0.00068176,0.00074848,0.0020784
6,0.0086507,0.027374,0.028952,0.017976,0.014888,0.027419,0.092597,0.04889,0.027289,0.062471,0.061925,0.014489,0.010957,0.016456,0.019194,0.0078023,0.0037986,0.0061558,0.0032901,0.00036926,0.00021005,0.00090937,0.0012208,0.00058558,0.00035419,0.00047269,0.00015116,7.1939e-05,6.5738e-05,0.00099869,0.0038688,0.0062854,0.011746
6,0.0011067,0.0010428,0.011967,0.00045377,0.0003316,6.0315e-05,7.29e-05,6.363e-05,8.7661e-05,0.00022377,0.00044517,0.00049098,0.001564,0.012938,0.0070232,0.0052247,0.0066384,0.0027966,0.00023009,0.00010094,0.00014105,9.2456e-05,8.0036e-05,8.4554e-05,0.00018787,0.00038082,0.00032672,0.00060372,0.00017428,6.9379e-05,0.00011305,0.0011904
6,0.00094272,0.0017357,0.0017756,0.32207,0.31386,0.061387,0.197,0.21019,0.40747,0.52234,0.30722,0.040147,0.029648,0.014282,0.012609,0.014606,0.050368,0.12878,0.066598,0.076859,0.0032302,0.0033881,0.0015815,0.0030522,0.0078572,0.0086765,0.0080441
6,0.018815,0.054482,0.16619,0.066366,0.1377,0.11966,0.14066,0.014435,0.023666,0.015904,0.022342,0.025316,0.01242,0.004626,0.00063368,0.00044901,0.0026532,0.0020347,0.0039057,0.0091653
6,0.00049321,0.0046905,0.001437,0.00026429,0.00042993,0.00079462,0.00057036,0.00037564,0.0080372,0.0084274,0.0026393,0.00034632,0.00022121,0.00011689,9.597e-05,0.00078465,0.0005277,0.0012591,0.00090063,0.00020069,0.00042236,0.0014658,0.00093861,0.0034483,0.0020345,0.001521,0.0025964,0.0056762
6,0.0011286,0.0021069,0.0040525,0.0024965,0.0016317,0.0042857,0.0011265,0.00096932,0.00078675,0.00047738,0.00061863,0.0014556,0.00167,0.00072271,0.00029743,5.6116e-05,3.974e-05,1.2227e-05,7.0498e-06,0.00014061,0.00018145,0.001591,0.0030152,0.00096871,0.0011793,0.0012377,0.0030266
6,0.0040336,0.0024649,0.0069932,0.0028844,0.0048298,0.020649,0.0098227,0.0028441,0.0091733,0.0083448,0.0057465,0.00012144,4.9791e-05,4.0729e-05,0.00010527,0.0015781,0.010255
6,0.0025104,0.0015567,0.0032469,0.011417,0.0031128,0.00155,0.0011533,0.00011936,6.7821e-05,6.4869e-05,5.2895e-05,0.00068306,0.010989,0.034977,0.043674,0.037059,0.010638,0.010811,0.00082337,0.0022968,0.0010674,0.00089847,0.005506,0.03046,0.014783,0.012826,0.012082,0.0075652,0.091417
6,0.041421,0.78121,0.53676,0.41863,0.36718,0.052632,0.010502,0.0028423,0.009971,0.049297,0.060185,0.021323,0.014325,0.0038015,0.0027447,0.026753,0.01523,0.0081233,0.15916,0.04301,0.057645,0.037988,0.030068,0.016236,0.019792
6,0.013177,0.19478,0.10721,0.086558,0.042253,0.044161,0.048642,0.013314,0.0044101,0.0070243,0.0093128,0.055953,0.043867,0.074499,0.094648,0.0039534,0.0010634,0.001647,0.00056205,0.0029267,0.016725,0.011165,0.0056345,0.032049,0.01557,0.022,0.011138,0.024299,0.019127,0.29014
7,0.00036988,0.00041762,0.00093636,0.0039675,0.0048735,0.020328,0.031689,0.042474,0.038326,0.10211,0.15651,0.08689,0.068367,0.01103,0.036175,0.10555,0.029109,0.010408,0.062746,0.084066
7,2.7588e-05,4.6464e-05,2.4266e-05,1.9488e-05,0.00014299,0.00026974,0.00039326,0.00039297,0.00063168,0.0078111,0.0031073,0.0043835,0.0013104,0.0033899,0.0029873,0.0015799,0.0014494,0.00084849,0.00056465,0.0016377,0.095657
7,0.0067921,0.0081898,0.024517,0.020525,0.050344,0.19512,0.658,0.16859,0.061118,0.34542,0.1393,0.087056,0.026398,0.067971,0.041272,0.12207,0.029032,0.016685,0.021221,0.020017,0.019571
7,1.1755e-05,0.0020998,0.004147,0.0011197,6.2091e-05,9.3621e-05,8.2467e-05,0.00061485,0.00018188,0.00046839,0.0011921,0.0015438,0.0044388,0.0016887,0.016875,0.011667,0.035632,0.41174
7,0.00022896,0.00015877,0.00010143,0.0037534,0.0030976,0.0038194,0.0074097,0.0027301,0.0025585,0.012821,0.025123,0.016105,0.013796,0.021572,0.0047404,0.2037
7,0.00043891,0.00066285,0.0005954,0.00051447,0.00055603,0.001044,0.00033805,0.00096003,0.00074509,0.0021782,0.004509,0.0034149,0.0021646,0.063561,0.031818,0.0087231
7,4.4429e-05,0.0077316,0.0014112,0.00074345,0.0012094,0.015214,0.02183,0.0033542,0.0078983,0.01747,0.022101,0.016402,0.022945,0.020098,0.0095066,0.051027,0.013055,0.0060567
7,0.018104,0.0070177,0.0067146,0.0035836,0.0050505,0.014286,0.0244,0.0036432,0.0036313,0.0017649,0.010599,0.012045,0.02034,0.064408,0.31726,0.044341
7,1.0181e-05,0.0034267,0.0014586,0.00046676,0.00045902,0.0018455,0.0022939,0.01434,0.010222,0.021013,0.016074,0.01383,0.015043,0.00082941,0.0015217,0.0045019,0.0097189,0.01421,0.062437,0.020278,0.6859
7,0.00023398,0.0013032,0.0030551,0.0041468,0.01142,0.017246,0.093668,0.085845,0.063084,0.37349,0.057083,0.035923,0.03888,0.016616,0.0052614,0.12375
7,0.00021019,0.00070982,0.00041735,3.9995e-05,0.0004237,0.0008017,0.0014166,0.00088766,0.0012717,0.0015531,0.0041203,0.0056763,0.011166,0.0079293,0.0088248,0.036226,0.016972,0.012317,0.01138,0.0077199,0.0097892,0.044875,0.072778
7,2.0468e-05,1.3985e-05,1.2165e-05,0.00027315,0.0015369,0.0010264,0.004279,0.0055238,0.0066185,0.016995,0.043966,0.0039412,0.015014,0.010528,0.0032365,0.0030235,0.011876,0.009557,0.0073725,0.11308
7,0.00018992,0.017221,0.004606,0.00017953,6.1886e-05,3.4678e-05,0.0001263,0.00038412,0.00023675,0.0012506,0.012483,0.00087464,0.00064281,0.00030608,0.00023847,0.00024699,0.0015405,0.0075787,0.00096409,0.0020738,0.0020287,0.0012133,0.0041299,0.015344,0.025341,0.0059786,0.0050396,0.0027952,0.002353,0.0026176,0.0031455,0.0034085,0.0023135,0.0019599,0.0022287,0.0021959,0.0026922,0.0019762,0.0014832,0.0021158,0.00056286,0.0019704
7,0.00011143,0.00015348,0.00010219,0.0001129,0.00016719,0.00090461,0.001988,0.00067981,0.0026317,0.00097965,0.00068966,0.0010589,0.0043294,0.014774,0.0040108,0.0065058,0.012952,0.014338,0.012318,0.030563,0.053036,0.0766,0.18267,0.18764,0.085732,0.15769,0.067617,0.01204,0.009162,0.0048948,0.0056643,0.0053606,0.0072508,0.0039362
7,0.0033962,0.0071827,0.015576,0.0068715,0.0052069,0.012953,0.021414,0.035023,0.008103,0.024304,0.0043214,0.00018278,0.00027161,0.002095,0.0022711,0.057342,0.16789,0.026183,0.03433,0.069143,0.10906,0.13365,0.083543,0.069457,0.053991,0.039841,0.01489,0.0096638,0.034215,0.27556,0.52845,0.056529,0.23325,0.17976,0.036836,0.027036,0.0061836,0.0089908,0.0043633,0.003715,0.0088448
7,0.00015628,0.00024577,0.0003312,0.00013829,0.0038446,0.0032507,0.0025134,0.010611,0.0083672,0.0012515,0.0053154,0.0022457,0.039147,0.039557,0.019462,0.010961,0.010479,0.022391,0.05201,0.05969,0.043102,0.054425,0.15011,0.10482,0.11033,0.052378,0.015408,0.0063149,0.0028663,0.0015887,0.0018229,0.002154,0.0014613,0.0066349
7,0.00063349,6.7843e-05,5.1247e-05,4.4403e-05,0.00010337,4.3852e-05,4.157e-05,0.00026001,0.00025712,0.00029735,0.00032928,0.00039933,0.0012773,0.0052208,0.0066232,0.0038009,0.0051636,0.0016151,0.0021683,0.0037512,0.0050675,0.0066812,0.0097581,0.0082512,0.0082912,0.0026478,0.0017979,0.0024852,0.0027336,0.0020235,0.003128,0.0053186,0.0079208
7,0.12419,0.23012,0.0064108,0.0099195,0.0062705,0.011163,0.018835,0.30423,0.052276,0.025601,0.041245,0.04232,0.014805,0.021381,0.02555,0.016206,0.024354,0.016059,0.06581,0.1164,0.068641,0.13173,0.077381,0.048366
7,0.00018861,0.00083271,0.0037786,0.001635,0.0016544,0.0030165,0.00095644,0.0058118,0.0075846,0.0048313,0.0070376,0.0031636,0.0015148,0.00096124,0.0016806,0.0018648,0.0029333,0.002081,0.0059254,0.022259,0.0085282,0.020164,0.014069,0.010193,0.0025617,0.19338
7,0.0010272,0.0018942,0.0096886,0.0076666,0.0037323,0.006056,0.0030952,0.0042664,0.0040409,0.0079791,0.0099429,0.00773,0.0030621,0.0011444,0.0013306,0.013261,0.033985,0.01334,0.010909,0.030986
7,0.00065072,0.0052437,0.0001182,9.6079e-05,0.00018364,0.00036308,0.00065989,0.011445,0.047055,0.038954,0.019783,0.009173,0.0068542,0.022115,0.031627,0.011827,0.013627,0.10124,0.066487,0.053651,0.059722,0.040969,0.024561
7,0.14517,0.038756,0.0091784,0.005033,0.00321,0.0022485,0.0073308,0.016469,0.030854,0.014976,0.017927,0.0080136,0.0075526,0.0047507,0.0020753,0.0027556,0.012502,0.0061088
7,0.0021185,0.0031707,0.0015519,0.0010386,0.000723,0.00031636,0.00067075,0.0061405,0.0090344,0.019646,0.02942,0.013694,0.0073853,0.014053,0.043606,0.0075811,0.024679,0.094965,0.080048,0.032606,0.015837,0.0095794,0.0026616,0.0050386,0.016818,0.023612,0.01782,0.027786,0.040068
7,0.0002961,0.0038694,0.0024308,0.0051033,0.0055187,0.0088072,0.00029932,0.00084369,0.0031077,0.00044057,0.00046356,0.00016717,0.00031995,0.00034232,0.00048766,0.00072231,0.0005358,0.0020052,0.0015363,0.0021286,0.0023726,0.0042422,0.0096594,0.00055892,0.00046657,0.00066258,0.0010265,0.0010852,0.0080411,0.006979,0.015474,0.019634,0.008626,0.0046937,0.0058589
7,0.0029251,0.0020592,0.0023593,0.002269,0.0081475,0.029177,0.0077385,0.0064602,0.023666,0.027565,0.002671,0.0064428,0.013514,0.0075019,0.0024918,0.001457,0.0016523,0.0014314,0.0029476,0.0036324,0.0011552
7,0.0042744,0.002813,0.0032721,0.0048515,0.0034477,0.0012965,0.0024734,0.0073599,0.038506,0.016856,0.0097068,0.0031507,0.0010586,0.0012828,0.0017368,0.00049792,0.0062704,0.011071,0.019608,0.018893,0.007242,0.023942,0.091971,0.16065,0.32763,0.42927,0.061291,0.041822
7,9.0893e-05,0.00070932,0.0017951,0.00070372,4.7043e-05,0.000643,0.00058603,0.0015765,0.0010495,0.0021648,0.00063603,0.0017277,0.0042174,0.0054509,0.0089379,0.0040927,0.0016234,0.0027464,0.0011528,0.0019562,0.0018773,0.0027426,0.004302,0.0075203,0.0032135,0.013025,0.0071625
7,0.00088056,0.0067799,0.0056454,0.0076026,0.019234,0.0084262,0.012876,0.0058101,0.010191,0.003283,0.0064204,0.0047366,0.0038161,0.0036078,0.041415,0.0025364,0.0028041,0.0041572,0.0067769,0.0072115,0.0053175,0.01454,0.017563,0.13466,0.10029,0.053875,0.019341,0.026128,0.011627,0.026792,0.0094625,0.005684,0.0046432,0.0028846,0.0056922
7,3.874e-05,0.00011459,3.7716e-05,0.00096442,0.0026383,0.0049319,0.0034266,0.003509,0.0038671,0.0022402,0.0010531,0.0012957,0.0029467,0.0019858,0.0052625,0.001155,0.00054833,0.0024159,0.0017454,0.0027652,0.0020006,0.0032056,0.0044904,0.0023372,0.0091499,0.011125,0.0060759,0.0044909,0.011321,0.0071871,0.002051,0.0009668,0.01157,0.02899,0.023192
7,0.0021777,0.0032173,0.0028797,0.0071479,0.011539,0.0046095,0.026614,0.032523,0.038859,0.014432,0.012516,0.01567,0.0064712,0.015536,0.01698,0.018392,0.020869,0.0087701,0.025738,0.014659,0.0053242,0.012559,0.02175,0.012273,0.0060125,0.0060918,0.005728
7,5.1701e-05,9.2385e-05,4.1035e-05,0.000278,0.0008633,0.00096587,0.0096751,0.0010698,0.0019329,0.0036406,0.0010559,0.0036072,0.003099,0.0029272,0.011777,0.0048337,0.0036366,0.027546,0.020077,0.0038302,0.0098275,0.0084118,0.0025288,0.0021178,0.0057927,0.010063,0.03654,0.065659,0.082278,0.027079,0.10781,0.11637,0.18132,0.074379,0.02367,0.014074,0.018235,0.0080398
7,0.00094501,0.00038618,0.00076262,0.00066913,0.00023685,0.0016057,0.0021237,0.0021958,0.0018044,0.0030738,0.0022645,0.0013475,0.0019485,0.0043891,0.0052017,0.0040891,0.0083995,0.0041843,0.0027151,0.0025817,0.004329,0.0065233,0.0066402,0.0075136,0.0048218,0.0028109,0.0061745,0.0089992,0.013935,0.0060966,0.016342,0.0097053,0.01684,0.023587,0.027452,0.0095835,0.0095776,0.0084711,0.18707
7,0.0084778,0.087388,0.10393,0.039122,0.0086874,0.017763,0.012379,0.07094,0.30513,0.17179,0.098046,0.082509,0.041514,0.13322,0.038823,0.024306,0.0086246,0.0035505,0.0021255,0.0011756,0.0039755,0.00056441,0.0027626,0.016726,0.014419,0.0098808,0.054119,0.084392,0.065208,0.066576,0.096542,0.14018,0.085947,0.031473,0.022524,0.0067775,0.0039267,0.0027358,0.0020961,0.15593
7,0.00090835,0.0029854,0.003104,0.0052251,0.0042847,0.0068108,0.014833,0.072647,0.040516,0.093472,0.033582,0.015837,0.0095201,0.069812,0.1603,0.086747,0.093518,0.15329,0.086455,0.079078,0.026162,0.070737,0.14465,0.12927,0.060667,0.021335,0.024356,0.01693,0.036295,0.044367,0.068526,0.066318,0.033917,0.035625,0.038652,0.011152,0.0046612,0.0078784,0.0051456
7,0.00028563,0.0028657,0.0029593,0.0034089,0.00010994,0.00047101,0.00029524,0.00087501,0.0008555,0.00094227,0.014407,0.011513,0.012538,0.022909,0.023664,0.029796,0.059472,0.028669,0.046181,0.057009,0.0074508,0.0037202,0.016304,0.021323,0.12266,0.041087,0.048958,0.017181,0.0063848,0.0048303,0.0057093,0.0053439,0.005473,0.003455,0.0076097,0.0044525,0.0025917,0.0030732,0.0017746,0.003208,0.0047285,0.0027685,0.0011868,0.00041527,0.00096849,0.049409
7,0.00021055,0.0015469,0.0045401,0.0018444,0.00090182,0.024485,0.014724,0.030354,0.073958,0.042357,0.017457,0.011535,0.0037785,0.0023494,0.0037178,0.011156,0.032824,0.023266,0.014524,0.0032758,0.0031699,0.0077277,0.0048854,0.0068691,0.0082409,0.032805,0.03164,0.015717,0.023607,0.0018195,0.00034951,0.00025878,0.00034954,0.00043599,0.040439,0.0323,0.038167,0.0081892,0.014945,0.018765,0.010344,0.015144,0.011554,0.0089748,0.024157
7,0.00022956,0.0073671,0.00043361,0.00012507,0.00013531,0.00076255,0.00036246,0.00018707,6.9529e-05,6.6888e-05,0.00054628,0.0004547,0.00080889,0.0061158,0.0076807,0.0071364,0.0038592,0.0041289,0.0028514,0.0034837,0.0067914,0.0080322,0.015555,0.018362,0.0048395,0.0079318,0.0027427,0.0037976,0.0037258,0.0067742,0.00308
7,0.00018756,0.00088563,0.00022289,0.0002811,0.00053684,0.0012972,0.00065094,0.0040271,0.0060613,0.025299,0.044297,0.080236,0.06656,0.025212,0.13807,0.14115,0.050561,0.14563,0.11447,0.063384,0.057847,0.0083413,0.0027483,0.0019625,0.0024706,0.0037866
7,0.00059214,0.00019006,0.0061258,0.0011981,0.0003898,1.581e-05,4.1592e-05,0.0001132,0.00010819,0.00028698,0.000638,0.0011442,0.0010238,0.0013506,0.0013357,0.0016841,0.0028198,0.0040111,0.00089933,0.0005247,0.0020617,0.0060607,0.0094009,0.016352,0.015768,0.0052907,0.012082,0.011421,0.0050459,0.0030677
7,0.00035286,0.0042695,0.0062157,0.0012876,0.00050927,0.0010482,0.00025712,0.00048914,0.00099497,0.00043294,0.0032306,0.0040632,0.014943,0.017059,0.010666,0.011495,0.0082777,0.0011535,0.00031727,0.001108,0.00085419,0.00055227,0.051615,0.072488,0.0086862,0.0033536,0.0059594,0.0061982,0.0072309,0.01639,0.059586,0.022412,0.02242,0.043525,0.0086022,0.0084769,0.011036,0.0014532,0.002162
7,0.0059261,0.43421,0.34515,0.030459,0.0097265,0.0023101,0.00020535,0.00028226,0.00046149,8.1843e-05,0.0013192,0.0037602,0.013124,0.027265,0.21511,0.17353,0.17759,0.20603,0.18989,0.064431,0.033043,0.0083968,0.0067364,0.0083197,0.016786,0.020026,0.018299,0.077179,0.1366,0.041828,0.037739,0.014668,0.0038169,0.0016398
7,3.4197e-05,0.010215,4.9715e-05,0.00026047,0.0030358,0.00091895,0.0011203,0.00018145,5.0264e-05,0.00018141,0.0012704,0.00071592,0.0015681,0.0065134,0.00086767,0.0012666,0.0013374,0.00098908,0.0014142,0.014155,0.027848,0.033728,0.044267,0.056387,0.016884,0.0090516,0.013881,0.014737
7,0.00055367,0.0064059,0.001915,0.0027509,0.00049111,0.00052674,0.00045896,0.00032443,0.00096458,0.0010244,0.0033562,0.0069852,0.0089269,0.0048014,0.0021636,0.00418,0.0028351,0.01195,0.003198,0.0022614,0.0021984,0.0076133,0.0092537,0.013291
7,0.00052901,0.00040338,0.00045139,0.00039414,0.0034827,0.0038372,0.0019461,0.0035545,0.0033214,0.019701,0.017378,0.0088063,0.015491,0.013291,0.10015,0.1386,0.031417,0.0078806,0.0066265,0.0026712,0.0037241,0.0026096,0.0011597
7,0.018014,0.11912,0.21408,0.20458,0.021881,0.10404,0.009035,0.0063837,0.0008878,0.0021724,0.0023161,0.019833,0.13591,0.3548,0.14118,0.041975,0.022796,0.010115,0.015081,0.0089657,0.018249,0.073379,0.032277,0.031089,0.19175,0.37073,0.4389,0.25597,0.16071,0.045628,0.060153,0.069733,0.0071513,0.34706
