1,9.644e-06,2.4197e-05,2.1312e-05,2.9351e-05,0.00094255,0.0014223,0.0041684,0.0018984,0.00053012,0.00072814,0.00059074,0.0008406,0.0038282,0.0078425,0.0098777,0.0063344,0.0037593,0.001708,0.0031656
1,5.3928e-05,9.0964e-05,0.00017406,0.00043748,0.00026557,0.00045141,0.00035775,0.00022983,7.911e-05,0.00011049,0.00017401,0.00016667,0.00013837,0.0020017,0.001887,0.00082047,0.0018543,0.0033857,0.0087219
1,0.053019,0.05226,0.0036527,0.00076372,3.6487e-05,4.3902e-05,6.3522e-05,2.7096e-05,2.894e-05,8.7687e-05,8.8913e-05,1.1395e-05,1.5377e-05,1.6022e-05,5.3335e-05,0.00017039,2.8429e-05,0.00091132,0.00070808,0.00045202,0.0085811,0.006997,0.012847
1,2.574e-06,2.777e-06,1.8283e-06,1.4008e-06,6.3511e-06,3.2797e-06,7.3901e-06,6.008e-06,7.3191e-06,6.6702e-06,1.2296e-05,2.8817e-05,2.9384e-05,0.00074914,0.00051234,0.00031457,0.00095634,0.0018012,0.0019548
1,0.00019482,0.0006035,0.00024838,0.00010705,1.7237e-05,1.3294e-05,1.2302e-05,2.9501e-05,2.2842e-05,0.00038802,0.00036081,0.0019256,0.00064686,0.0014916,0.0014252,0.0034174
1,2.5079e-05,6.234e-05,0.00027014,5.4663e-05,3.8052e-05,3.234e-05,1.8602e-05,1.8546e-05,0.00014179,0.00010709,0.00013271,0.00020808,0.0010214,0.00068121,0.00077397,0.0012075,0.00097885,0.00038229,0.00037446,0.0012775,0.0060052
1,1.4723e-05,0.00079874,0.00030638,4.6437e-05,1.5462e-05,1.0196e-05,3.4756e-05,2.1892e-05,5.526e-05,9.3111e-05,0.00021292,0.00045322,0.001607,0.0019727,0.003345,0.0076105,0.005572,0.0010859
1,6.9316e-05,0.009812,0.0028608,0.00041334,0.00032072,0.00021203,0.00014247,0.00014232,3.4985e-05,5.6846e-05,8.6353e-05,0.0013538,0.00044107,0.0019612,0.0024476,0.0028032,0.0015322,0.0068237,0.0046558,0.0011475
1,3.2169e-06,0.0034892,0.00024697,2.4032e-05,8.6363e-05,9.5899e-05,0.00012117,0.00038388,0.00056583,0.00084469,0.0052771,0.014468,0.0071961,0.0049068,0.0031835,0.0026747,0.0069931
1,3.65e-05,2.789e-05,7.039e-05,0.00010862,0.00011297,0.00023532,0.00020612,0.00031823,0.001744,0.00036428,0.00046032,0.00025479,0.00024924,0.00036719,0.00057236,0.000907,0.0032142,0.0024322
1,8.7623e-06,7.1036e-06,3.7855e-05,1.7043e-05,9.6223e-06,4.4849e-05,2.5016e-05,4.3345e-05,8.7234e-05,0.00040104,0.00041738,0.00062083,0.00064743,0.0018658,0.0023678,0.0022737,0.0046501
1,2.8895e-05,3.3664e-05,2.0968e-05,6.1849e-05,9.1183e-05,0.00016196,0.0002324,0.00039706,0.00024321,0.00022143,0.00018857,0.0001562,0.00045798,0.001896,0.0014655,0.0025467
1,2.8042e-06,3.3029e-06,4.1845e-06,6.5744e-05,0.00042222,0.000318,0.00027835,0.00014477,0.00061591,0.00061895,0.00089981,0.00063312,0.00042651,0.0005036,0.0022284,0.0016487,0.0012024,0.00059731,0.0019574
1,2.2406e-06,3.314e-06,3.9315e-06,6.7195e-05,0.00065303,0.0010212,0.00066358,0.00090565,0.0018522,0.00086485,0.00061757,0.00032429,0.00033498,0.00038796,0.00089215,0.0015134,0.0012303,0.0021173
1,0.00067156,0.00065232,0.00077383,0.00065427,0.00048494,0.00038526,0.00043547,0.00071499,0.00069055,0.00035404,0.00035599,9.4034e-05,0.00012757,8.2588e-05,6.4621e-05,0.00014302,1.8021e-05,1.6111e-05,2.3627e-05,1.2921e-05,2.5176e-05,0.00020831,0.0001292,0.00038986,0.00015524,9.9415e-05,4.2339e-05,6.3313e-06,9.2512e-06,0.00023974,0.0025154,0.0011613,0.0009563,0.0013335,0.0010359,0.0027415
1,0.00067719,0.0023556,0.0006699,0.00019413,0.00029582,0.00048432,0.00023206,0.00022311,0.0010425,0.00091245,0.0005718,0.0011275,0.00025002,1.2655e-05,1.2339e-05,1.6128e-05,4.3236e-06,1.1621e-05,5.8768e-05,0.00050374,0.00064911,0.00077702,0.00073914,0.0034143,0.0037498,0.0015866,0.0015597,0.006834,0.0057788,0.0032888,0.0012604,0.003491
1,1.6167e-05,2.6861e-05,1.1509e-05,5.5303e-06,8.2461e-06,1.8266e-05,1.9006e-05,2.8625e-05,6.3651e-05,8.3594e-05,0.00013364,0.00017921,0.00015469,1.7005e-05,2.4633e-05,4.204e-05,2.8182e-05,5.9166e-05,0.00013862,0.00016566,0.00044553,0.0001489,0.0001471,0.00047025,0.00016586,4.8219e-05,4.029e-05,2.4507e-05,1.2916e-05,0.00012455,9.1272e-05,2.2582e-05,2.4604e-05,4.9495e-05,0.00043549,0.00035821,0.00032948,0.00043482,0.00045995,0.002547
1,5.6581e-06,8.0784e-06,6.6712e-06,4.6874e-06,2.4472e-05,2.837e-05,2.4093e-05,0.00027861,0.00027645,0.00025905,0.00036092,0.00068087,0.00068795,8.3446e-05,0.00012968,0.00014932,8.2332e-05,6.3525e-05,0.00067719,0.00061374,0.00011917,4.9144e-05,9.7257e-05,4.5366e-05,2.2385e-05,0.00012749,0.0013051,0.00090993,0.00073281,0.0024301,0.0032901
1,0.009233,0.0081987,0.00017854,8.2795e-05,5.5419e-05,2.7499e-05,4.8803e-05,0.00020457,0.00046781,0.00063019,0.00025629,0.00012589,0.00011747,2.6648e-05,2.3065e-05,4.1726e-05,6.2751e-05,6.7177e-05,0.001414,0.0043215,0.010894,0.012273
1,0.00067653,0.004443,0.0029473,0.0026534,0.013227,0.0059005,0.0061418,0.00025682,0.00025985,0.00052408,0.00024542,0.00024535,0.00029257,0.00015215,2.1429e-05,2.2902e-05,3.7456e-05,3.5501e-05,3.6728e-05,0.00011787,0.00022591,0.00048991,0.0013415,0.0097698,0.0048937
1,0.00023847,0.00037812,3.1427e-06,2.0592e-06,1.4158e-05,2.6245e-05,4.9164e-05,0.00046442,0.00058825,7.3826e-05,7.7093e-05,2.775e-05,1.1965e-05,2.7783e-05,7.6661e-05,0.00012984,0.0010257,0.0029963,0.0019073,0.0037559
1,0.00025897,0.0012637,5.2605e-05,4.8613e-05,4.7852e-05,8.4299e-05,6.8713e-05,0.0003836,0.00075296,0.00036352,9.1334e-05,5.7179e-05,1.4984e-05,1.2085e-05,1.0972e-05,2.0892e-05,4.8239e-05,0.0002634,0.00074699,0.0012787
1,0.0040495,0.016171,0.011966,0.003553,0.0046127,0.0041225,0.0040422,0.0018233,5.0391e-05,4.6581e-05,7.2163e-05,7.3004e-05,3.2763e-05,2.6434e-05,0.00010318,0.00049838,0.00080356,0.00054832,0.0003784,0.00018393,0.00012996,0.00052663,0.0025537,0.02082
1,0.0016891,0.00075782,0.00075424,9.9306e-05,4.6374e-05,7.8435e-06,8.8668e-06,1.3813e-05,0.00020716,0.00015295,0.00023357,8.1972e-05,0.00018111,0.00038126,0.0007391,0.00053552,0.0014024,0.0023965,0.0018153,0.0012908,0.0013987,0.0027474,0.0025104,0.002634,0.0034532
1,0.00031436,0.00062796,0.00085229,0.0003784,8.6581e-05,0.00020675,0.00030692,0.00061861,0.00083675,2.4312e-05,2.3872e-05,7.0592e-05,3.5312e-05,2.7307e-05,0.00020189,0.0004588,0.00092218,0.00052468,0.00016193,0.0001987,0.00066293,0.00074415,0.0010705,0.0040879,0.0024996,0.0013484
1,0.00024446,0.00078314,0.00043528,0.00029049,2.2814e-05,1.6571e-05,3.5731e-05,3.1568e-05,2.8647e-05,5.035e-06,4.4989e-07,3.0084e-07,4.2069e-07,2.3113e-06,3.1059e-05,9.3128e-05,0.00047876,0.00038657,0.00044588,0.0011285,0.0013336,0.0013052,0.00073035,0.0024967,0.0047373,0.0016444,0.004194
1,3.3787e-05,0.00017667,0.00047928,7.7347e-06,4.7841e-06,1.0343e-05,0.00015523,0.00015872,1.6464e-05,1.5657e-05,2.8114e-05,0.00015063,0.0001031,0.0008168,0.0010007,0.00046097,0.001297,0.0011554,0.0024433,0.0025901,0.0019033,0.0024788,0.0030664,0.001618,0.0017815
1,5.3302e-05,3.0624e-05,1.3216e-05,4.3065e-06,3.744e-06,1.2851e-05,1.7538e-05,8.1783e-05,0.00011913,4.8665e-05,8.7205e-06,1.0059e-05,4.8211e-05,3.5624e-05,0.00016018,0.00017437,0.00011922,4.8585e-05,6.3988e-05,4.3169e-05,0.0031985,0.0025828,0.0040431,0.004749,0.0093028,0.021938
1,3.7752e-06,1.233e-05,3.1142e-05,0.00014657,0.00030759,0.0001534,0.00026409,0.00036232,0.00045202,0.00047216,0.00050817,0.0019906,0.0015632,0.0012698,0.0013309,0.00087378,0.00058498,0.0007526,0.00084395,0.00088613,0.0019917,0.00041925,0.0014269,0.0021811,0.00087008,0.00071855,0.0020111,0.0032265,0.0069352,0.0084504,0.0084464,0.0087939,0.0051031
1,0.00012543,0.00014152,0.00016442,0.00043619,0.00022654,0.00014477,0.00012342,0.0002979,8.6604e-05,0.00036545,0.00053323,0.00050917,0.0010643,0.0029124,0.0014417,0.0033364,0.00045997,7.1897e-05,8.7e-05,5.5003e-05,3.6201e-05,3.5324e-05,0.00065165,0.00038981,0.00048299,0.001228,0.002858,0.0014825,0.0021546,0.0032447,0.0035562,0.006556,0.0052799,0.0016887,0.0072033
1,5.0179e-05,0.00012811,6.3265e-05,4.2227e-05,3.8544e-05,4.1834e-05,5.2872e-05,6.4313e-06,1.1273e-05,1.4026e-05,1.1072e-05,1.7165e-05,0.0001271,5.7861e-05,0.00011461,8.4519e-05,1.2726e-05,9.762e-06,1.7941e-05,1.6305e-05,1.9752e-05,4.4439e-05,2.7773e-05,6.9587e-05,2.3274e-05,1.6792e-05,2.1924e-05,7.2498e-05,0.00027308,0.00049843,0.0014648
1,1.8331e-05,3.1386e-05,0.00026845,0.00011924,6.013e-05,3.075e-05,2.1653e-05,9.3839e-06,1.6343e-05,5.9998e-05,0.00014156,0.00011326,5.226e-05,0.00010807,0.00013376,0.0001504,8.5272e-05,0.00044041,0.00024842,0.00023939,0.0010006,0.0019372,0.002468,0.0048645,0.0055611,0.0041061,0.0029897,0.0039255
1,0.00048843,0.0046108,0.0054034,0.0022545,0.0027765,0.0039727,0.001065,0.00033932,0.00012224,0.00021953,0.00016309,4.3398e-05,1.626e-05,1.5679e-05,4.9402e-05,2.6576e-05,1.6179e-05,0.00015598,0.00023256,0.001293,0.0027632,0.0067104,0.002018,0.00080171,4.2239e-05,1.1277e-05,9.0357e-06,6.0592e-06,5.5855e-06,4.568e-05,0.001173,0.0030517,0.0030115,0.0031672,0.00098351,0.0013864,0.00090488,0.0016386,0.004954
1,2.4173e-05,6.1324e-05,6.1721e-05,3.1868e-05,5.8339e-05,0.00020718,0.00027008,0.00044341,0.00024488,0.00016617,0.00019006,2.2858e-05,2.1805e-05,4.7314e-05,4.4991e-05,0.000122,0.00067709,0.0037464,0.0040219,0.00075462,0.0012909,0.00097679,8.452e-05,1.7402e-05,2.3714e-05,2.6391e-05,2.7284e-05,4.9296e-05,0.00012173,0.00064297,0.00051511,0.0028105,0.0044481,0.0023568,0.0021738,0.0016959,0.0012678,0.0012307,0.0032629,0.0031563
1,2.2745e-05,7.0017e-05,0.00023941,3.2888e-05,8.1043e-05,0.0012929,0.0016342,0.0011005,0.00060214,0.00053394,0.00075492,0.00026898,0.00037215,0.00066601,0.0012833,0.00079173,0.00081754,0.00045058,0.00044627,0.00040362,0.00031081,0.00032855,0.00044988,0.00046148,0.00020851,0.00022005,0.0006432,0.0012802,0.0020714,0.0030523,0.0049752,0.0065157,0.0048046,0.0037758,0.0083397,0.0040992,0.004585
1,0.00026403,0.00052393,5.8011e-05,3.0449e-05,3.6407e-05,2.7669e-05,2.6566e-05,8.3743e-05,3.3736e-05,6.6096e-05,4.3697e-05,6.2791e-05,4.0638e-05,7.5971e-05,0.00010679,9.7412e-05,0.00029945,0.0011163,0.00030934,0.00025407,0.00032244,0.00035504,0.00049845,0.00059902,0.0012486,0.0013724,0.0011188,0.0016492,0.001083
1,9.8158e-05,0.00018097,0.00011895,0.00015627,0.00035358,0.00090261,0.00051776,0.0014928,7.438e-06,7.1159e-06,3.6275e-06,4.6257e-06,4.0079e-06,6.7237e-05,0.00013537,3.4441e-05,2.6304e-05,3.6585e-05,3.6598e-05,0.00032746,0.00097491,0.0022404,0.0006049,0.00060585,0.0021433,0.0019628,0.0013516,0.0011242,0.0017379,0.0040241
1,1.1967e-05,6.7489e-05,4.2765e-05,1.2553e-05,3.4658e-05,1.628e-05,1.3567e-05,1.0189e-05,0.00020873,5.7028e-05,0.0001312,0.00011483,9.5544e-05,5.3741e-05,0.00010476,0.00014788,7.2277e-05,8.7064e-05,0.00016295,0.00032267,0.00049452,0.00094666,0.0023272,0.0032541,0.0022416,0.0013396,0.0022035,0.0030354
1,8.5934e-05,0.0068246,0.00024179,0.00017934,0.00022865,0.00011936,6.3531e-05,6.1399e-05,4.5486e-05,0.00053599,0.0010079,0.00050971,0.0012239,3.6809e-05,4.7322e-05,3.9042e-05,8.5026e-05,5.4425e-05,0.00010704,0.00039878,0.00049145,0.00023554,0.00095068,0.0016478,0.0013436,0.00492,0.0059123,0.0023154,0.0032773,0.0031449,0.0023439
1,4.315e-06,2.3292e-05,1.6434e-05,2.146e-05,0.00026123,0.00040953,0.00038312,0.00021777,0.00023428,0.00032721,8.5132e-05,4.75e-05,5.5713e-05,5.0138e-05,0.00011152,0.00057107,0.0017152,0.0026584,0.0021068,0.0023781,0.0031454,0.0040233
1,0.00017149,0.00037856,0.0002619,0.00039555,5.0381e-05,2.6682e-05,1.1475e-05,3.6187e-05,3.7514e-05,3.803e-05,4.766e-05,0.00016192,7.2496e-05,0.00025758,0.00026428,0.00054054,0.00070326,0.0014963,0.0017625,0.0009291,0.00078373,0.00057278
1,8.3522e-06,7.6212e-06,1.8992e-05,2.8511e-05,5.6241e-05,0.0001406,0.00011341,5.3172e-05,5.2766e-05,6.9306e-05,0.00025781,0.00027503,6.3475e-05,4.8702e-05,6.9448e-05,5.5616e-05,0.0001056,0.00029619,0.00080497,0.0018559,0.0018313,0.001184,0.0019429,0.0025447,0.0052717
2,1.0669e-05,1.8001e-05,1.4919e-05,2.186e-05,0.00017928,0.00012813,0.00016892,4.3269e-05,2.9748e-05,1.9089e-05,6.245e-06,6.848e-06,1.5122e-06,8.777e-05,5.3674e-05,0.00017803,0.00069095,0.001332,0.0061901
2,3.6774e-05,2.5667e-05,3.5989e-05,5.1678e-05,0.00010691,0.00019276,0.00025946,0.0012296,0.00032735,0.00012121,0.00030359,0.00037265,0.00055173,0.001075,0.00138,0.0038132
2,0.00014767,0.00041,0.0003217,0.0001491,7.5609e-05,0.00010471,0.00037378,0.00011345,4.9007e-05,5.2329e-05,3.3472e-05,2.0266e-05,6.4623e-05,0.0012852,0.00065747,0.00090068,0.00081801,0.00093763,0.0007906,0.0011611,0.0017159,0.0035901
2,0.0012121,0.0013453,0.00067275,0.00051124,0.00041924,0.00034697,0.00040129,0.00045353,0.00089837,0.001024,2.9572e-05,1.5965e-05,1.1092e-05,4.7637e-06,4.5153e-06,0.0037646,0.00026322,0.00017392,0.00028447,0.00026852,0.00043174,0.00065075,0.0010592,0.0029592
2,1.2075e-05,1.6631e-05,8.0057e-06,7.4155e-06,2.7176e-05,1.671e-05,2.4314e-05,0.00011855,0.00010116,9.0007e-05,4.1056e-05,6.3076e-05,2.5924e-05,5.623e-05,0.00031209,0.00037047,0.0010627
2,0.00011182,0.00013983,7.9072e-05,2.3473e-05,5.5941e-05,6.5172e-05,0.00020196,9.421e-05,5.1311e-06,4.3334e-06,2.4056e-06,2.6209e-06,4.3092e-06,8.8529e-05,0.00023598,0.00014769,0.00064891,0.00093092,0.00097638,0.0050094
2,0.00065861,0.0005595,0.00032214,0.00044926,0.00075207,0.00098896,0.0021936,0.00084758,0.00043717,0.00043285,0.00039851,0.0001472,8.0713e-06,9.0693e-06,7.0426e-06,2.9223e-05,0.00015591,0.00030065,0.00021959,0.00013282,0.00018841,0.0015006,0.0034661,0.005053
2,0.0011825,0.0027441,0.00018997,0.00027427,9.4398e-05,4.9243e-05,3.8713e-05,3.2706e-05,1.2292e-05,9.3047e-05,0.00010964,5.825e-05,0.00019204,0.00019207,0.00012998,0.00032433,0.0011479,0.00095312,0.0022829,0.011661,0.010201
2,0.00025838,0.0019199,0.00050472,1.4834e-05,8.7189e-06,2.2313e-06,3.4992e-06,3.8763e-06,2.75e-06,5.8188e-06,0.00028908,0.00032414,0.00085607,0.0045538,0.0022787
2,1.9272e-05,3.4181e-05,4.0795e-05,6.1621e-05,2.8323e-05,3.857e-05,3.1927e-05,0.00014415,0.00038807,0.00064382,0.00059352,0.00058339,0.002245,0.0012251,0.0010299,0.0016327,0.003619
2,0.00017423,0.0039364,0.070924,0.00091065,0.0036252,0.00060966,5.1193e-05,2.1364e-05,0.00012143,4.0725e-05,4.3784e-05,7.6248e-05,0.00020227,5.2932e-05,0.000144,0.0012211,0.00057975,0.00078558,0.0047946,0.0049571,0.0014627,0.0055147
2,2.828e-05,7.1729e-05,6.446e-05,6.3794e-05,6.8009e-06,1.2195e-05,1.4759e-05,1.7305e-05,2.4649e-05,0.0015798,0.0015153,0.0020523,0.0052485,0.0073257,0.0083656
2,1.601e-05,0.00022545,0.00069557,0.00059993,0.00012229,0.00019822,0.00028936,0.00011153,0.00011407,8.6486e-05,7.7635e-05,4.7454e-05,0.00029213,0.0017656,0.0021648,0.0014088,0.0015389,0.0029683,0.0026254
2,1.883e-05,0.00070437,0.0047624,0.012517,0.000233,0.0001529,0.00014262,5.9405e-05,2.2204e-05,3.3333e-06,4.3769e-06,6.4028e-06,1.1703e-05,1.3449e-05,7.4897e-05,6.3533e-05,2.1331e-05,0.00057774,0.00077266,0.00044311,0.00056264,0.0042448,0.0019137,0.0017617,0.0021525
2,1.8687e-05,8.2371e-05,2.5734e-05,1.4694e-05,1.116e-05,1.2813e-05,7.8159e-06,1.0464e-05,2.9609e-05,0.00012398,0.00049872,0.00044836,0.0023159,0.001947,0.003702
2,0.0028767,0.0021314,0.0011056,0.00031127,0.00044973,0.00064047,0.00036973,0.00031887,0.00021036,0.00013235,0.0001178,0.00024446,0.00013521,0.00055581,0.00039954,0.00019263,0.00027928,0.00038737,0.00051743,0.00037547,0.00032037,0.00025635,0.00042522,0.00025399,0.0003103,0.00029819,0.00064548,0.00087125,0.0028486
2,7.8323e-06,4.2737e-06,2.9038e-05,1.8208e-05,3.8474e-06,5.7493e-06,5.7185e-06,3.5962e-06,2.6473e-05,7.2143e-05,2.1668e-05,1.8954e-05,1.6755e-05,1.3865e-05,2.4438e-05,0.00013585,0.0067479,0.0021001
2,3.2469e-06,4.3754e-06,5.4555e-06,4.7695e-06,9.8847e-06,8.8896e-06,7.5836e-06,9.5363e-06,5.8474e-06,4.989e-05,0.02389,0.00028174,0.0003129,6.5426e-05,0.0001316,8.4044e-05,0.00047935,0.0016898,0.0019339,0.0015862,0.0021952
2,1.0282e-05,1.071e-05,4.1806e-05,3.6005e-05,4.855e-05,4.1102e-05,3.5325e-05,6.773e-05,0.00011193,2.5585e-05,0.0001464,9.5504e-06,1.3927e-05,2.0411e-05,0.00012359,0.0011498,0.0014622,0.0012897
2,7.7042e-05,8.9912e-05,7.006e-05,3.2048e-05,1.9633e-05,1.1456e-05,2.934e-06,9.7328e-07,1.3365e-06,2.4019e-06,0.00039516,1.0558e-05,3.937e-06,2.4602e-06,1.6512e-06,1.0867e-05,0.00010286,0.0001426,0.00013761,6.1486e-05,9.202e-05,5.5206e-05,0.00027375,0.00055387,0.0013014,0.0010454,0.0011408
2,7.2426e-05,0.00013949,0.00014109,7.2487e-05,9.6274e-05,3.53e-05,4.6235e-05,0.00015802,3.2855e-05,3.7168e-05,2.7432e-05,1.7612e-05,1.9962e-05,0.00049696,0.0026703,0.0027783
2,2.1152e-05,2.5626e-05,4.5904e-05,9.0822e-05,9.9385e-05,0.00017264,0.00013261,9.6343e-05,0.00013677,0.00022651,0.00081079,8.9003e-05,0.00011659,5.3607e-05,0.00010295,0.00010142,0.00029937,0.00015866,0.0019637,0.0011164
2,0.00020848,0.00089216,0.0005088,0.00042487,0.00039831,0.00031812,0.00040617,0.00086053,0.0010647,9.4388e-05,9.5673e-05,7.1235e-05,3.4966e-05,3.0917e-05,0.0004302,0.00033592,5.1627e-05,0.00014072,0.00028816,0.00012941,0.00041532,0.0011706,0.0013464,0.0003468,2.372e-05,1.6619e-05,4.0388e-05,1.9863e-05,6.9547e-06,0.00079484,0.00035288,0.000207,0.0017506,0.0020884,0.0051653
2,2.3672e-05,2.0219e-05,6.2889e-06,5.9627e-06,4.5807e-06,6.5837e-06,2.6398e-06,7.4602e-06,4.8007e-06,8.5729e-06,4.0115e-05,0.00013607,3.1212e-05,3.2287e-05,4.0715e-05,6.1711e-05,7.6738e-05,0.00062438,0.00041918,2.7101e-05,3.4971e-05,1.1076e-05,7.9271e-06,2.439e-05,0.00072039,0.00049661,0.00058814,0.0016759,0.0029412,0.0052599
2,4.7049e-05,8.6423e-05,8.4414e-05,0.00012113,0.00065305,0.00080198,0.00041758,0.00044659,0.00062604,0.00060812,0.0006736,0.00042613,5.1948e-05,0.00012597,9.8797e-05,5.2628e-05,0.00012555,0.0001408,0.00023441,5.9677e-05,0.00012562,7.5805e-05,0.00012447,0.00017336,0.00090056,0.00063249,0.00079471,0.0016925,0.0021956
2,1.6793e-05,2.0258e-05,4.6323e-05,1.9481e-05,2.8636e-05,3.0001e-05,1.7167e-05,4.5162e-05,0.00011656,0.0001106,0.00011785,0.00010898,1.1943e-05,8.9918e-06,1.7343e-05,8.0727e-06,5.0504e-06,0.00010564,0.00030083,0.00011435,0.00012121,0.00039659,0.00031418,0.0001228,0.0004594,0.00083901,0.00036657,0.0015082,0.0022904,0.0026608
2,0.0035263,0.0065425,0.0026837,0.00244,0.0023767,0.0021254,0.0023869,0.0036437,0.0020463,0.00088794,0.00091044,0.0012153,0.0010731,0.0010401,0.00077837,0.00036492,0.00042128,0.00054592,0.00049838,0.0003685,0.0002506,0.00052696,0.00024936,0.00019378,5.9478e-06,7.9652e-06,6.0672e-06,1.336e-05,6.0669e-06,0.00035183,0.00055526,0.00070376,0.00228,0.0028885,0.003247,0.0035605,0.0020203,0.001896
2,2.1984e-05,3.0051e-05,1.8954e-05,8.6882e-06,6.6307e-06,1.1429e-05,1.6715e-05,2.2015e-05,5.9582e-05,5.8011e-05,0.00016595,9.6756e-05,0.00012792,0.0012058,1.1225e-05,7.6436e-06,1.2446e-05,9.8135e-06,6.2105e-06,0.00014741,0.00031179,0.00014089,0.00018572,8.8083e-05,2.055e-05,2.3312e-05,4.0791e-05,0.00013743,0.0002674,0.00087282,0.00092053,0.00071029,0.0018388,0.0025061,0.0053739
2,0.00028627,0.00070319,0.00069005,0.00017444,0.00016117,0.00049547,0.00031247,0.00032152,0.00017901,0.00035076,0.00040102,0.00040878,0.0005116,0.00040617,0.00013335,2.3477e-05,2.686e-05,1.8143e-05,2.2597e-05,4.3625e-05,5.0399e-05,6.2995e-05,0.00020277,1.7937e-05,1.445e-05,1.4561e-05,1.8203e-05,8.0208e-06,0.00011652,0.00021974,0.00018992,0.00034269,0.00083057,0.0018741
2,0.00017601,0.00041028,0.0011182,0.0012355,0.0011807,0.00035478,0.00019396,0.00025886,0.00043709,0.00051896,0.0013483,0.00054776,0.00060185,0.00080258,0.0011578,0.00058512,0.00085784,0.00067665,1.7044e-05,6.6716e-06,1.2444e-05,3.9929e-06,2.8317e-06,1.2758e-05,1.1239e-05,1.8895e-05,3.6146e-05,0.00016931,5.8164e-05,4.8474e-05,4.7348e-05,4.0927e-05,1.6205e-05,3.8255e-05,0.00016307,0.0001138,0.00025564,0.00093131,0.00063054,0.0013221,0.0034939
2,0.0013593,0.001945,0.0012461,0.00039712,0.00014242,7.6855e-05,3.8867e-05,3.3156e-05,2.2859e-05,1.0066e-05,1.807e-05,1.3735e-05,4.0786e-06,1.1199e-05,6.7354e-05,0.00017275,0.00017004,1.8339e-05,1.1185e-05,1.5797e-05,3.1264e-05,0.0009765,0.0030177,0.0047336
2,0.0014123,0.001519,0.0018784,0.0011589,0.0040933,0.0035524,0.0013995,0.00084009,0.0014093,0.0014377,0.00051904,0.00042091,0.00025081,2.4549e-05,5.4476e-06,2.6927e-06,1.8315e-06,3.582e-06,0.00011917,0.0012129
2,0.00075832,0.0018645,0.0015074,0.0012116,0.00051801,0.00033343,0.00037574,0.00040939,0.0002446,0.00020625,0.00054313,0.00039785,4.5975e-05,5.5391e-05,3.4636e-05,1.4762e-05,9.7129e-06,4.7822e-06,3.8571e-06,6.5717e-06,2.4262e-05,0.00034976,0.0028271
2,0.00089622,0.0012822,0.0012676,0.00022925,0.00045316,0.0021667,0.00074902,5.7551e-05,9.6523e-05,0.00015173,7.6303e-05,2.3335e-05,0.00010414,2.7618e-05,1.4563e-05,1.1718e-05,1.1413e-05,8.5528e-06,3.0221e-05,0.00093022,0.0019603
2,0.00075965,0.00098835,0.0027845,0.00012516,0.00011537,0.0001882,0.00011699,0.00014767,0.00021452,0.00011756,0.00014448,3.1625e-05,2.127e-05,3.7105e-06,4.3727e-06,2.1158e-06,3.037e-06,2.3662e-06,2.2723e-05,0.00070477,0.0026666,0.0010844,0.0033669
2,0.00024752,0.000557,0.001321,0.0013523,0.00087438,0.00072884,0.00078898,5.3038e-05,6.586e-05,4.0707e-05,2.2169e-05,1.6309e-05,3.1654e-05,2.9665e-05,7.6907e-06,4.1216e-06,7.467e-06,9.118e-06,1.5377e-05,0.00016501,0.001152,0.0011632,0.0026878
2,0.00093998,0.0019415,0.00027404,0.00034941,0.00042786,0.0005149,4.1914e-05,6.0317e-05,4.1071e-05,0.00015903,2.7305e-05,9.8849e-05,0.0005528,0.0002405,0.00044262,0.00061536,0.00075885,0.00032627,0.00077161,0.0012641,0.0032244,0.00055269
2,2.7576e-05,2.1921e-05,1.4258e-05,1.5085e-05,0.00014669,5.1458e-05,3.6349e-05,6.1192e-05,4.4172e-05,3.1231e-05,0.00012428,9.7101e-05,4.3953e-05,4.0373e-05,2.151e-05,4.0102e-07,1.0243e-05,1.9917e-05,4.7638e-05,2.8289e-05,0.00017465,0.00019818,0.00022296,0.00033292,0.0002893,0.00036458,0.0010125,0.0011208,0.001074,0.0017788,0.0018313,0.0018246,0.00058583
2,6.4662e-05,8.2598e-05,0.00015015,5.5705e-05,0.00014485,8.8946e-05,0.00043051,0.00031119,4.8998e-06,2.4831e-06,4.4208e-06,1.8748e-05,8.7096e-06,0.00020341,0.00045443,0.00077302,0.00072982,0.00038715,0.00050513,0.00047256,0.00059969,0.0025592,0.0041125
2,0.00020067,9.3338e-05,5.4067e-05,8.4932e-06,5.3163e-06,1.0477e-05,8.53e-05,9.9748e-06,5.9561e-06,1.7189e-05,4.4075e-05,2.1001e-05,8.4573e-05,8.3129e-05,3.2808e-05,9.6981e-05,0.00024652,0.00019914,0.00020965,0.00017421,0.0003686,0.00053528,0.0041623
2,0.00026238,0.00080273,0.0013362,0.001526,0.00012595,0.00022904,0.00062707,0.0011228,0.0011022,0.0064909,0.0060196,7.7616e-05,1.5572e-05,2.9991e-05,1.064e-05,8.1195e-06,0.00021534,0.00079377,0.001819,0.0011185,0.0012048,0.0017333,0.0022698,0.0021149,0.0012368,0.0014376,0.00096747,0.0026787,0.0016242,0.0035982
2,3.7791e-05,0.0001114,0.0001194,0.00010558,5.3981e-05,0.00011386,0.00020283,0.00028366,0.00033699,0.00090679,0.0020298,0.00085845,2.3654e-06,2.4617e-06,4.6069e-06,1.25e-05,9.6264e-06,3.1923e-05,4.4194e-05,9.8553e-05,0.00013186,0.00010371,0.00016946,0.00015312,7.981e-05,0.00062433,0.001575,0.0017338
2,0.002928,0.0041629,0.0038478,0.0012429,0.00093896,0.00115,0.00072758,0.00020505,0.00014385,3.2067e-05,9.9995e-06,2.3812e-05,1.6451e-05,1.358e-05,1.4818e-05,0.00027494,0.00079427,8.1802e-05,1.5353e-05,5.4763e-05,5.5317e-06,4.0228e-06,2.726e-05,0.00018453,0.0011986,0.0044826,0.0087699,0.0059052
2,1.741e-06,9.2441e-06,2.1192e-05,2.6043e-06,2.3951e-06,3.6235e-05,2.7737e-05,5.2433e-05,0.00012004,5.3745e-05,2.7041e-05,3.721e-05,6.5996e-05,2.4575e-05,1.7424e-05,6.1979e-05,2.4572e-05,1.7306e-05,1.202e-05,3.8326e-05,8.5554e-05,0.00031937,0.0031455,0.003185
2,9.2226e-05,0.00027286,0.00010877,5.6433e-05,9.4578e-05,7.1831e-05,6.4898e-05,0.00013693,0.00010564,3.5339e-05,0.00021572,0.00028835,0.00015969,0.00074613,0.0019314,0.0025643,0.0019969,6.2882e-05,6.3117e-05,4.9837e-05,2.3785e-05,3.5468e-05,3.8696e-05,2.9095e-05,0.00034773,0.00038548,0.00017536,0.00013731,0.00016738,0.00030823,0.0017418,0.0011633
2,0.0017395,0.00093945,0.00074301,0.0010135,0.00079884,0.0018881,0.0022108,0.002744,0.0015284,0.00091223,0.00044846,0.00053461,0.00092106,0.00020151,0.00023671,0.00010994,0.00021266,0.00068417,0.00012187,2.4757e-05,2.1955e-05,1.407e-05,7.6876e-06,1.0021e-05,1.5617e-05,4.0715e-05,2.8588e-05,0.00052421,0.0026642
2,1.005e-05,2.4803e-05,8.9838e-06,1.9787e-05,3.5638e-05,5.9703e-05,3.4486e-05,3.9154e-05,1.1539e-05,9.4407e-06,6.7467e-06,4.7008e-06,7.2472e-05,3.3639e-05,7.035e-05,5.5741e-05,2.6798e-05,4.4338e-05,9.3883e-05,0.00011569,0.00037801,0.00019812,0.00012588,0.0001355,0.00020164,0.00013684,0.00050245,0.0010111,0.003089,0.0049548,0.0046103,0.0023011,0.0019486
2,0.00023619,0.0026653,0.00059664,0.00029495,0.00013943,0.00011395,1.7641e-05,8.2229e-05,0.0001621,3.5725e-05,0.00029262,0.00019988,0.00012626,8.5498e-05,0.00012049,0.0002345,0.00019052,0.00016031,3.2304e-05,0.00016667,1.9583e-05,3.1661e-05,2.8773e-05,0.00025071,0.0009289,0.00093751,0.0030072,0.0076916
2,0.0038637,0.0034832,0.0011626,0.00038499,0.0001852,8.7296e-05,0.00014925,0.00017022,0.013106,0.010364,0.0067511,0.0052146,0.0038436,0.00011985,7.2953e-05,6.5102e-05,1.7155e-05,2.4864e-05,3.6274e-05,4.1165e-05,2.5523e-05,0.00073069,2.6738e-05,4.4413e-05,9.3636e-06,1.228e-06,2.5855e-06,7.1347e-06,8.4419e-06,0.0009827,0.00099669,0.0038552,0.0031608,0.011832,0.0089864,0.0057056
2,0.0031407,0.0060322,0.0041319,0.0041671,0.0035828,0.0029729,0.0047551,0.0079523,0.0051469,0.0045762,0.0060057,0.0040439,0.00050674,0.00048157,0.00016719,0.00017384,0.00021117,3.9548e-06,2.0138e-05,2.2277e-06,3.3943e-06,1.1623e-06,1.5925e-05,8.0168e-05,0.00013422,0.0018939,0.005919
2,8.6192e-05,0.0012817,0.001561,0.00056949,0.0008476,0.00065371,0.00085291,0.00068144,0.00057549,0.00063838,0.00042545,0.0013193,0.0018263,0.00092704,0.00093529,0.0011379,0.0012664,0.0012453,0.00045997,0.00064178,0.00057464,0.0007458,0.00071022,0.00090216,0.0013715,0.00037695,0.00062898,0.00011019,6.3786e-05,6.313e-05,3.9644e-05,2.2723e-05,0.00020531,0.0010468,0.0015148,0.001929,0.0017001,0.00091432,0.0014689,0.002115,0.0017285
2,0.0036904,0.00181,0.0013486,0.00091801,0.00052374,0.00061298,0.0016461,0.0018565,0.0026693,0.0041488,0.0013967,0.00072775,0.00072787,0.001612,0.001483,0.0013492,0.00081029,0.0013972,0.0013394,0.002672,0.0017797,0.0015015,0.0013172,0.002788,0.001391,0.00059413,0.00032784,0.00024194,0.0001648,0.00010297,0.0001061,3.0617e-05,1.864e-05,1.2288e-05,2.4054e-05,1.3257e-05,2.3481e-05,0.00018665,0.00023999,7.9892e-05,0.0001395,0.0003276,0.00075827,0.001181,0.0040634
2,1.4194e-05,4.7663e-05,2.4055e-05,0.00011457,4.4708e-05,7.4339e-05,4.06e-05,0.00070378,0.00073137,0.0012167,0.0013476,0.00015548,0.00010011,7.6122e-05,3.6057e-05,5.3971e-05,0.00021526,0.00041972,0.00027731,3.7394e-05,1.2807e-05,6.6909e-06,1.5499e-05,3.1962e-05,8.9638e-05,0.0007641,3.1521e-05,1.8849e-05,2.5296e-05,0.00022622,0.00026159,0.00014364,0.00056712,0.00076359,0.00010583,3.2189e-05,1.4206e-05,1.1916e-05,1.154e-05,5.159e-06,2.2349e-05,4.2347e-05,0.0013149,0.0018923,0.00093667,0.0012049,0.0010788,0.0023103,0.00093809,0.00059153,0.0012602,0.0021845
2,1.0815e-05,8.5267e-05,0.00068787,0.00051331,0.00019333,0.00025915,0.00016364,0.00022716,0.00030993,0.00042306,0.000427,0.00038738,0.00019529,0.00015219,0.00044451,0.00033125,0.0014544,0.00025715,0.00044498,0.00019923,0.00038227,0.00023768,0.00050687,0.00026072,0.00022326,0.00018637,9.9029e-05,2.6915e-05,3.7923e-05,7.373e-05,0.00098954,0.0010455,0.0014749,0.0018102,0.0018132,0.0030316,0.0021464,0.0016576,0.0023424
2,0.00019219,0.00032546,0.00050392,0.00070666,0.00076429,0.00048391,0.00013706,6.3315e-05,8.5877e-05,1.0153e-05,4.8502e-06,7.9887e-06,7.2452e-06,1.891e-05,6.9749e-05,0.00013552,0.00034431,0.0005629,0.0002594,0.00059478,0.00051645,0.00039582,0.00024958,0.00010719,6.9753e-05,3.5768e-05,0.00010644,0.00071089,0.0031258,0.0019145,0.0016382,0.002403,0.0012885,0.0015988,0.001676,0.0021644
2,0.00071719,0.00065055,0.00136,0.0012432,0.00098836,0.0012015,0.00067672,0.0012623,0.00096708,0.00047013,0.00065419,0.00044537,0.00029599,0.00026069,0.00028255,0.00069916,0.0017814,0.00041009,0.00050985,0.00034205,0.00030891,0.0004343,0.00060584,0.00026972,6.6983e-05,2.7034e-05,2.3529e-05,2.1789e-05,1.2203e-05,2.3935e-05,2.2393e-05,0.00048098,0.0012806,0.002149,0.002367,0.0050531,0.0028349,0.0021634,0.0015024,0.0012671,0.0035029
2,0.00044381,0.0022041,0.00056723,0.00065442,0.0004525,0.00095653,0.0019895,0.0016334,0.00067986,0.00075581,3.9412e-05,8.9215e-05,0.00011115,7.8512e-05,0.00017102,0.0003171,0.0005528,0.00080412,0.0002432,0.00060839,0.00029087,0.00028704,0.00036334,0.00079358,0.0011061,0.001896,0.0027181,0.0043244,0.0035202
2,0.00067501,0.00091204,0.00097361,0.0013289,0.00013243,6.2819e-05,3.5364e-05,3.5243e-05,4.9619e-05,6.9022e-05,1.3832e-05,2.0408e-05,3.2802e-05,1.0858e-05,5.0296e-06,3.9213e-06,3.1339e-06,2.6719e-06,6.807e-06,6.0582e-06,5.7008e-06,7.612e-05,4.062e-05,4.694e-05,0.00024078,0.00039434,0.00091812,0.0015227,0.0018902,0.0027354,0.0025025,0.0034839
2,0.000144,0.0040184,0.00054471,0.00046262,1.4617e-06,1.4012e-06,1.0638e-06,0.0001316,0.00029259,0.00020754,6.5407e-05,4.0447e-05,3.4529e-05,1.1323e-05,4.7056e-05,3.7068e-05,3.3638e-05,5.7285e-05,3.5868e-05,2.431e-06,1.3145e-06,1.1281e-06,1.1738e-06,2.1249e-06,1.3392e-05,2.3917e-05,0.00021067,0.00013145,0.00016572,0.00024946,0.00038826,0.00027977,0.0013524,0.00098005,0.0010032,0.0019023,0.0013783,0.00056302
2,1.6979e-05,3.1643e-05,1.355e-05,9.6635e-06,1.5652e-05,2.803e-05,2.6419e-05,1.4634e-05,4.798e-05,2.7287e-05,3.9973e-05,2.7163e-05,2.5894e-05,2.6645e-05,4.1816e-05,5.8381e-05,0.00013444,0.00048793,0.00026248,0.00059147,0.00042856,0.00056065,0.00083113,0.0015777
2,0.0011589,0.0029408,0.0020033,0.0011998,0.0025532,0.0016859,0.0023639,0.0020567,0.0021415,0.0021453,0.0026119,0.001124,0.00013738,0.00019597,0.00025135,0.00017825,0.00011633,0.00018988,8.378e-05,3.5324e-05,7.9851e-05,1.078e-05,4.5303e-06,4.1037e-06,3.288e-06,1.695e-06,1.8787e-05,0.00028889,0.00015273,0.00011337,0.00031866,0.00089703
2,0.00070173,0.0012744,0.0014341,0.00076431,0.0006515,0.00053648,0.00059682,0.00065472,0.00076131,0.00016895,0.00028772,0.00013929,0.00023665,0.00013712,0.00013383,0.00013444,4.0439e-05,0.00054141,0.00012321,5.055e-05,5.4259e-05,7.6051e-05,3.0804e-05,2.516e-05,2.5674e-05,3.5236e-05,5.0263e-05,0.00020854,0.00019949,0.00056727,0.0011165,0.0013836,0.0019992
2,0.00024034,0.00060795,7.6449e-05,1.0579e-05,4.2101e-05,1.6256e-05,1.9887e-05,7.4936e-05,2.7972e-05,4.39e-05,4.1357e-05,2.3986e-05,3.5511e-05,4.3139e-05,2.7551e-05,5.0457e-05,0.00015993,0.00021534,0.00017268,0.00022839,0.0002113,0.0001369,0.00019596,0.00075109,0.003478
2,0.001116,0.0015037,0.0018341,0.00076441,0.00044372,0.00087436,5.9052e-05,4.1655e-05,6.6624e-05,2.5257e-05,7.8086e-06,7.2478e-06,9.8843e-06,2.0117e-05,0.00012404,0.00013573,0.00012734,3.4407e-05,4.1513e-06,4.6593e-06,7.4317e-06,1.7849e-05,3.8418e-05,0.00033186,0.00091321,0.0012461,0.0017438,0.001714,0.0013065,0.0016839,0.00069684,0.0015706
2,0.0012665,0.0017167,0.0014671,0.00049047,0.0016028,0.00082569,0.0011627,0.00096553,0.003601,0.0016673,0.0010289,0.0011255,0.00075456,0.00048151,0.00062422,1.9987e-05,1.0053e-05,7.0378e-06,1.8701e-05,2.1955e-05,0.0001863,0.00047498,0.00051738,0.00050454,0.00079445,0.0015829,0.0014901
2,9.8895e-05,0.00010514,0.00010501,4.7193e-05,0.00018007,5.0003e-05,2.6837e-06,4.9847e-06,9.3606e-06,7.6516e-06,5.9824e-06,1.8456e-05,5.9095e-05,4.3036e-05,0.00026277,0.00038922,0.00011775,0.0001644,0.0001363,0.00015841,0.00017317,0.00035238,0.00032436,0.0004691,0.00059051,0.00070867,0.0020569,0.0010394,0.0011194
2,0.00036542,0.00032057,0.00033623,0.00028915,9.9545e-05,3.3584e-05,2.1866e-05,2.918e-05,1.9926e-05,0.00024,6.8166e-05,3.5382e-06,7.4812e-06,5.809e-06,5.8121e-06,0.00011576,5.4129e-05,8.0014e-05,4.4817e-05,9.8708e-05,0.00077034,0.0018742,0.0022257,0.0019731,0.0024739,0.002259
2,1.0038e-05,3.9577e-05,4.656e-05,2.9117e-05,3.3142e-05,2.5243e-05,2.3879e-05,1.9078e-05,3.0711e-05,0.00030649,0.00032595,7.6961e-05,2.3984e-05,1.1727e-05,1.2486e-05,2.7006e-05,0.00025239,0.00030806,0.00078955,0.0017609,0.0015115,0.0028362
2,0.00035818,0.00026675,3.8725e-05,2.5408e-05,1.006e-05,1.1629e-05,7.9261e-06,3.7288e-05,0.00046882,0.00037077,0.00024063,0.00044482,0.00024939,0.00034131,0.00039748,0.0013873,0.0012121,0.0010402,0.0015391,0.0045917,0.0025786,0.0036975
2,0.00010066,5.7948e-05,5.3883e-05,1.6078e-05,2.624e-05,4.6031e-06,2.8566e-06,2.291e-06,3.4323e-06,2.2026e-05,0.00024589,0.0027547,7.2958e-05,5.6352e-05,4.3035e-05,6.1771e-05,0.00012983,0.00033109,0.0027945,0.0011668,0.0011196,0.0025148,0.0030714,0.0015258,0.0031715
2,1.9746e-06,5.7085e-06,1.8924e-05,3.0308e-05,2.8003e-05,9.8452e-05,5.5343e-05,4.3971e-05,8.2411e-05,0.0001049,0.00021574,0.0010115,0.00059095,1.7155e-05,1.0401e-05,1.4767e-05,8.3082e-06,1.0383e-05,0.00065428,0.0010982,0.0010456,0.00068579,0.00098208,0.00098264,0.00098326,0.00097139,0.0021669
3,0.23614,0.57778,0.38114,0.15805,0.14269,0.07423,0.24568,0.25063,0.13867,0.086009,0.08087,0.19579,0.2863,0.39889,0.36036,0.18444,0.013917,0.010559
3,0.043488,0.11339,0.22112,0.13548,0.20106,0.58819,0.65862,0.75797,0.70453,0.46411,0.45192,0.24222,0.25716,0.20556,0.04455,0.096192,0.23651,0.11277,0.039251
3,0.033852,0.14835,0.83446,0.65212,0.3666,0.18827,0.059619,0.10002,0.13262,0.056677,0.070842,0.052131,0.033326,0.014581,0.036687,0.073532,0.13102,0.36752,0.58975,0.4861,0.70672,0.89784,0.64949,0.76762,0.76804,0.83555,0.92263,0.84549,0.65075,0.14966,0.044383
3,0.088402,0.26315,0.2057,0.075409,0.098019,0.056536,0.071848,0.1181,0.51878,0.33592,0.21726,0.13129,0.070878,0.061228,0.088391,0.4166,0.40407,0.21522,0.27996,0.022834,0.013825
3,0.35225,0.29307,0.26742,0.073073,0.17122,0.39305,0.36163,0.35634,0.18175,0.28496,0.71927,0.48845,0.29142,0.40078,0.5125,0.44137,0.28898,0.25494,0.061228,0.0075908,0.0078609
3,0.38801,0.64793,0.65696,0.47728,0.43686,0.31457,0.33342,0.053816,0.052847,0.15449,0.044578,0.020539,0.037181,0.038075,0.022973,0.13831,0.11286,0.2795,0.1909,0.148,0.44967,0.39781,0.52477,0.48019,0.64235,0.41402,0.29713,0.076351,0.012133
3,0.021996,0.013298,0.050085,0.0752,0.081709,0.097858,0.17599,0.078428,0.069294,0.028125,0.041075,0.065817,0.060179,0.055868,0.038634,0.063447,0.056576,0.040134,0.030925,0.033103,0.031164,0.043956,0.020954,0.050073,0.037233,0.053105,0.083365,0.25824,0.41031,0.63241,0.47013,0.44957,0.56101,0.31628,0.27247,0.18834,0.12855,0.03189,0.0074823
3,0.018745,0.02782,0.01511,0.012776,0.051874,0.15233,0.38813,0.44096,0.5,0.41235,0.23514,0.17339,0.123,0.035683,0.05333,0.10321,0.057752,0.06248,0.057932,0.079325,0.099988,0.05311,0.08225,0.048438,0.055499,0.038405,0.13898,0.25683,0.55327,0.64741,0.51871,0.39915,0.16966,0.33341,0.20868,0.15623,0.46484,0.75363,0.75599,0.68,0.56253,0.47165,0.52639,0.64459,0.80124,0.67455,0.44842,0.45304,0.22266,0.19889,0.062593,0.14571,0.14607,0.11741,0.0046485,0.0038974,0.042746
3,0.020669,0.051073,0.36876,0.019484,0.048073,0.068259,0.075436,0.098237,0.040475,0.05737,0.033775,0.014211,0.035885,0.048469,0.024859,0.066273,0.37666,0.03157,0.070712,0.062937,0.041011,0.039874,0.05753,0.054148,0.061176,0.16825,0.16156,0.078399,0.045842,0.028988,0.036555,0.013312,0.024046,0.089764,0.12505,0.069364,0.33123,0.27344,0.085413,0.070521,0.050509,0.2204,0.17562,0.31375,0.17476,0.21085,0.13443,0.1561,0.081021,0.045964,0.01273,0.0067067,0.013725,0.009927
3,0.042069,0.14537,0.6046,0.6821,0.86219,0.6434,0.6565,0.58496,0.4195,0.27421,0.43111,0.1762,0.44122,0.62531,0.75208,0.68069,0.55917,0.4946,0.48229,0.33015,0.30869,0.3639,0.60745,0.51185,0.42206,0.061929,0.028748,0.010511,0.0087172,0.0022657,0.0045255,0.01482,0.0028265,0.0066302
3,0.049134,0.64577,0.11587,0.47097,0.56181,0.66366,0.69742,0.74597,0.45753,0.58761,0.27919,0.35285,0.39403,0.54096,0.46152,0.47203,0.25286,0.26143,0.26458,0.3518,0.33652,0.57207,0.74369,0.76644,0.81601,0.78885,0.53061,0.45445,0.3559,0.062645,0.032891,0.039271,0.0077066,0.0032283,0.008638
3,0.038742,0.22231,0.43481,0.41528,0.53477,0.47372,0.17729,0.37563,0.39073,0.70151,0.5,0.51666,0.37877,0.34077,0.25162,0.5881,0.45442,0.32058,0.31736,0.20511,0.081495,0.070091,0.040786,0.04545,0.5,0.68056,0.76338,0.7907,0.87658,0.52468,0.21568,0.31379,0.5,0.56705,0.25572,0.31119,0.29585,0.32241,0.059254,0.021672,0.025898,0.023998,0.017752,0.024661,0.063153
3,0.025421,0.10321,0.0080043,0.0035662,0.0015344,0.0031865,0.0039143,0.033446,0.060541,0.07725,0.040329,0.021984,0.04425,0.021203,0.057056,0.049359,0.043974,0.017216,0.01228,0.01142,0.016273,0.061491,0.016863,0.022534,0.035911,0.041548,0.051981,0.044228,0.030648,0.029506,0.016151,0.014398,0.065981,0.088192,0.10324,0.2063,0.12373,0.021393,0.022926,0.021151,0.012242,0.024549,0.040426,0.017309,0.032615,0.019588,0.036942,0.13299,0.088998,0.054685,0.033871,0.05268,0.015799,0.0056505,0.0032858,0.0041544,0.0034949
3,0.31146,0.51332,0.51323,0.24799,0.095241,0.038927,0.088099,0.19517,0.42116,0.78149,0.82605,0.82478,0.47742,0.089493,0.17926,0.14173,0.098245,0.085582,0.02896,0.065776,0.10367,0.13394,0.20238,0.43348,0.18914,0.35336,0.33914,0.61579,0.70854,0.59102,0.72071,0.76586,0.12279,0.09012,0.012433
3,0.033218,0.08052,0.19294,0.1174,0.084401,0.11532,0.12494,0.13943,0.14531,0.24682,0.42216,0.63291,0.53551,0.64073,0.50786,0.34049,0.23881,0.031965,0.0058344,0.0069235
3,0.49135,0.79039,0.44043,0.30293,0.21846,0.62262,0.79098,0.95552,0.97561,0.97313,0.92609,0.93439,0.9161,0.94781,0.8574,0.57189,0.66918,0.56887,0.20914,0.092004,0.0042193,0.0072517
3,0.48939,0.55328,0.30533,0.043309,0.0069924,0.011421,0.012808,0.016457,0.075246,0.28649,0.63052,0.51819,0.12279,0.041818,0.050082,0.06508,0.071072,0.095936,0.067467,0.073154,0.12342,0.10796,0.099014,0.077868,0.033508,0.098746,0.083116,0.10939,0.15901,0.40292,0.39909,0.4637,0.2132,0.084177,0.083835,0.10257,0.066104,0.1696,0.15111,0.013594,0.032812
3,0.05496,0.26941,0.34722,0.021214,0.033225,0.019249,0.019666,0.033479,0.22207,0.43673,0.38772,0.33119,0.38405,0.35051,0.39964,0.26835,0.22591,0.24003,0.062706,0.084598,0.082263,0.082134,0.020167,0.017793
3,0.74374,0.9431,0.86693,0.44163,0.39731,0.68281,0.72842,0.89309,0.70622,0.60715,0.53574,0.41644,0.16607,0.27862,0.23226,0.27571,0.31306,0.47363,0.030314,0.026474,0.067825,0.17917,0.11814,0.15556,0.71019,0.75541,0.57404,0.57305,0.65333,0.5,0.55856,0.31494,0.11153,0.094097,0.074354,0.13915,0.2099,0.1031,0.0089716,0.016026
3,0.0042064,0.014761,0.073507,0.10419,0.040655,0.020765,0.060213,0.046839,0.026763,0.017366,0.031903,0.037935,0.035127,0.052425,0.012857,0.018998,0.023883,0.02243,0.0049569,0.0032198,0.0045421,0.010235,0.011711,0.095878,0.062002,0.029583,0.03603,0.033975,0.011836,0.018308,0.061306,0.01801,0.018685,0.0062296
3,0.002655,0.012538,0.028582,0.021611,0.015855,0.011967,0.017939,0.015823,0.028335,0.073347,0.14112,0.12494,0.073219,0.047291,0.02901,0.089021,0.31447,0.16574,0.10991,0.049582,0.022274,0.013532,0.023766,0.022156,0.039061,0.040883,0.032482,0.022069,0.028098,0.010807,0.042048,0.013856,0.004451,0.0021728,0.0050301,0.0043736,0.0027862,0.026124,0.056277,0.10778,0.49334,0.5,0.34015,0.28035,0.3011,0.14037,0.18061,0.096521,0.02156,0.006161,0.0054728,0.0054729
3,0.03436,0.20372,0.27473,0.41118,0.60933,0.59283,0.41722,0.37869,0.024305,0.036578,0.06694,0.078437,0.055413,0.054385,0.045462,0.023198,0.013858,0.0037154,0.0025221,0.0068333,0.11586,0.012302,0.011699,0.046224,0.043539,0.10871,0.19925,0.54369,0.21686,0.11343,0.1562,0.12462,0.058316,0.03296,0.04191,0.033651,0.0279,0.043399,0.044621,0.064623,0.049221,0.073178,0.053892,0.054608,0.20237,0.10985,0.082985,0.1532,0.25009,0.047154,0.048593,0.027073,0.017588,0.017989,0.046458,0.051287,0.054266,0.067139,0.043515,0.067409,0.014108,0.011327,0.025935,0.040526,0.22228,0.5,0.30216,0.29725,0.31861,0.24156,0.30233,0.25672,0.069547,0.016312,0.0080615,0.011309,0.0096005
3,0.032681,0.035279,0.05568,0.058828,0.10799,0.014047,0.0066831,0.014516,0.010512,0.024628,0.077466,0.084063,0.05047,0.13214,0.17714,0.17397,0.14667,0.081226,0.015692,0.045134,0.11264,0.026898,0.064597,0.079346,0.055354,0.034921,0.028419,0.033186,0.21135,0.1836,0.14546,0.10334,0.12624,0.063877,0.019539,0.004152
3,0.1183,0.34889,0.29527,0.63338,0.47254,0.38763,0.27436,0.25832,0.11788,0.12544,0.065148,0.10761,0.076106,0.13347,0.25352,0.21973,0.10112,0.12585,0.33078,0.1332,0.10575,0.42208,0.24451,0.35577,0.25053,0.19558,0.19381,0.071208,0.11339,0.19027,0.076868,0.023097,0.037582,0.047051,0.043511,0.059935,0.071755,0.079753,0.1005,0.078967,0.07656,0.1205,0.086868,0.042265,0.033372,0.089268,0.056898,0.019367,0.020866,0.025925,0.039617,0.20211,0.24132,0.10886,0.257,0.14398,0.092811,0.045879,0.011832,0.0083762
3,0.34592,0.8179,0.87921,0.84557,0.80512,0.79473,0.68837,0.51713,0.31337,0.27806,0.22087,0.35853,0.67167,0.60098,0.40134,0.41767,0.54288,0.40956,0.45148,0.32261,0.23346,0.1797,0.16706,0.14193,0.41208,0.2988,0.15964,0.28754,0.23082,0.18802,0.047931,0.048659,0.049953,0.02598,0.0076231,0.0045357,0.0047981,0.0038252
3,0.0018795,0.0080298,0.02304,0.0090425,0.0013591,0.06891,0.050266,0.045249,0.046627,0.060462,0.033773,0.024283,0.01793,0.01216,0.025442,0.020891,0.027389,0.048917,0.035143,0.06477,0.059631,0.082551,0.06903,0.060591,0.07274,0.035709,0.020672,0.017095,0.01809,0.027361,0.018701,0.021646,0.046607,0.01895,0.017346,0.0077716,0.0289,0.033162,0.029965,0.061108,0.068931,0.037958,0.033583,0.02865,0.046912,0.046132,0.059449,0.079287,0.034941,0.016964,0.0058397,0.006121,0.011389
3,0.39932,0.45006,0.91182,0.82094,0.679,0.30985,0.17847,0.09123,0.11643,0.15299,0.084625,0.058574,0.03605,0.076695,0.063723,0.05882,0.061568,0.047848,0.041956,0.04692,0.11735,0.20812,0.61882,0.68354,0.38318,0.27827,0.026981,0.022082,0.058978,0.036543,0.060816,0.11139,0.83992,0.90853,0.70701,0.23208,0.15702,0.20821,0.2686,0.30588,0.43032,0.31726,0.24216,0.14629,0.10497,0.14744,0.030827,0.059584,0.063176,0.052095,0.043427,0.036592,0.026212,0.031815,0.041866,0.042502,0.13752,0.10098,0.082466,0.12024,0.39097,0.42167,0.36502,0.47396,0.38487,0.15747,0.028478,0.049888,0.056539,0.026356,0.074623,0.14165,0.18868,0.45431,0.72031,0.62138,0.29718,0.028931,0.036895,0.076045,0.069772,0.095862,0.12915,0.33973,0.22973,0.2131,0.030936,0.013308,0.0063986,0.013497
3,0.029135,0.077994,0.077679,0.1136,0.097302,0.07691,0.12069,0.13499,0.059467,0.13373,0.19178,0.12502,0.069534,0.032285,0.019806,0.030356,0.032671,0.019806,0.017484,0.032752,0.0061089,0.0098304,0.005602,0.0061214,0.0046526,0.0098063,0.015398,0.012446,0.01967,0.013975,0.077297,0.043046,0.19513,0.10578,0.085547,0.12437,0.10793,0.052769,0.03767,0.033645,0.03907,0.024764,0.032664,0.13964,0.14455,0.055072,0.030856,0.034105,0.017145,0.0097691,0.012152,0.035006,0.15633,0.15265,0.049327,0.031709,0.020406,0.011437,0.0051311
3,0.20299,0.62989,0.89226,0.94107,0.9263,0.9604,0.97553,0.95503,0.95888,0.93825,0.95036,0.23811,0.10996,0.21578,0.3996,0.44441,0.55174,0.79756,0.77935,0.92537,0.7301,0.51696,0.85916,0.90705,0.68887,0.43246,0.61073,0.83621,0.87694,0.8018,0.9291,0.81516,0.5247,0.249,0.17824,0.15771,0.30264,0.44779,0.52016,0.69411,0.5807,0.50855,0.56108,0.71137,0.23281,0.19672,0.19745,0.067856,0.050757,0.019957
3,0.0083716,0.00489,0.0025021,0.0013776,0.0034027,0.001533,0.011458,0.02116,0.025329,0.016711,0.041881,0.080183,0.09171,0.02133,0.010093,0.0089405,0.0053912,0.0057717,0.042877,0.034788,0.043362,0.032896,0.08864,0.044699,0.014803,0.032606,0.021936,0.044877,0.046188,0.030764,0.026072,0.030603,0.035291,0.09585,0.077989,0.04875,0.096907,0.11476,0.10492,0.063114,0.059906,0.043411,0.01666,0.012099,0.023501,0.027226,0.015364,0.0076931,0.0043422,0.01066,0.015642,0.024218,0.042961,0.23063,0.10319,0.048557,0.034671,0.046208,0.034427,0.034285,0.016964,0.020821,0.034133,0.040394,0.045848,0.012132,0.0062699,0.0085048
3,0.027822,0.3984,0.065308,0.023018,0.0084772,0.016065,0.0046555,0.008937,0.044692,0.036551,0.0094833,0.0069447,0.0072766,0.0074057,0.068378,0.085315,0.047644,0.020267,0.035808,0.02472,0.04226,0.076847,0.097403,0.090004,0.065176,0.070073,0.081463,0.097125,0.095763,0.11093,0.050734,0.079784,0.081171,0.070969,0.084357,0.11965,0.043312,0.019599,0.004854,0.0044937
3,0.035729,0.40192,0.17036,0.11796,0.15429,0.38984,0.11185,0.14648,0.041426,0.084765,0.05971,0.043757,0.044909,0.061526,0.094355,0.14369,0.067765,0.026113,0.02628,0.033737,0.033798,0.018882,0.024518,0.01723,0.030573,0.020066,0.018204,0.010715,0.30831,0.52244,0.14474,0.12057,0.064865,0.035703,0.014955,0.044466,0.025981,0.038147,0.090724,0.26767,0.34661,0.38719,0.30063,0.25886,0.18274,0.061222,0.021964,0.014854,0.0065924
3,0.23543,0.81132,0.82664,0.33632,0.65695,0.75172,0.82061,0.58601,0.71029,0.37363,0.21733,0.075137,0.097895,0.19386,0.1221,0.036066,0.013945,0.11258,0.11158,0.18643,0.24072,0.060518,0.055163,0.053434,0.075455,0.42908,0.53837,0.35578,0.039797,0.090474,0.051276,0.019715,0.012409,0.10804,0.15746,0.13663,0.073507,0.010954,0.010282,0.017472,0.45425,0.11836,0.34061,0.54068,0.40763,0.27624,0.6544,0.40602,0.23172,0.16798,0.064745,0.029644,0.021465,0.008051
3,0.07614,0.15588,0.1209,0.22159,0.62926,0.31681,0.23884,0.3019,0.085112,0.017741,0.013631,0.027136,0.023579,0.028629,0.032096,0.041185,0.02024,0.025097,0.022599,0.059484,0.07549,0.067531,0.055647,0.055661,0.090204,0.065158,0.013308,0.0071467,0.0096852,0.018546,0.022486,0.05351,0.081997,0.3724,0.070269,0.055343,0.096085,0.54209,0.42708,0.21776,0.33002,0.16879,0.10309,0.053894,0.033721,0.0048243,0.0054492
3,0.23951,0.87887,0.46879,0.45802,0.33294,0.28152,0.080414,0.64876,0.87124,0.43684,0.51461,0.6514,0.1477,0.24365,0.29458,0.33574,0.309,0.27105,0.055475,0.038083,0.049014,0.03349,0.15027,0.17,0.10127,0.12658,0.34552,0.30589,0.44412,0.4494,0.57032,0.33461,0.44407,0.43503,0.31664,0.40582,0.52849,0.024216,0.017901
4,3.4824e-06,6.2374e-06,2.6702e-05,0.0014517,0.001516,0.0019163,0.003145,0.0036772,0.0082857,0.0053187,0.0076205,0.0074142,0.007563,0.0092622,0.0045258,0.0034133,0.0020372,0.0024649
4,0.012365,0.013112,0.013603,0.012434,0.038196,0.035382,0.047178,0.064123,0.044978,0.060409,0.017526,0.021244,0.009587,0.027339,0.013474,0.0039893,0.0045033,0.0044959
4,0.00012891,4.6996e-05,3.8208e-05,0.0011019,0.0026528,0.0015853,0.0012492,0.0022898,0.0036266,0.0018462,0.0028556,0.0035926,0.0087611,0.0054269,0.0087432,0.0032326,0.0037091,0.0086349
4,0.00026362,0.00020144,0.00020963,0.00036939,0.00063711,8.4672e-05,9.7635e-05,7.4719e-05,0.00011048,0.00012145,0.0023126,0.0087478,0.007237,0.0040768,0.0035779,0.006766
4,0.00013746,0.0002349,0.00021634,0.0051572,0.0048116,0.00058606,0.00093261,0.00054923,0.00038216,0.0002171,0.0090051,0.020285,0.01388,0.0087422,0.0031489,0.0045582
4,0.00013685,0.00012563,0.00015524,0.0057423,0.0068892,0.0051143,0.0029382,0.0037455,0.0030477,0.0019305,0.0046833,0.0057688,0.0072616,0.0065011,0.0027351,0.0024159,0.0021667
4,6.9976e-05,0.0016505,0.00054876,0.00038085,9.4426e-05,4.0716e-05,8.0304e-05,0.00010065,0.00056334,0.00035783,0.00068236,0.004504,0.01277,0.0145,0.022266,0.026611,0.0065084,0.0024632
4,0.00087707,0.0025641,0.00088667,0.00052397,0.00033872,0.00097686,0.0009949,0.0017367,0.0029345,0.0075592,0.010422,0.0096509,0.014572,0.0067235,0.0025124,0.0048469,0.0049145
4,0.00011218,0.049077,0.0030626,0.00057259,0.00032762,0.00016388,0.00051516,0.00024812,0.00032896,0.00074237,0.00057137,0.0048382,0.0044346,0.0046543,0.0076319,0.0081179,0.0026984,0.0068639
4,0.0013777,0.0086879,0.0023655,0.00064465,0.00018116,0.00062898,0.00059294,0.00070129,0.0028269,0.013905,0.013133,0.019058,0.045779,0.0026597,0.0038051
4,0.00099628,0.0032159,0.0041816,0.0031333,0.0017923,0.000605,0.00070171,0.00050645,0.00086497,0.0024361,0.011416,0.016434,0.016786,0.011159,0.0017777,0.0030915
4,7.8569e-05,3.8727e-05,8.1684e-05,2.5852e-05,5.9691e-05,7.4183e-05,0.000609,0.0032831,0.0059074,0.01024,0.029249,0.0099509,0.015718,0.019156,0.010038,0.0042654
4,0.0051211,0.0061459,0.010756,0.016601,0.01814,0.025911,0.013592,0.012398,0.013357,0.014572,0.019515,0.019072,0.012819,0.015581,0.01112,0.014911,0.02292,0.032954,0.01144,0.0034286,0.0031783
4,2.1897e-05,5.6597e-05,0.00028231,0.00055115,0.0040328,0.0047655,0.00423,0.0045061,0.0026145,0.0029799,0.0030104,0.0049277,0.0085056,0.025467,0.0050523,0.0063588
4,8.2759e-06,1.5581e-05,0.00015243,7.8004e-05,0.0013708,0.0032242,0.0034437,0.0014666,0.0017427,0.0034246,0.0081765,0.0038934,0.0036772,0.0044537,0.005442,0.011646,0.014774,0.0132,0.011597,0.0022541,0.0021407
4,0.014399,0.016074,0.014507,0.012679,0.025478,0.031974,0.023316,0.0078184,0.0046286,0.0028121,0.010964,0.013009,0.018492,0.034835,0.012778,0.0024847,0.0055961
4,0.0010543,0.0024509,0.0025167,0.00064139,0.001541,0.0017604,0.0037199,0.0009476,0.0036226,0.0030035,0.0020385,0.0028014,0.022354,0.014794,0.010921,0.0066851,0.0062925,0.0039548,0.0033659,0.0073593,0.016672,0.031417,0.061506,0.017031,0.01872,0.024488,0.023826,0.018835,0.012753,0.0063672,0.0088025,0.0073613,0.0073683,0.0064069
4,7.4574e-05,6.3994e-05,5.4128e-05,5.4416e-05,0.00074354,0.0013604,0.0014414,0.002528,0.002093,0.00068221,0.00042703,0.00031254,0.00086464,0.0018043,0.0013618,0.0030302,0.0078949,0.003438,0.0024357,0.0025358,0.0043817,0.0047133,0.0062751,0.0031465,0.0051869,0.0034418,0.0048809,0.0055841,0.0046058,0.0025027,0.0013722,0.0030362,0.0027102
4,0.0013635,0.0037082,0.0033685,0.0023175,0.0043275,0.0065382,0.010159,0.0079416,0.0056985,0.0026643,0.0014273,0.0015064,0.0015229,0.0028921,0.002199,0.0034308,0.0048689,0.003447,0.0063627,0.0073134,0.005016,0.0038485,0.0030742,0.0041313,0.004136,0.0037398,0.0056241,0.003805,0.0053864,0.0031953,0.0019757,0.0016657
4,0.00039098,0.00086714,0.00011681,0.00016784,0.00070258,0.0014303,0.00033549,0.00095779,0.00082872,0.0012281,0.00169,0.003696,0.012398,0.0025386,0.0019889,0.00053316,0.00033252,0.00055093,0.011705,0.027219,0.058077,0.027657,0.0088671,0.014454,0.02207,0.01036,0.012791,0.014901,0.012359,0.0077167,0.0034877,0.0027064
4,0.00024878,0.00024629,9.2568e-05,7.7918e-05,0.00038397,0.0003889,0.00028349,0.00066754,0.0014038,0.0061202,0.0043421,0.0053447,0.00090567,0.00096031,0.0013218,0.0010438,0.00069805,0.0045296,0.0065401,0.0057097,0.0076978,0.0057821,0.0039379,0.0034515,0.004541,0.0029348,0.008584,0.0059848,0.004046,0.0028539,0.0036258,0.0022346
4,0.001269,0.0043939,0.00095808,0.00023498,0.00013949,0.0001426,0.0005877,0.00041459,0.0031177,0.0014795,0.00028032,0.00018283,9.2878e-05,7.8398e-05,5.6967e-05,0.00038884,0.0016095,0.0046229,0.0093045,0.0047824,0.0050744
4,0.0026456,0.002431,0.0013045,0.00039115,0.00061624,0.0024209,0.003766,0.0095706,0.0096871,0.018202,0.012974,0.017564,0.0094018,0.0091841,0.025706,0.021157,0.037506,0.016143,0.015734
4,0.020324,0.052115,0.022002,0.011181,0.0097888,0.0089785,0.0079577,0.025462,0.0041252,0.00179,0.001107,0.00050939,0.00024135,0.00095752,0.00084187,0.0012493,0.012704,0.0036582
4,6.1507e-05,0.0004807,0.00083005,0.00032465,0.00086164,0.001362,0.0034607,0.00095035,0.0002083,9.9452e-05,0.00054353,0.000485,0.00090424,0.003032,0.001136,0.0017253,0.00076157,0.00096026,0.0011596,0.0053739,0.0082127,0.0088734,0.0027882,0.0099649
4,0.00087265,0.0031325,0.00088596,0.00079174,0.004835,0.034909,0.032022,0.010407,0.0017536,0.0020263,0.0035883,0.001486,0.00080533,0.014961,0.021218,0.010979,0.0052109,0.005405,0.0027388,0.0052304,0.0066708,0.01766,0.0057402,0.0052946
4,0.0047606,0.013143,0.0036296,0.00046321,0.0012123,0.0020649,0.0027932,0.0066413,0.0011632,0.00071992,0.0032439,0.0032094,0.00097202,0.0054976,0.0034957,0.0026545,0.0041026,0.0044428,0.0064939,0.011405,0.023616,0.035195,0.016304
4,0.0030943,0.016758,0.012046,0.0026234,0.0015547,0.0055123,0.0078411,0.0084408,0.004081,0.0049051,0.017141,0.014821,0.025305,0.027143,0.066953,0.061703,0.045217,0.019113,0.04175,0.035571,0.033122,0.025964,0.028551,0.0032358,0.0061034
4,0.0014899,0.0066437,0.0021621,0.0011289,0.0011714,0.00043536,0.00029645,0.0026961,0.0020223,0.0025831,0.0036327,0.0045826,0.0023646,0.0027058,0.00161,0.002352,0.0026309,0.012361,0.016666,0.028602,0.052045,0.056222,0.029332,0.054046,0.042177,0.030585,0.011213,0.0077762,0.004268,0.0053266
4,0.0031863,0.0025542,0.0020259,0.0058683,0.0047063,0.00087435,0.0013556,0.0031916,0.00099839,0.002082,0.0039737,0.0044348,0.0022673,0.006524,0.0091001,0.0075143,0.02746,0.016903,0.039575,0.029846,0.014653,0.010946,0.082231,0.062965,0.061836,0.028555,0.01749,0.014697
4,8.1283e-05,0.00021908,0.00037818,0.00048187,0.0014799,0.00078968,0.00087016,0.001663,0.0010565,0.0026209,0.0033759,0.0014662,0.0010508,0.0021633,0.00076234,0.00097191,0.0022706,0.001469,0.0021518,0.0025555,0.0050178,0.0024089,0.0036676,0.0032159,0.0035871,0.0039187,0.0019898
4,5.2066e-05,8.805e-05,0.00010997,0.00013181,0.00023725,0.00090141,0.00066577,0.0010169,0.0020716,0.0016305,0.00093329,0.0015181,0.0023387,0.0011342,0.0011423,0.0013521,0.0020825,0.000736,0.0010146,0.0014115,0.001396,0.0023297,0.001371,0.00091383,0.00054876,0.00093427,0.0006164,0.0016025,0.0080626,0.0068967
4,2.9503e-05,4.8075e-05,4.6692e-05,9.6946e-05,0.00065274,0.0010503,0.00068624,0.00080449,0.00016243,0.00012355,0.00030212,0.00047706,0.00058694,0.0010789,0.0014017,0.0025603,0.0015912,0.0014518,0.0021762,0.0027246,0.0011668,0.001637,0.0033356,0.0079862,0.008769,0.018054,0.0095354,0.0045553,0.0031647,0.0050094,0.0018877
4,0.0014807,0.0034829,0.0019063,0.0010168,0.0030817,0.001354,0.0043571,0.033329,0.031662,0.1973,0.35834,0.41099,0.1036,0.093223,0.033544,0.015911,0.0062027,0.0046542,0.0010874,0.0012994,0.0015328,0.0013712,0.0027944,0.016908,0.019969,0.030077,0.0233,0.010469
4,0.00090434,0.0028818,0.003987,0.003766,0.0019379,0.0018095,0.0026599,0.0010952,0.0015446,0.0030627,0.002888,0.0019646,0.0054536,0.0071408,0.0038592,0.0085396,0.0040344,0.0036082,0.0041727,0.0063181,0.0088617,0.0023593,0.0034977,0.0081849,0.0056714,0.0062648,0.025906,0.046492,0.060842,0.10181,0.075617,0.044378,0.019312,0.010326,0.0021257,0.005647
4,2.1702e-05,0.00041223,0.0011035,0.00065904,0.0033646,0.0051924,0.00081573,0.0013846,0.002462,0.0055019,0.0050022,0.0023107,0.0014308,0.0013836,0.0033709,0.0061036,0.0064078,0.0054809,0.0079465,0.0046569,0.0067146,0.010491,0.016079,0.0041984,0.0032713,0.0020908,0.00097479,0.00068419,0.0026807,0.011648,0.015889,0.024683,0.01585,0.0097313,0.0038357,0.0013325,0.002515
4,9.2333e-06,5.6277e-05,5.1184e-05,1.9972e-05,2.4275e-05,0.00012252,0.00013349,0.00022831,0.00036221,0.00136,0.00093547,0.00060974,0.0019088,0.002024,0.001509,0.001975,0.0015251,0.00022426,0.00045366,0.001066,0.0020081,0.0028914,0.00064804,0.00026272,0.00023571,0.00026928,0.000195,0.00050802,0.0016805,0.0036265,0.0077919,0.012392,0.010887,0.01304,0.0091921,0.0057602,0.0049489,0.0078236
4,0.00050108,0.0030561,0.0015984,0.00072235,0.0019891,0.010602,0.0045977,0.0026573,0.0013849,0.0012228,0.00064094,0.00067946,0.0011661,0.0016921,0.0019625,0.0018967,0.0015689,0.00096258,0.00073526,0.0014285,0.0011561,0.0030718,0.0040203,0.0035569,0.0040641,0.0015905,0.0012891,0.0017685,0.0049866,0.0097315,0.0058174,0.0059688,0.0070156,0.007395,0.0020246,0.0028406,0.0035361
4,0.00042001,0.00045534,0.00023989,0.00018713,0.00038099,0.00031513,0.00011569,0.00019803,0.00032219,0.0010984,0.0010191,0.00072446,0.00058286,0.00072324,0.0004078,0.00084782,0.020171,0.013215,0.035005,0.060232,0.036455,0.013789,0.022413,0.0068681,0.0074154
4,0.0001057,0.00052333,0.00073667,0.00078602,0.00083552,0.00059725,0.0011148,0.00068926,0.00073991,0.0021759,0.00065031,0.0018714,0.0020372,0.0021384,0.0037106,0.017802,0.021126,0.01647,0.022372,0.019299,0.023476,0.044147,0.015459,0.014126,0.01148,0.0092711,0.0086358
4,7.0393e-05,0.0011039,7.4059e-05,8.0212e-05,9.3731e-05,0.00010528,0.00022717,0.00013208,0.0010666,0.00027215,0.00098321,0.0018845,0.001453,0.0013111,0.00076075,0.00083538,0.0010479,0.00051932,0.0016247,0.0028227,0.0041735,0.00367,0.011338,0.014741,0.0092172,0.0068854,0.0075779,0.0026324,0.0050063
4,0.00016275,0.00028485,0.0001004,0.00016002,0.00026485,0.0021368,0.00084783,0.00055204,0.0004558,0.0014454,0.0027942,0.0038841,0.0040507,0.0092751,0.005986,0.0061885,0.001558,0.0084526,0.017356,0.0074696,0.045334,0.036589,0.024971,0.015978,0.018686,0.0038403
4,0.00029404,0.00020335,3.3593e-05,0.00029714,0.00011263,2.2096e-05,1.6843e-05,5.0805e-05,5.1673e-05,0.00037606,0.008092,0.0020125,0.0023039,0.0028112,0.0030875,0.0030687,0.025279,0.0087354,0.0095502,0.015967,0.019497,0.011113,0.0025877
4,0.0014979,0.00086557,0.00052022,0.0044112,0.0014869,0.00098038,0.00050317,0.00068525,0.00025663,0.0020607,0.00070089,0.00019505,0.00019851,0.00036218,0.0017272,0.0019936,0.026447,0.010283,0.0045573,0.0070285,0.0079039,0.003224,0.0051468
4,8.8192e-05,0.00015529,8.5786e-05,2.3282e-05,0.0003096,0.00046565,0.00035336,0.00070455,0.0016063,0.00083263,0.00055399,0.00048696,0.00055631,0.0010982,0.0011225,0.01231,0.029715,0.012485,0.0051558,0.0074595,0.0040253,0.0042754,0.0032086,0.0044219
4,0.00072231,0.0038646,0.0030361,0.00064226,0.0014799,0.00073701,0.0002251,0.00024068,0.00083501,0.0026114,0.0011796,0.0025542,0.0030265,0.0068192,0.0040223,0.031468,0.061936,0.02151,0.019437,0.015685,0.0033608,0.0026285
4,0.00013118,0.00032477,0.00038044,0.00036013,0.00049984,0.00014104,0.00016612,0.00015842,0.00025484,0.00046402,0.0018659,0.0055552,0.0040124,0.0093152,0.0069022,0.010965,0.0086908,0.040145,0.016022,0.018971,0.014196,0.011678,0.0026122,0.0056162
5,0.00078102,0.00082009,0.00063074,0.00096562,0.0016961,0.002033,0.00029184,6.185e-05,5.8403e-05,8.196e-05,0.00012491,0.00020576,0.0027484,0.0047396,0.0040682,0.0024117,0.0029338,0.0020197,0.0038244
5,9.4388e-06,2.3989e-06,5.1544e-06,5.8854e-06,0.00016906,0.0029102,0.00012983,0.00019139,0.00039529,0.0003379,0.00037462,0.0013561,0.00085803,0.00035785,0.0047582,0.0012051,0.0087986,0.013171,0.01207,0.0062655,0.0076206,0.005976,0.0039561,0.0031378
5,0.0031678,0.022933,0.00029773,0.00014506,5.1216e-05,1.7883e-05,0.00051107,0.00028513,0.00028386,0.00048885,0.0004683,0.00015309,0.00060639,0.006174,0.0041231,0.0065125,0.015994,0.015757,0.0061192
5,0.00010225,9.0192e-05,0.00051733,0.027567,0.029168,0.022945,0.0016537,0.0010876,0.0026879,0.017164,0.0028242,0.0015339,0.0019408,0.0017687,0.00069666,0.0018754,0.0062731,0.0022609,0.002246,0.0033417,0.0037905,0.0057665,0.01411,0.0059454,0.0090841,0.0064769,0.0057068,0.019319,0.024471,0.022544,0.022877,0.0037483,0.0049757
5,0.00016123,0.036068,0.074331,0.2465,0.10078,0.0071766,0.0018221,0.0017578,0.0014867,0.0033518,0.0066948,0.021577,0.026366,0.010009,0.0065479,0.0059617,0.0054213,0.005329,0.0080321,0.013299,0.0055581,0.010087
5,0.00014627,0.045746,0.0035776,0.014273,0.0027494,0.0018213,0.0028059,0.0091969,0.014472,0.0070118,0.0079389,0.0066863,0.0051738,0.0025769,0.00096513,0.0015838,0.0010846,0.00034923,0.0001154,0.00071993,0.00049507,0.00056947,0.0019886,0.0091201,0.0020132,0.0039508,0.00094224,0.0010907,0.00074449,0.0011046,0.00059604,0.012166,0.0016458,0.0031588,0.002717,0.0050216,0.0021541,0.0012719,0.0011284,0.00076233,0.0013267,0.0074128
5,0.0047124,0.0066259,0.0029393,0.0012821,0.00058669,0.001404,0.0018973,0.0016841,0.00029207,0.00018502,0.0004722,0.0002881,9.0028e-05,0.00017746,0.00038845,0.00056135,0.00092444,0.0049729,0.0013531,0.0036775,0.0017024,0.0014546,0.0028628,0.0011947
5,0.0066859,0.049499,0.080003,0.061879,0.020233,0.020819,0.010778,0.008404,0.01133,0.010232,0.013978,0.024508,0.029559,0.004638,0.0010889,9.0405e-05,0.00010507,0.00040945,0.00046831,0.00034144,0.0069097,0.0016234,0.0029431,0.00087858,0.00087786,0.0074616,0.0095491,0.0084215,0.0097436,0.0031542,0.0041739
5,0.00029245,0.0012542,0.5,0.6216,0.56936,0.55114,0.25011,0.0069011,0.0044951,0.00051914,0.00035831,0.00024916,0.00034299,0.00038165,0.0010641,0.0040663,0.0071202,0.0014695,0.00087955,0.00058903,0.00032469,0.0033776,0.0014372,0.0019888,0.002405,0.0024614,0.0046301,0.0024713,0.0047248,0.0039518,0.005522
5,0.0074278,0.0087729,0.014874,0.015215,0.0033146,0.0023096,0.0025021,0.0037869,0.0031172,0.012852,0.0066527,0.0091544,0.037258,0.012851,0.018153,0.004987,0.0030929,0.0053973,0.014679,0.0076328,0.021446,0.021681,0.0028377,0.0027655,0.00075225,0.00063842,0.00035642,0.00025239,0.00030583,0.0031942,0.018137,0.034077,0.03851,0.02977,0.014294,0.0049216,0.00071817,0.00019087,7.2392e-05,0.00016119,0.00010536,0.0050912,0.013041,0.0017276,0.00089363,0.00042361,3.8322e-05,1.5411e-05,1.5171e-05,1.9278e-05,1.4527e-05,0.0011456,0.00089001,0.0017995,0.0088471,0.0044771
5,0.00015857,0.0034644,0.046709,0.042052,0.022013,0.013996,0.01265,0.015738,0.0095492,0.0065977,0.0017395,0.00075611,0.00082786,0.0025419,0.005335,0.023903,0.042339,0.026236,0.014784,0.0052835,0.010199,0.0062493,0.0020704,0.0037255,0.008196,0.010917,0.01145,0.020099,0.016841,0.0093588,0.0032501,0.0035985,0.0015697,0.0012876,0.0013341,0.0017633,0.0013739,0.0086555,0.0056329,0.010192,0.0069124,0.0066196,0.0051543,0.0054911,0.0032856,0.0060835
5,0.00034262,0.0088464,0.0020866,0.0025187,0.00046188,0.0016622,0.012356,0.012282,0.0066132,0.0051473,0.0018655,0.00041169,0.00048758,0.00018918,0.0001152,0.00028286,0.03057,0.0029509,0.0045548,0.013399,0.0047549,0.00089351,0.0014353,0.00094208,0.00062665,0.0011667,0.0061237
5,0.00039221,0.00010015,3.1276e-05,2.8688e-05,9.0956e-05,0.00012424,0.00016337,0.00013479,0.00067184,0.0003573,4.9644e-05,0.00021476,0.00033359,0.0003294,0.0011522,0.0072462,0.0026109,0.0039109,0.0091449,0.0059648,0.0027917,0.0051124,0.049116,0.064301,0.063417,0.016661,0.0174,0.0096735,0.0057341,0.013913,0.017875,0.028886
5,0.00075195,0.012825,0.00047908,0.00018453,0.00042982,0.00052275,0.00024513,0.0004289,0.0017004,0.00062968,0.00059145,0.0010456,0.0022251,0.002287,0.0021026,0.0058957,0.00021878,6.6255e-05,5.9744e-05,8.3045e-05,0.00013433,0.00065111,0.0023798,0.00086256,0.0012258,0.0013371,0.0014907,0.0018089,0.0054369
6,0.0018738,0.0022001,0.0010486,0.0030237,0.0022208,0.00084161,0.0035927,0.0040012,0.0029741,0.01236,0.025878,0.019084,0.011202,0.0028547,0.0069154,0.0062559
6,1.3679e-05,9.6304e-06,5.8847e-06,6.9023e-05,0.00019095,0.0001431,4.9425e-05,1.7738e-05,4.3655e-05,2.938e-05,3.1218e-05,0.0002211,0.00045693,0.0013219,0.00092532,0.00081825,0.00056817,0.0011114,0.002515
6,0.00059806,0.0015645,0.0010159,0.0075585,0.017361,0.0090156,0.0044507,0.014416,0.024062,0.028133,0.019793,0.013857,0.0056621,0.0026105,0.011684
6,0.0075368,0.013505,0.013278,0.0095443,0.0074516,0.0092381,0.0048407,0.0036731,0.00013937,0.00016639,0.00060926,0.00055289,0.00055017,0.011208,0.0065986,0.007772,0.0086174
6,0.00056415,0.00042803,0.00020541,0.0001548,0.00017935,0.00019785,0.00035556,0.00015559,0.00022881,0.00025251,0.00030955,0.00058087,0.00097752,0.0010255,0.00058911,0.0015503
6,0.0002148,8.2107e-05,4.4112e-05,3.26e-05,0.0001407,3.8215e-05,0.00014945,8.2405e-05,0.00010055,7.3353e-05,9.0498e-05,0.0010995,0.00076702,0.00054012,0.0019813,0.00099627
6,0.00095227,0.0051421,0.0074078,0.002357,0.0011196,0.00020841,0.00029261,0.00031462,0.00065168,0.0005729,0.0086452,0.0091958,0.01265,0.0058021,0.003506,0.0027334
6,0.001053,0.0007385,0.0011911,0.0011515,0.012514,0.0020193,2.9156e-05,3.4631e-05,0.00013711,0.00011007,5.6287e-05,0.0024803,0.0044446,0.0034412,0.0047251,0.0023782,0.0033698
6,0.00020825,0.01163,0.0028298,0.0056464,0.00031518,0.00070749,0.00066664,0.0007407,0.0012889,0.016912,0.074514,0.20812,0.42848
6,0.00091597,0.00075439,0.00052313,0.00032699,0.00372,0.018491,0.024128,0.068395,0.063394,0.031998,0.023741,0.0059005,0.0032981,0.0015969,0.0037923
6,0.00011954,0.00022193,0.00042349,0.00087243,0.00067123,0.00083019,0.00016921,9.5349e-05,0.00016346,0.00016255,0.00012674,0.0043144,0.007992,0.0059828,0.0027389,0.00344
6,0.0020291,0.0042027,0.0076375,0.0054563,0.0058183,0.010475,0.010001,0.0020535,0.0017304,0.00048848,0.00059503,0.0005559,0.0051303,0.0059039,0.0044102,0.0078991
6,1.1751e-05,3.5275e-05,8.8044e-05,0.00039191,0.0003705,0.00030657,0.00048105,0.0024039,0.0080369,0.0051631,0.000851,0.00053051,0.00061018,0.00089512,0.0019842
6,9.9239e-05,0.00014223,4.402e-05,7.5092e-05,0.0001197,0.00021294,0.000107,0.00030348,0.0006704,0.0058469,0.00016022,0.00024443,0.0001026,0.00015571,0.00025215,0.00025798,0.00052983,0.0016599,0.00045752,0.0009152,0.001198,0.00088538,0.00062585,0.0019911,0.0033071,0.0019512,0.0025435,0.0024045,0.0013837,0.00092999,0.0016022
6,0.001209,0.0010742,0.00095702,0.00062164,0.00051375,0.00019104,0.0010716,0.0017287,0.00074914,0.0099408,0.011241,0.0018633,0.00012108,0.00013097,2.3194e-05,3.3259e-05,6.4357e-05,7.6398e-05,0.00012355,5.8104e-05,0.00021002,0.00010173,0.00078312,0.00039402,0.0012732,0.0035348
6,0.0046619,0.025686,0.0090899,0.0087743,0.080139,0.098937,0.06974,0.060898,0.023912,0.0046617,0.0015143,0.00048381,0.0027218,0.0019099,0.0050299,0.0047211,0.0070655,0.01655,0.0046312,0.0034282,0.0022808,0.0020034,0.0016362,0.0011542,0.0013634,0.0011948,0.0011753,0.00084352
6,0.00041555,0.0022199,0.0008601,0.00057172,0.0038497,0.025949,0.010703,0.0031538,0.0022416,0.0014353,0.0030998,0.0087013,0.048327,0.024549,0.019045,0.0094031,0.0037706,0.0025093,0.0012344,0.0008141,0.00042366,0.0010941,0.0011599,0.00058042,0.00062641,0.001016,0.002466,0.0020849,0.01043,0.005233,0.0051241,0.0076675,0.0047108
6,0.00068306,0.0021445,0.0042226,0.0039224,0.0047087,0.0059446,0.0028661,0.0037081,0.0039668,0.0040035,0.00391,0.0022485,0.0022009,0.00049517,0.0005975,0.0001538,4.7725e-05,1.6448e-05,0.00010015,0.00015821,0.00028223,0.00017713,0.00051719,0.00016785,0.00016311,0.0037238,0.0025554,0.0021562,0.0014239,0.0060005
6,0.0012347,0.0029471,0.038947,0.032843,0.026351,0.041666,0.13269,0.094205,0.44218,0.80044,0.27695,0.0012342,0.0020968,0.0012983,0.0019452,0.001083
6,0.00057932,0.0054381,0.003338,0.00096547,0.00075608,0.0004022,0.00010839,6.0959e-05,0.00011914,0.00017581,7.6197e-06,5.4628e-06,3.4672e-06,3.6139e-06,7.0816e-06,5.8208e-05,0.0010178,0.0024574,0.0021738
6,0.0081619,0.012061,0.0063185,0.0063983,0.0066959,0.0048331,0.00036646,0.00020682,3.9879e-05,2.6882e-05,3.0809e-05,5.6902e-05,0.00011913,0.010849,0.059557
6,0.0037566,0.0033308,0.004423,0.0045568,0.012201,0.011565,0.014633,0.0076521,0.01287,0.009862,0.00096419,0.0031715,0.0047142,0.0045547,0.0020976,0.005724
6,0.00081419,0.00061325,0.00055924,0.00066108,0.0004287,0.00018694,0.00023968,0.0001109,6.1368e-05,4.1044e-05,0.00013002,0.00027589,0.00079597,0.00040531,0.0005655,0.00044927,0.00055809,6.9312e-05,4.3953e-05,1.4527e-05,2.9783e-05,9.7078e-06,0.00099873,0.0010022,0.00039645,0.00029757,0.00085514
6,0.0036587,0.06374,0.050811,0.0012406,0.00068006,0.00031061,0.00026662,0.00012295,0.00062856,0.00089473,0.00094436,0.0020669,0.0011657,0.0030436,0.002438,0.00060725,0.00051302,0.00034081,0.00019729,0.0002546,0.00095221
6,0.002272,0.00089202,8.9754e-05,6.8317e-05,7.7164e-05,0.00018489,0.00012737,5.4313e-05,5.0221e-05,0.00020002,7.5974e-05,0.00011515,0.00039728,0.00092147,0.0034276,0.0024759,0.0031093,0.0035847,0.0023976,0.0016008,0.0031976
6,0.0013573,0.011801,0.034027,0.0087254,0.0049242,0.00083166,0.00044304,0.00019128,3.7822e-05,4.1061e-05,4.3821e-05,0.00013666,0.00024364,0.00034375,8.1813e-05,0.00099303,0.0013979,0.0009718,0.00073476,0.00036231,0.0007933,0.0012435,0.0096746
6,0.00071775,0.0034497,0.0031655,0.0014847,0.0057693,0.015596,0.0048106,0.0040715,0.0070807,0.0006743,0.0004977,0.00055324,0.0019609,0.0020023,0.0037508,0.0046312,0.0020737,0.0018331,0.0067746,0.015043,0.025132,0.023696,0.26242,0.15388,0.1578,0.0028287,0.00084932,0.001453,0.0042518,0.0066587,0.0045561
6,0.0044675,0.0060368,0.004781,0.0030127,0.0080931,0.05118,0.0040528,0.0022265,0.00068559,0.0020886,0.00095589,0.0016457,0.00228,0.0024514,0.0078914,0.013446,0.010209,0.0058128,0.0053198,0.00080725,0.0010563,0.0021537,0.0038839,0.0012438,0.0029532
6,0.00047882,0.0016198,0.0018889,0.0028753,0.0021632,0.00098595,0.0024896,0.0015231,0.00093397,0.0045214,0.00089421,0.00088717,0.00047941,0.00057688,0.00054415,0.00023867,0.033291,0.00093657,0.00089336,0.00012913,0.0017007,0.0020214,0.0030715,0.0017253,0.0015998
6,0.0095911,0.22608,0.75599,0.8149,0.2164,0.16006,0.016909,0.0069105,0.0060994,0.0021298,0.0019517,0.022242,0.017012,0.01959,0.0017763,0.0092303,0.0016749,0.004505,0.0011798,0.031286,0.02761,0.039889,0.017554
6,0.0083764,0.011774,0.012241,0.0087026,0.0072797,0.012374,0.019841,0.020275,0.0090452,0.015052,0.0082163,0.0040018,0.0028644,0.0029145,0.003617,0.0015222,0.0020736,0.004163,0.0018887,0.00037364,0.00019811,0.0011591,0.00068581,0.00053657,0.00041291,0.00039134,0.00022232,0.00012415,0.00013205,0.0015731,0.0034517,0.00454,0.0094364
6,0.0010512,0.0010649,0.0058758,0.00018504,0.00014532,4.2549e-05,4.5221e-05,5.1781e-05,9.4326e-05,0.00022661,0.00019423,0.00012941,0.00057149,0.0047395,0.0026623,0.0018358,0.0040162,0.00091768,0.00014158,4.6277e-05,3.9079e-05,2.8464e-05,4.5367e-05,4.309e-05,0.00027433,0.00036385,0.00044579,0.00054017,0.00028265,0.00027773,0.00031711,0.0013356
6,0.0024448,0.004092,0.0091588,0.2285,0.17742,0.077,0.16667,0.12624,0.21319,0.25882,0.27739,0.024178,0.015211,0.0098207,0.004555,0.010676,0.041719,0.1015,0.071293,0.039819,0.0070921,0.011811,0.0051563,0.0062729,0.0053051,0.0061439,0.0066788
6,0.0025503,0.038706,0.010136,0.0050576,0.01085,0.014792,0.0057669,0.0050118,0.0028782,0.0013508,0.00068872,0.0016004,0.0017073,0.00083634,0.0013006,0.0010893,0.00074225,0.00067703,0.0013075,0.001557,0.003745,0.0031672,0.002968,0.007531,0.0061427
6,0.042546,0.055335,0.083261,0.036569,0.050951,0.11588,0.12948,0.019391,0.012553,0.017662,0.01506,0.017284,0.012436,0.008037,0.0015687,0.0051992,0.012955,0.0074738,0.0052172,0.0055077
6,0.00025565,0.0017068,0.0010596,0.00031472,0.00036662,0.00049392,0.0007847,0.00065021,0.011985,0.015608,0.0050912,0.00067971,0.00024491,0.00018829,0.00018068,0.00052157,0.00023493,0.00047702,0.00084862,0.00031814,0.00080318,0.0012993,0.0016575,0.0049847,0.0051836,0.0035088,0.0040891,0.0029453
6,0.002296,0.0025561,0.0034999,0.0027668,0.0011591,0.0019421,0.00066433,0.00072499,0.00057326,0.00038944,0.00025482,0.00035072,0.00032433,0.00013835,9.6623e-05,4.2341e-06,1.3486e-06,1.1106e-06,7.8884e-07,1.3693e-05,0.00018428,0.00060991,0.001219,0.0010888,0.0015778,0.0018663,0.0085981
6,0.0027869,0.00066585,0.0012362,0.003841,0.0014357,0.00052822,0.0005443,1.9769e-05,1.101e-05,1.0754e-05,7.5673e-06,5.1956e-05,0.0016878,0.0066381,0.0072555,0.005186,0.0028519,0.0020573,0.00063896,0.0011534,0.00071012,0.00058112,0.0025264,0.0069286,0.0061039,0.0062779,0.0050737,0.004168,0.0025091
6,0.0001183,0.00018924,7.7734e-05,6.3582e-05,9.7284e-05,6.9864e-05,0.00013793,0.0054043,0.0015352,0.0010355,2.4516e-05,6.849e-05,4.5311e-05,4.6217e-05,4.758e-05,0.00073802,0.00060736,0.0006513,0.0017449,0.0052158,0.010836
6,0.052365,0.57005,0.36084,0.31684,0.30538,0.092126,0.025913,0.021649,0.034146,0.071693,0.041272,0.014558,0.012385,0.0041068,0.0043981,0.016761,0.018084,0.017744,0.066342,0.061604,0.050925,0.028556,0.01846,0.0093431,0.0075914
6,0.012851,0.1442,0.11201,0.12151,0.032581,0.029504,0.030925,0.011623,0.0060939,0.025433,0.033568,0.060275,0.022864,0.016135,0.024895,0.00057869,0.00020426,0.00029517,0.00025419,0.00072461,0.0089991,0.0075485,0.0043001,0.024785,0.025732,0.021722,0.017803,0.027903,0.015807,0.010398
7,0.00018438,0.00026038,0.0010297,0.0018622,0.003769,0.0040987,0.002542,0.0090295,0.043662,0.12342,0.11987,0.090557,0.031804,0.0025878,0.0043073,0.0045481,0.0047313,0.0043715,0.010371
7,0.0011203,0.0011099,0.0024311,0.011418,0.0077767,0.029472,0.039019,0.049586,0.048764,0.07992,0.085571,0.074751,0.10001,0.031239,0.05141,0.060557,0.021201,0.0076303,0.022054,0.020819
7,4.5874e-06,1.14e-05,5.1086e-06,2.4268e-06,6.4446e-05,0.00024336,0.00041198,0.00056313,0.00072866,0.0058811,0.0029022,0.0053406,0.0059032,0.0087589,0.0084904,0.0048502,0.0033676,0.0014804,0.0015945,0.0027369,0.0045478
7,0.00088292,0.0060615,0.043662,0.033432,0.042753,0.15359,0.5,0.22469,0.12188,0.3117,0.07946,0.051587,0.030082,0.05017,0.02167,0.059885,0.013392,0.0075017,0.0092457,0.0085782,0.008083
7,5.7824e-06,0.00019403,0.00051552,0.00028531,3.9329e-05,0.00010309,0.00013099,0.00095452,0.00042009,0.00085396,0.0017131,0.0038453,0.010346,0.0066401,0.027876,0.021677,0.056168,0.027812
7,0.00058425,0.0013879,0.00091534,0.00076466,0.00094284,0.0017436,0.00041213,0.00085943,0.00050539,0.0023296,0.012882,0.015704,0.0097479,0.087653,0.031206,0.01451
7,5.2822e-05,0.0047544,0.0019968,0.0016623,0.001287,0.01669,0.010013,0.0035987,0.0091071,0.0178,0.030603,0.029881,0.042676,0.057368,0.026585,0.080157,0.027054,0.0054105
7,0.011173,0.0056981,0.0071974,0.0073078,0.0066355,0.011863,0.028766,0.010768,0.010692,0.002635,0.018508,0.023631,0.020441,0.056129,0.11365,0.035079
7,3.7731e-06,0.00011193,5.0491e-05,6.1979e-05,0.00013467,0.0021191,0.0027422,0.008305,0.007975,0.013609,0.0089744,0.0051645,0.0047684,0.0014259,0.003272,0.006266,0.012467,0.014816,0.03811,0.012361,0.4454
7,5.6743e-05,0.00020226,0.00021109,0.00010237,0.0010838,0.0013651,0.0020274,0.0011872,0.0042565,0.0049038,0.009121,0.019131,0.022608,0.01316,0.013965,0.019261,0.030162,0.026366,0.024347,0.0144,0.011463,0.018966,0.029469
7,2.4924e-05,1.2754e-05,3.8631e-05,0.00096063,0.0032612,0.0031046,0.008164,0.0098956,0.01041,0.014394,0.032629,0.0055809,0.013947,0.011625,0.0093316,0.011449,0.015327,0.013485,0.0062658,0.0024693
7,9.3589e-05,5.8211e-05,0.0001875,7.941e-05,0.00037402,0.0006074,0.00066325,0.0014869,0.0015538,0.0032649,0.0028716,0.0015321,0.00108,0.002999,0.0026882,0.00064326,0.00069722,0.0010456,0.0009483,0.004059,0.010193,0.0059535,0.006895,0.0070276,0.0063539,0.0040148,0.0023391,0.00091892,0.0018167,0.0037258,0.0024088,0.0015872,0.011114,0.010494,0.0065893,0.0055933,0.005797,0.011213,0.0064541
7,0.0003662,0.0084645,0.0017767,9.3237e-05,2.8323e-05,2.8298e-05,0.00012771,0.00033093,0.000291,0.0018447,0.011741,0.002057,0.0012812,0.00053777,0.00017664,0.00016584,0.0011335,0.004442,0.0014777,0.00098559,0.0017334,0.0014993,0.0024058,0.011832,0.02101,0.015431,0.0058945,0.0032485,0.0026472,0.002369,0.0041377,0.0028995,0.0032144,0.0029507,0.0042831,0.0051191,0.0045566,0.0039856,0.0033771,0.0048697,0.0019201,0.0026527
7,0.0041207,0.014211,0.026569,0.023655,0.010621,0.040563,0.039611,0.053838,0.018798,0.024837,0.0049694,0.00027404,0.00094813,0.002927,0.0022321,0.075417,0.059394,0.027024,0.050221,0.076884,0.16679,0.13907,0.11702,0.061254,0.028599,0.0094461,0.02838,0.013541,0.020858,0.060648,0.11822,0.060291,0.12736,0.12021,0.079083,0.075899,0.020112,0.015039,0.005917,0.0056371,0.004901
7,0.00033642,0.0012752,0.0010881,0.00047801,0.0080482,0.0096445,0.0098558,0.011803,0.012896,0.0024522,0.0052415,0.0029516,0.017237,0.019443,0.010564,0.017154,0.015147,0.020646,0.023382,0.025908,0.014304,0.011591,0.02081,0.026298,0.024813,0.016991,0.020977,0.013907,0.0090672,0.0057141,0.0063238,0.0029432,0.0023884,0.0069478
7,0.00029783,7.8604e-05,2.906e-05,4.8034e-05,0.00039061,0.00023108,0.00012595,0.00062258,0.00076335,0.00068469,0.0011767,0.0008807,0.0016485,0.0042119,0.0066737,0.006618,0.0097415,0.0026317,0.0012339,0.0032038,0.0020198,0.0045394,0.0058811,0.014733,0.011011,0.0041517,0.0039868,0.0053298,0.0057412,0.0035413,0.002998,0.0034584,0.0031727
7,0.096602,0.20383,0.039665,0.072439,0.043289,0.042724,0.051967,0.20428,0.049142,0.031311,0.03793,0.033968,0.020842,0.042144,0.040091,0.051921,0.061742,0.076033,0.1127,0.17418,0.12849,0.11014,0.06106,0.01021
7,0.00025005,0.0017625,0.0012763,0.00049029,0.00055159,0.00073831,0.0010921,0.011627,0.012606,0.0052258,0.0055018,0.0040356,0.0025234,0.0017161,0.0037111,0.0038585,0.0051541,0.0064963,0.020461,0.041861,0.013274,0.027845,0.01977,0.011976,0.0014617,0.0074033
7,0.00068399,0.0013728,0.0045796,0.0041754,0.0038988,0.006959,0.0040948,0.0039463,0.0090706,0.01235,0.011895,0.010536,0.0058156,0.0028813,0.0088816,0.050477,0.055014,0.031871,0.012379,0.023124
7,0.0010907,0.0016737,0.00033427,0.00024278,0.00033124,0.0002761,0.00015704,0.00011392,0.0001682,0.00017825,0.00014807,8.9387e-05,0.00042705,0.00052346,0.00017362,0.00031627,0.00017728,0.00022718,0.00015083,0.0010559,0.0093388,0.034601,0.0068715,0.011426
7,0.00028457,0.0009945,4.5374e-05,5.9373e-05,0.00028678,0.000834,0.0014853,0.012965,0.045662,0.058294,0.044617,0.037908,0.030731,0.058292,0.054295,0.030845,0.043873,0.10422,0.050929,0.043021,0.028684,0.015366,0.012648
7,0.069207,0.034438,0.014123,0.0070157,0.0032854,0.0021125,0.0085365,0.021802,0.059262,0.056818,0.05228,0.018678,0.013019,0.0071182,0.0038972,0.0033905,0.0053987,0.001749
7,0.0024839,0.0025349,0.0010287,0.00095746,0.00069613,0.00069323,0.0043095,0.01634,0.013716,0.039865,0.060663,0.015259,0.011354,0.02258,0.051214,0.015743,0.030002,0.083018,0.051375,0.039122,0.050826,0.030676,0.010755,0.008776,0.016607,0.01954,0.019861,0.012192,0.012361
7,0.00027397,0.0017573,0.0030792,0.0059128,0.0098707,0.0082777,0.00070893,0.0010593,0.0045616,0.0013173,0.001388,0.00065872,0.00057558,0.000443,0.00088551,0.00098578,0.0013517,0.0025496,0.0022574,0.0034086,0.0031569,0.0064422,0.0093373,0.0042722,0.0035791,0.0029825,0.0036972,0.007041,0.037146,0.02745,0.026769,0.028581,0.012974,0.0051028,0.0046355
7,0.0025598,0.0019938,0.0037374,0.0045989,0.010727,0.014833,0.0090642,0.0072085,0.016045,0.018513,0.0046711,0.014369,0.023322,0.016072,0.0070242,0.010542,0.011014,0.0063572,0.0044117,0.0042155,0.0018667
7,0.0066553,0.0060287,0.0058093,0.0050243,0.0047815,0.0020305,0.0026896,0.011416,0.083872,0.054994,0.044659,0.0058809,0.0023885,0.0012426,0.0021896,0.00077923,0.0050479,0.0097686,0.022185,0.022407,0.021378,0.060176,0.11241,0.1437,0.14205,0.14814,0.036575,0.020022
7,8.138e-05,0.00035832,0.00081567,0.00054814,0.00012624,0.0016771,0.0015429,0.0028222,0.0016899,0.0016904,0.0005963,0.0018283,0.0034821,0.0035227,0.01079,0.0062842,0.0043805,0.005854,0.0035305,0.0063435,0.0072561,0.0083963,0.010354,0.011997,0.0058101,0.0075634,0.0059373
7,0.0005511,0.0043361,0.0032636,0.0050743,0.014776,0.01229,0.0099282,0.010579,0.015916,0.010557,0.0087088,0.0072569,0.010209,0.0054202,0.021418,0.0065714,0.007847,0.011734,0.02047,0.013741,0.031525,0.05662,0.041827,0.11797,0.091388,0.046872,0.022644,0.047249,0.053455,0.082505,0.038539,0.027916,0.01308,0.0027643,0.0051342
7,4.3795e-05,0.00011115,6.8761e-05,0.0014169,0.0029801,0.0027081,0.0033791,0.0026079,0.0018548,0.0013887,0.0007857,0.00084181,0.0016255,0.0031894,0.0055523,0.0012753,0.00070126,0.0019533,0.0013023,0.0018246,0.0029805,0.0026348,0.0031296,0.0022104,0.0046319,0.012805,0.011131,0.012669,0.032973,0.018566,0.0089056,0.0052242,0.031968,0.030751,0.016758
7,0.0058503,0.0066046,0.0049261,0.0065507,0.005059,0.006285,0.011399,0.014,0.016697,0.0059178,0.0033408,0.0049718,0.0030569,0.010495,0.014264,0.017353,0.052839,0.022222,0.033429,0.015795,0.0067778,0.013037,0.027879,0.020634,0.015313,0.0056603,0.003921
7,3.7674e-05,9.0278e-05,9.3685e-05,0.00084926,0.0012564,0.0018247,0.0036171,0.00087718,0.0018591,0.0026861,0.0011811,0.005133,0.0079325,0.0060389,0.017219,0.014234,0.010456,0.033787,0.01564,0.0053071,0.0092852,0.012804,0.0061146,0.0051215,0.0111,0.011266,0.013534,0.017497,0.063075,0.044167,0.096415,0.098604,0.10597,0.070361,0.051323,0.02618,0.014664,0.0040863
7,0.00049286,0.00054833,0.00039346,0.00022948,7.562e-05,0.0011837,0.0020444,0.0022448,0.0011415,0.0018202,0.0024787,0.0018939,0.002439,0.0034564,0.0035059,0.0039306,0.0055682,0.0023434,0.0022208,0.0041833,0.0038089,0.0040434,0.011032,0.015602,0.014635,0.0058891,0.00822,0.016784,0.018477,0.01504,0.02247,0.011839,0.018298,0.019965,0.028329,0.010809,0.0079214,0.0073957,0.0073403
7,1.8727e-05,0.00091714,0.00063253,5.4569e-05,0.00049072,0.00021678,0.00013406,0.00017758,0.0001206,0.00019266,0.0003321,0.00066484,0.00041908,0.0016882,0.0010716,0.00031792,0.00019567,0.00061145,0.0012752,0.0014357,0.0026324,0.00067357,0.009322,0.0039146,0.0029887,0.0046397,0.008037,0.00080958,0.0028386,0.0040911,0.0064094,0.0067073,0.012335,0.013826,0.021533,0.01454,0.01387,0.0088747,0.0056482,0.0066702
7,0.0015439,0.0036814,0.002815,0.0036815,0.0041678,0.0047636,0.0099047,0.038783,0.048273,0.092078,0.035481,0.029743,0.023001,0.046728,0.061238,0.06804,0.099382,0.12812,0.084445,0.066994,0.03069,0.068635,0.092498,0.058328,0.053527,0.080914,0.063611,0.057828,0.074784,0.057326,0.068031,0.042838,0.028344,0.01986,0.025495,0.018278,0.010394,0.0063852,0.0051838
7,0.00013147,0.00066825,0.00041033,0.00030557,0.00014303,0.0013272,0.00080193,0.0016746,0.0014463,0.0011253,0.0058735,0.0074437,0.0091437,0.013272,0.011774,0.010589,0.013093,0.011233,0.0087133,0.0099586,0.0034543,0.0022325,0.014169,0.014358,0.089217,0.045911,0.065366,0.025042,0.018072,0.011273,0.0063449,0.0042242,0.0033063,0.0061498,0.01273,0.0074873,0.015041,0.010221,0.0095374,0.0099278,0.012542,0.0073874,0.0032396,0.0015885,0.0020288,0.0020136
7,0.00073416,0.0031233,0.0051828,0.0027998,0.0029222,0.040451,0.026242,0.060395,0.067071,0.0498,0.034294,0.02049,0.021656,0.022951,0.014728,0.014336,0.017735,0.010375,0.010089,0.0053809,0.0079222,0.014148,0.013375,0.021277,0.022733,0.059499,0.046715,0.038883,0.031001,0.0012281,0.00060373,0.00044184,0.00032665,0.00065912,0.035122,0.056714,0.037184,0.020391,0.016664,0.017315,0.010308,0.0082903,0.0047744,0.0041385,0.004821
7,0.00031768,0.0085791,0.0013213,0.0002001,0.00019092,0.0011326,0.00074774,0.00033694,0.00019836,0.00018056,0.0014948,0.0030245,0.0040843,0.0077927,0.0089886,0.0049596,0.0048114,0.0048458,0.0048819,0.0043773,0.0073651,0.011352,0.0098423,0.024074,0.01254,0.02483,0.019152,0.020821,0.016152,0.015464,0.0019598
7,0.0002605,0.00058957,0.00033696,0.00094573,0.0013353,0.0021925,0.0014875,0.0037603,0.0085512,0.025169,0.027322,0.050782,0.051432,0.017245,0.15869,0.10379,0.055099,0.076944,0.045584,0.022989,0.039498,0.020639,0.013609,0.012698,0.0081534,0.002961
7,0.00075953,0.00025448,0.0020833,0.00050163,0.00012861,2.9788e-05,6.6997e-05,0.00016283,9.2443e-05,0.00058883,0.0014844,0.0016749,0.0023591,0.0028883,0.0020374,0.0035443,0.0079687,0.0095548,0.0033786,0.0026921,0.0044738,0.0073811,0.0072559,0.015762,0.012637,0.0067389,0.014525,0.011764,0.0049247,0.0057689
7,0.00036887,0.0025204,0.0036967,0.00081443,0.00066357,0.0022143,0.00050405,0.0012299,0.0016066,0.0004998,0.0028218,0.0025019,0.021173,0.012855,0.0095433,0.01035,0.0089448,0.0021989,0.0018076,0.0037837,0.0025256,0.0028342,0.04394,0.066951,0.019522,0.012842,0.051413,0.027827,0.024155,0.04998,0.069798,0.027678,0.037369,0.037696,0.02134,0.01644,0.020486,0.0056959,0.0021055
7,0.0082218,0.5,0.24109,0.043208,0.020462,0.0045039,0.00038576,0.0011745,0.0010814,0.0003105,0.0038058,0.0061839,0.015091,0.040764,0.11006,0.18773,0.19221,0.13975,0.079594,0.022252,0.011107,0.0087587,0.015924,0.021683,0.044581,0.030886,0.021622,0.069291,0.11241,0.035965,0.036682,0.015269,0.0021665,0.0010782
7,6.6745e-05,0.0063893,0.00010748,0.00035316,0.0013629,0.00091806,0.00093001,0.00027496,7.4489e-05,0.00024474,0.00090625,0.0011908,0.0020771,0.0047126,0.0014192,0.002182,0.0031751,0.0027917,0.003095,0.02362,0.016811,0.0276,0.038735,0.046858,0.03081,0.02388,0.024736,0.026597
7,0.0019716,0.0090718,0.0041418,0.0038717,0.0012387,0.00066347,0.00078345,0.00038939,0.00074407,0.00088703,0.0026558,0.0086164,0.01035,0.0056314,0.0044888,0.006187,0.0044709,0.010832,0.0077541,0.010875,0.0085016,0.013118,0.0066737,0.015236
7,0.00045672,0.0006446,0.00060453,0.00062209,0.0067651,0.0048823,0.0018311,0.0032154,0.003749,0.0073778,0.008938,0.0043582,0.0076217,0.0064049,0.034673,0.054462,0.036858,0.011204,0.0095435,0.0050619,0.0033392,0.0032679,0.0011223
7,0.037524,0.16475,0.23946,0.18967,0.030011,0.076717,0.0085739,0.011826,0.0019763,0.0065445,0.0093065,0.06318,0.20913,0.22909,0.066731,0.01769,0.014927,0.018033,0.021003,0.009867,0.012495,0.036873,0.036417,0.050896,0.17401,0.18254,0.2456,0.15772,0.13628,0.057707,0.056438,0.034797,0.0061005,0.011857
7,0.00047964,0.00051896,0.0005722,0.00018156,4.6959e-05,0.0001607,6.2575e-05,4.1988e-05,0.00011987,0.00059492,0.00039713,0.0034035,0.011202,0.0050905,0.0012775,0.00075357,0.00068245,0.0014306,0.0010858,0.00061333,0.00068937,0.00085477,0.0011727,0.0030454,0.012468,0.0039707,0.0048683,0.0043731,0.0068726,0.0023407,0.010536
