1,0.33142,0.61214,0.435,0.21921,0.63871,0.42875,0.28801,0.4128,0.70279,0.66391,0.81389,0.39039,0.25465,0.082421,0.006982,0.011208,0.011782,0.025419,4.2361e-08
1,0.10322,0.063879,0.016632,0.036748,0.29627,0.5,0.26657,0.41355,0.25525,0.33734,0.17564,0.3423,0.83431,0.46174,0.14865,0.30192,0.029336,7.4282e-07,2.2546e-06
1,1.8209e-06,6.5192e-07,0.0039354,0.0033622,0.14561,0.51389,0.5,0.76397,0.63462,0.42714,0.37471,0.36166,0.35224,0.50979,0.059328,0.012281,0.27884,0.020228,0.028324,0.44078,0.13046,0.021513,1.0281e-06
1,0.020146,0.13621,0.13594,0.033461,0.48071,0.070866,0.035856,0.072492,0.095615,0.067158,0.51051,0.63238,0.72575,0.7313,0.26132,0.15847,0.14067,0.0095952,2.2196e-07
1,0.3604,0.85946,0.87206,0.72749,0.90853,0.55862,0.5,0.47106,0.77255,0.72238,0.6553,0.027087,0.015308,4.968e-06,5.6176e-07,2.9622e-09
1,0.21233,0.17271,0.66771,0.47154,0.80693,0.59896,0.88362,0.77722,0.48488,0.090408,0.033921,0.02037,0.013545,0.026141,0.097935,0.15859,0.22301,0.10458,0.20512,0.046057,1.8839e-09
1,0.36398,0.056995,0.7454,0.84681,0.92081,0.95561,0.79687,0.44576,0.38364,0.11007,0.29666,0.20901,0.032035,0.014558,0.11666,0.0042492,5.5763e-07,3.3597e-06
1,0.20262,0.015178,0.12227,0.1503,0.43948,0.68483,0.96008,0.81679,0.5,0.1493,0.11334,0.035095,0.14585,0.3291,0.016078,0.014283,0.0028584,5.7399e-06,4.7092e-08,9.0708e-08
1,0.12354,1.3428e-05,0.46234,0.77992,0.90642,0.1787,0.54831,0.52121,0.25174,0.48461,0.73692,0.57772,0.23899,0.031271,0.005111,1.9919e-06,7.8061e-10
1,0.063886,0.058061,0.022177,0.019146,0.65648,0.74579,0.63833,0.77388,0.66435,0.73693,0.58723,0.71137,0.14702,0.094138,0.026752,0.024744,2.7654e-08,4.8893e-07
1,0.14612,0.12671,0.20107,0.10549,0.55202,0.9231,0.70504,0.45966,0.57426,0.11092,0.25355,0.057163,0.044925,0.012851,0.0071796,1.069e-06,1.7984e-06
1,0.26401,0.39643,0.16057,0.48731,0.75713,0.62048,0.42883,0.39829,0.3233,0.069947,0.025663,0.0069159,8.6733e-07,1.5062e-06,1.488e-08
1,0.59732,0.6497,0.96543,0.98302,0.96433,0.90516,0.91274,0.82183,0.92323,0.76957,0.5,0.29085,0.04296,0.0034942,0.0040929,2.1232e-09
1,0.022161,0.015651,0.007624,0.055611,0.17233,0.29839,0.15693,0.58876,0.5087,0.57416,0.4703,0.43538,0.52154,0.096352,0.027632,0.015032,0.01232,0.0052327,1.2201e-07
1,0.18027,0.30777,0.22981,0.15812,0.56649,0.58375,0.80689,0.79368,0.56851,0.56298,0.25298,0.58354,0.2692,0.12131,0.035362,0.0025413,0.0028849,6.5119e-06
1,0.05115,0.16688,0.089126,0.06502,0.25154,0.10651,0.38924,0.36715,0.75282,0.66684,0.88248,0.92998,0.94741,0.96502,0.89324,0.72261,0.93912,0.80115,0.76552,0.63961,0.35344,0.41447,0.17511,0.23918,0.13034,0.23366,0.16765,0.22492,0.099238,0.028517,1.2039e-05,0.0054068,0.0036818,1.4735e-05,2.6302e-07,2.422e-08
1,0.49347,0.42509,0.71271,0.83556,0.57729,0.44111,0.3062,0.75944,0.76853,0.93601,0.86318,0.72311,0.27918,0.73878,0.94137,0.92185,0.90147,0.12057,0.047897,0.14186,0.24277,0.20616,0.12317,0.14622,0.12987,0.0049836,6.6278e-07,5.0558e-06,1.5144e-05,6.0952e-06,9.7515e-06,3.5611e-07
1,0.78664,0.69154,0.55863,0.58187,0.7093,0.81647,0.72233,0.62739,0.92316,0.82,0.61368,0.19453,0.39018,0.56887,0.69232,0.88203,0.89329,0.67645,0.80526,0.84229,0.7823,0.29464,0.72284,0.11415,0.4826,0.88906,0.94329,0.9585,0.95856,0.52909,0.71935,0.32525,0.43582,0.43177,0.048031,0.079266,0.051926,0.023438,1.6288e-05,1.2423e-08
1,0.090614,0.27906,0.14105,0.038608,0.70963,0.4677,0.10999,0.29055,0.43073,0.75019,0.86446,0.87558,0.63954,0.66678,0.82787,0.58233,0.48023,0.042967,1.5175e-05,0.098247,0.069887,0.87179,0.64447,0.27742,0.69824,0.35579,0.069911,0.082855,0.12188,0.0028706,0.0080839
1,0.16136,0.55211,0.7148,0.92013,0.87789,0.68689,0.52118,0.84394,0.84245,0.2346,0.29696,0.48535,0.23608,0.29435,0.35478,0.40285,0.18057,0.11455,0.025489,9.1195e-07,5.6309e-10,7.5513e-07
1,0.096244,0.065501,0.06498,0.061513,0.021535,0.17545,0.14115,0.56334,0.71596,0.71227,0.80117,0.71478,0.38312,0.48409,0.4479,0.5736,0.57489,0.68989,0.85091,0.43744,0.28585,0.061614,0.0036299,1.6193e-08,5.7514e-07
1,0.5,0.4747,0.27105,0.24143,0.51399,0.56763,0.55551,0.3631,0.40075,0.38995,0.34991,0.25555,0.19742,0.3066,0.46734,0.60815,0.038864,0.012524,0.012318,4.4722e-10
1,0.94436,0.90573,0.58223,0.4668,0.35213,0.21,0.17425,0.40396,0.53634,0.64422,0.42003,0.45903,0.44119,0.50726,0.83584,0.51407,0.55232,0.21046,0.027122,1.7264e-07
1,0.39516,0.046235,0.032657,0.074278,0.26779,0.61669,0.93199,0.95448,0.98363,0.98782,0.93708,0.92781,0.82161,0.79573,0.58477,0.70848,0.40334,0.60068,0.056952,0.05365,0.0082573,0.072767,0.0099146,2.4744e-08
1,0.083107,0.54833,0.87471,0.96514,0.93739,0.86625,0.63892,0.4902,0.98565,0.98808,0.99286,0.99904,0.99467,0.7266,0.51258,0.27747,0.14241,0.1796,0.075698,0.02326,0.019418,0.033207,0.0025585,4.9255e-07,5.7072e-08
1,0.78186,0.92787,0.79492,0.88066,0.68958,0.63026,0.78169,0.84508,0.74131,0.73991,0.85688,0.61396,0.32351,0.16934,0.37515,0.14947,0.087153,0.07992,0.038558,0.047972,0.0086093,7.1287e-07,0.0070012,1.1223e-06,1.1428e-06,1.3498e-09
1,0.33538,0.30318,0.12132,0.36612,0.40404,0.23059,0.62053,0.64621,0.64258,0.94472,0.82633,0.42225,0.18691,0.15996,0.58178,0.58618,0.15879,0.021995,0.012644,0.0071451,0.0058462,0.0029812,0.0033528,1.0845e-05,1.9378e-06,9.4477e-06,4.5784e-08
1,0.41655,0.12389,0.078493,0.45679,0.53213,0.65558,0.93686,0.93806,0.87845,0.97365,0.85753,0.27377,0.44887,0.7407,0.36969,0.19347,0.043756,0.0056284,0.0043169,0.003025,0.0031319,9.3041e-06,3.5106e-06,2.8374e-06,7.2546e-08
1,0.97496,0.97595,0.91201,0.93752,0.8742,0.64607,0.94083,0.96169,0.95209,0.81398,0.75483,0.41435,0.26939,0.14743,0.13328,0.26246,0.17513,0.05249,0.050925,0.027501,7.0839e-06,1.1339e-05,0.0030112,1.0248e-05,7.3177e-09,4.3336e-11
1,0.16952,0.052908,0.075975,0.26,0.37179,0.7471,0.61876,0.31627,0.31996,0.3148,0.34166,0.11444,0.043666,0.017791,0.32782,0.054628,0.55044,0.65785,0.77241,0.73379,0.71646,0.83372,0.51219,0.6247,0.23483,0.089279,0.070781,0.088611,0.015233,0.019439,0.0037666,1.6636e-06,3.2759e-07,4.1418e-06,2.2833e-08
1,0.34105,0.30782,0.56663,0.62361,0.86727,0.80436,0.14319,0.54822,0.75326,0.62631,0.49214,0.16037,0.060078,0.010784,0.093162,0.20914,0.078216,0.086024,0.79977,0.44809,0.61891,0.73169,0.64689,0.78014,0.91105,0.59567,0.56719,0.035945,0.013977,6.431e-06,0.0031999
1,0.31583,0.41767,0.5414,0.62206,0.29903,0.2748,0.1944,0.44084,0.36884,0.39468,0.15247,0.3332,0.56447,0.85254,0.27391,0.40783,0.24438,0.5997,0.87101,0.96242,0.95523,0.85844,0.8001,0.056976,0.010316,5.7327e-07,0.0029508,8.3548e-09
1,0.87435,0.57238,0.46803,0.53954,0.52596,0.33517,0.67145,0.60157,0.40554,0.3405,0.45232,0.37018,0.19831,0.1145,0.25586,0.17794,0.80778,0.60497,0.52145,0.12961,0.40655,0.78875,0.54129,0.44675,0.98012,0.46465,0.11129,0.082345,0.060243,0.0034387,0.0038985,3.2184e-06
1,0.54695,0.57416,0.66007,0.56025,0.39209,0.40189,0.70066,0.6131,0.88981,0.56263,0.93437,0.81606,0.79574,0.80605,0.27353,0.7485,0.64673,0.78446,0.43986,0.36473,0.46356,0.027253,0.032947,0.005334,0.1934,0.60599,0.6135,0.45597,0.39311,0.43745,0.062334,0.0327,0.010961,0.0070774,0.0034462,0.003419,0.0051395,3.15e-06,1.1135e-08
1,0.58911,0.71719,0.24423,0.26194,0.56477,0.38897,0.16173,0.57032,0.65773,0.43035,0.70781,0.91929,0.4453,0.12478,0.39123,0.20579,0.21626,0.092915,0.062839,0.019991,0.037378,0.034739,0.044035,0.045226,0.04369,0.1146,0.58541,0.2097,0.085602,0.033078,0.030462,1.2349e-06,4.1963e-08
1,0.77084,0.98719,0.98253,0.98233,0.96762,0.93844,0.33206,0.19969,0.033252,0.02073,0.032816,0.053388,0.038283,0.062028,0.0083467,0.01219,0.012461,0.014849,0.0083339,0.0059441,0.012615,0.027187,0.015576,0.013437,0.0069561,0.018127,0.23925,0.63267,0.76773,0.63044,0.48105,0.019972,1.645e-05,0.030429,0.010625,0.011828,0.0060468,1.5042e-05,3.1013e-07,2.749e-08
1,0.79629,0.70248,0.089985,0.35392,0.54933,0.29816,0.6291,0.36791,0.62014,0.27299,0.24939,0.66566,0.4328,0.2051,0.17414,0.10618,0.3228,0.3523,0.59222,0.35261,0.11671,0.047635,0.23407,0.34291,0.82009,0.67254,0.37626,0.020082,0.024574,0.054802,0.22873,0.39663,0.69644,0.17117,0.0052424,9.8875e-07,9.8621e-10
1,0.47911,0.84863,0.87803,0.85245,0.95793,0.80813,0.851,0.98719,0.97626,0.97672,0.9675,0.97623,0.84863,0.98843,0.89154,0.91225,0.031597,0.08407,0.51694,0.65561,0.9503,0.92235,0.99403,0.85677,0.19968,0.0082505,0.0039556,3.7275e-07,3.5474e-08
1,0.30018,0.71608,0.85528,0.84646,0.64996,0.26677,0.42766,0.55009,0.4283,0.70394,0.83097,0.73218,0.5,0.79106,0.17633,0.041203,0.18487,0.0238,0.13367,0.59113,0.6245,0.59147,0.65081,0.093166,0.0095366,1.333e-05,1.2216e-06,2.0498e-06,6.1449e-06,1.3472e-09
1,0.14484,0.37649,0.46888,0.39604,0.55101,0.57293,0.31571,0.41463,0.83163,0.61496,0.099863,0.5,0.57871,0.36509,0.38251,0.2837,0.27567,0.60167,0.52425,0.55065,0.25991,0.05747,0.056352,0.015102,0.010893,0.0090425,3.5948e-06,0.0028013
1,0.442,0.030116,0.5,0.35367,0.26376,0.76829,0.7477,0.89024,0.6555,0.49224,0.18238,0.1087,0.010569,0.051005,0.31481,0.28027,0.51682,0.4829,0.83776,0.27649,0.81754,0.9484,0.98481,0.79593,0.35392,0.090347,0.055225,0.0027558,1.2411e-06,3.2983e-07,5.2609e-08
1,0.028073,0.090351,0.15147,0.21296,0.5,0.54619,0.39614,0.034753,0.36969,0.3604,0.74593,0.37209,0.4679,0.26433,0.15994,0.12744,0.0038417,0.0031397,0.0032644,0.0041091,1.1095e-06,9.8381e-10
1,0.16768,0.8002,0.71996,0.56783,0.66811,0.82612,0.96598,0.94395,0.90824,0.91029,0.92806,0.83866,0.90309,0.8962,0.97355,0.84026,0.57628,0.55373,0.20524,0.094847,0.088485,0.029418
1,0.11303,0.17691,0.5,0.21307,0.2225,0.17519,0.056376,0.16049,0.31188,0.097195,0.084965,0.032252,0.7177,0.80178,0.97304,0.75007,0.96582,0.94687,0.10402,0.011586,0.012964,0.024581,0.012678,1.0937e-05,1.6948e-05
2,0.038283,0.088327,0.074297,0.05921,0.82611,0.51958,0.68544,0.61904,0.93025,0.6873,0.65931,0.57034,0.25021,0.14407,0.026611,0.0059066,0.068109,2.2906e-06,1.4969e-08
2,0.1254,0.034965,0.056338,0.044594,0.039081,0.045837,0.087011,0.034869,0.10851,0.062238,0.040754,0.02071,0.004967,0.018986,4.172e-06,1.7963e-08
2,0.039348,0.10034,0.078117,0.22684,0.083325,0.12499,0.032297,0.22423,0.043861,0.038408,0.020274,0.0083416,2.1349e-06,4.1255e-06,5.0153e-07,5.3937e-07,8.1857e-07,1.9831e-06,2.7683e-06,3.1401e-07,3.8595e-09,8.6444e-08
2,0.03397,0.032555,0.090701,0.072639,0.041552,0.01423,0.12659,0.060529,0.096897,0.052427,0.28769,0.17369,0.13382,0.03725,0.022926,0.002713,6.5304e-06
2,0.0033365,0.056209,0.65151,0.48482,0.26509,0.39283,0.18219,0.5,0.25781,0.24319,0.046589,0.39207,0.28361,0.27078,0.17358,0.1884,0.061586,0.082176,0.066099,0.017746,0.04184,0.011787,0.003628,2.5219e-09
2,0.18527,0.03331,0.014539,0.0045886,0.31682,0.17369,0.48746,0.03668,0.0030198,1.2838e-06,0.0049577,0.028147,0.013142,0.019057,0.050791,0.023324,9.9964e-07
2,0.054006,0.25774,0.14962,0.30008,0.4932,0.45445,0.40083,0.53582,0.017083,0.04671,0.053637,0.019442,0.0071596,0.69594,0.093345,0.024417,0.014561,0.0049941,2.9235e-06,2.4336e-10
2,1.2098e-06,1.9027e-06,0.0048773,0.064061,0.71351,0.78316,0.5204,0.41154,0.26983,0.051295,0.079745,0.12851,0.017931,0.58801,0.69217,0.48229,0.078025,0.018942,7.5611e-06,7.8054e-07,9.3268e-09
2,0.0059651,0.020684,0.4535,0.19328,0.34121,0.32787,0.27515,0.089854,0.055586,0.013959,0.046863,0.069036,0.030974,0.046835,0.0097194,1.9153e-05,1.3825e-08
2,0.10243,0.055389,0.0060283,0.091209,0.057997,0.5,0.47114,0.9466,0.82962,0.55362,0.23183,0.1955,0.18704,0.46909,0.5742,0.068539,0.019138,0.010977,3.478e-06,3.5565e-06,2.2149e-06,6.7625e-09
2,0.035214,0.17445,0.45726,0.40294,0.4236,0.24732,0.2891,0.14003,0.16861,0.070925,0.36235,0.82881,0.37487,0.035873,0.05013,0.011604,1.771e-07
2,0.37,0.56948,0.70759,0.12773,0.019085,0.012864,0.0026533,0.0063983,0.0077813,0.21759,0.36956,0.14427,0.0041097,5.8785e-07,2.0312e-09
2,0.020866,0.028328,0.17622,0.37402,0.06303,0.13074,0.097342,0.161,0.027751,0.03351,0.035162,0.17098,0.5996,0.53224,0.035018,0.031047,0.0025627,7.1824e-07,8.1614e-07
2,0.25406,0.09112,0.28935,0.013199,0.14428,0.40649,0.7181,0.94054,0.87811,0.90958,0.43706,0.26917,0.31682,0.20022,0.051102,0.043325,0.21915,0.0076461,0.0080155,0.04695,0.070938,4.5117e-06,1.4247e-06,3.0339e-07,0.0038873
2,0.026481,0.093123,0.06631,0.007979,0.010893,0.14884,0.031035,0.034947,0.029608,0.14459,0.35179,0.68046,0.80162,0.55227,0.48383,0.13574,1.726e-05,7.6444e-06,0.0030562
2,0.014247,0.033669,0.10396,0.075959,0.14474,0.021092,0.017323,0.060451,0.3123,0.056473,0.14163,0.12852,0.51624,0.38458,0.51244,0.33807,0.16167,0.019902,0.044307,0.16218,0.086016,0.24522,0.35461,0.025857,0.0039846,3.6005e-06,7.8677e-07,8.2912e-07,7.0502e-06
2,0.026802,0.034944,0.075179,0.070708,0.062275,0.046889,0.015255,0.066393,0.25117,0.32798,0.60098,0.56781,0.11921,0.015501,0.002863,0.006986,2.7234e-06,1.4282e-07
2,0.053753,0.086649,0.011566,0.0069196,0.029869,0.13942,0.38544,0.20526,0.1457,0.16264,0.0032263,0.074356,0.10207,0.25768,0.049892,0.012437,2.7657e-06,4.0534e-07,6.151e-08,2.8044e-07,9.7877e-07
2,0.073414,0.097162,0.17949,0.03663,0.057604,0.13117,0.21901,0.19343,0.20172,0.14168,0.033328,0.049925,0.0061015,2.5349e-07,0.0063041,0.010446,1.1469e-05,9.0818e-08
2,0.09432,0.53007,0.77364,0.83102,0.18252,0.17949,0.041822,0.26447,0.057686,0.012458,0.11547,0.20317,0.16596,0.12836,0.55987,0.57269,0.74185,0.8318,0.85884,0.69147,0.34379,0.032937,0.091283,0.069402,0.00426,1.1861e-05,4.7914e-08
2,0.03012,0.095272,0.16973,0.4759,0.39541,0.38523,0.31822,0.34597,0.24232,0.28886,0.339,0.66558,0.6679,0.51816,0.02823,0.0066579,9.8385e-06,0.011348,4.1912e-07,1.4254e-08
2,0.049788,0.048512,0.11941,0.30013,0.11754,0.035574,0.0344,0.014103,0.013584,0.28024,0.31418,0.24062,0.59304,0.17016,0.079284,0.050347,0.31711,0.17202,0.87539,0.92752,0.30637,0.22936,0.24856,0.15736,0.15385,0.5,0.18261,0.22344,0.15978,0.0030831,1.6536e-05,8.7186e-06,5.8911e-08,1.1506e-06,2.5404e-08
2,0.20936,0.65082,0.37133,0.039339,0.16102,0.11427,0.021796,0.15325,0.28952,0.13017,0.072431,0.16587,0.097877,0.059845,0.11273,0.0267,0.0073042,0.0039666,0.0034726,0.010761,0.029014,0.013703,0.017816,0.030826,0.0085916,0.0044587,0.0046993,1.3844e-08,6.4078e-09,3.9803e-09
2,0.054373,0.061191,0.0095709,0.012673,0.026301,0.037703,0.12924,0.34688,0.2882,0.22091,0.21207,0.091415,0.35448,0.14381,0.10078,0.15162,0.022736,0.010801,0.0076058,0.012509,0.25015,0.05538,0.069901,0.026943,0.0057477,1.0141e-05,1.4739e-06,4.5726e-07,8.421e-09
2,0.036333,0.026705,0.13787,0.072172,0.15368,0.32514,0.40327,0.48279,0.58227,0.57255,0.46511,0.34237,0.23613,0.072309,0.43601,0.22457,0.41946,0.072637,0.22488,0.43465,0.51108,0.23164,0.1283,0.093451,0.0070627,9.9729e-06,0.003236,0.0038897,9.3088e-08,3.8396e-08
2,0.12575,0.26163,0.58158,0.44683,0.35978,0.54215,0.36188,0.23321,0.27101,0.53279,0.089678,0.056655,0.14132,0.056861,0.028773,0.013392,0.011706,0.021554,0.010669,0.0054668,0.024697,0.0092375,0.013755,0.018882,0.014447,0.026178,0.0097491,0.041527,0.014962,0.0089957,0.0071881,0.011213,0.0037813,0.015674
2,0.0076136,0.0075299,0.029609,0.023846,0.024292,0.017036,0.107,0.04923,0.025266,0.092656,0.15709,0.27005,0.23413,0.096956,0.054789,0.080936,0.067148,0.27143,0.26715,0.31175,0.51114,0.081454,0.048584,0.23736,0.3568,0.5,0.292,0.075396,0.16516,0.12126,0.023378,0.041051,0.0031403,7.5457e-06,0.0065974,2.6548e-06,4.4525e-06,7.1459e-09
2,0.39031,0.79455,0.5,0.12424,0.63609,0.74371,0.14316,0.61198,0.45096,0.17338,0.1467,0.41552,0.16026,0.08461,0.044783,0.091379,0.043571,0.012688,1.0827e-05,0.003623,0.0056085,0.008078,0.17042,0.10933,0.097152,0.023237,0.068192,0.0039767,0.004282,0.015803,0.017419,9.5224e-07
2,0.22803,0.29634,0.37084,0.46507,0.6611,0.81623,0.81072,0.5871,0.35452,0.38653,0.41989,0.29401,0.38202,0.14669,0.14465,0.1117,0.028569,0.021745,0.037663,0.0069817,0.039077,0.043906,0.31147,0.11423,0.3932,0.1007,0.065485,0.11859,0.18281,0.077464,0.026791,0.0042643,1.1693e-07,3.3249e-08
2,0.0067482,0.014236,0.056727,0.017466,0.038218,0.15056,0.063408,0.012493,0.044322,0.025428,0.043181,0.070113,0.1334,0.048454,0.14859,0.23007,0.19961,0.036711,0.28939,0.35857,0.3925,0.61981,0.91922,0.80267,0.25235,0.0091016,0.053062,0.034292,0.059576,0.68703,0.61506,0.15536,0.19447,0.07496,0.014426,0.0069811,0.0035595,0.0026385,0.0038073,5.4067e-07,5.2716e-06
2,0.72119,0.91452,0.58121,0.13345,0.16492,0.13905,0.046254,0.040565,0.2393,0.66075,0.60085,0.20029,0.13192,0.10873,0.025035,0.0031113,1.1317e-06,0.01896,1.7524e-05,1.9903e-06
2,0.063553,0.1415,0.11047,0.053573,0.063218,0.026581,0.044172,0.064367,0.01933,0.0072924,0.0060211,0.0075021,0.014095,0.024958,0.019984,3.268e-06,8.8496e-07,2.5404e-07,0.010949,1.0426e-06
2,0.25791,0.36331,0.38115,0.48267,0.16801,0.074364,0.043415,0.051539,0.29147,0.38997,0.3583,0.24064,0.1556,0.42785,0.24111,0.19924,0.18315,0.053891,0.016729,0.0034345,0.016451,8.8549e-08,1.4603e-09
2,0.37283,0.35402,0.1437,0.64073,0.47818,0.2932,0.17253,0.47176,0.15322,0.17132,0.61542,0.44135,0.50522,0.5982,0.47642,0.56166,0.18788,0.047336,0.010537,3.7674e-06,9.5813e-09
2,0.77041,0.95622,0.78047,0.82072,0.29948,0.035131,0.095281,0.3881,0.69246,0.16422,0.22749,0.37406,0.04009,0.0092092,0.019997,0.0094413,0.0045318,0.0058958,0.14573,0.0075173,5.5074e-07,3.3072e-07,1.0624e-09
2,0.69353,0.41315,0.37496,0.21265,0.25613,0.55592,0.44038,0.8711,0.79072,0.88289,0.59254,0.38849,0.67709,0.80475,0.4786,0.37062,0.73575,0.42847,0.19623,0.041166,1.03e-06,7.1414e-08,1.4628e-08
2,0.13639,0.47849,0.60345,0.71991,0.46449,0.23165,0.090456,0.034043,0.079199,0.10506,0.13303,0.042958,0.087731,0.057396,0.037769,0.076719,0.16228,0.12584,0.029968,0.0063076,0.02696,0.0029013,6.2684e-07,1.1167e-09
2,0.096507,0.14687,0.29868,0.87382,0.98816,0.90172,0.98195,0.99173,0.92619,0.54816,0.58888,0.69694,0.25542,0.33948,0.57556,0.66703,0.59964,0.18714,0.003417,1.7364e-05,4.8172e-07,0.015426
2,0.033515,0.082996,0.29148,0.2591,0.093865,0.095025,0.16751,0.065013,0.22466,0.19205,0.12661,0.073223,0.066574,0.12544,0.019658,0.047289,0.29694,0.088536,0.11053,0.055356,0.15712,0.14006,0.033551,5.8486e-06,9.5374e-06,1.3641e-05,0.014147,0.043962,0.01502,7.2538e-06,1.321e-05,4.61e-08,5.2515e-07
2,0.64551,0.35363,0.39852,0.48377,0.4831,0.62525,0.80833,0.57094,0.48259,0.38296,0.026865,0.027622,0.34544,0.20591,0.21867,0.12441,0.067796,0.018085,1.7636e-05,2.0675e-07,2.303e-06,7.4265e-06,9.2009e-07
2,0.31823,0.39312,0.38289,0.46824,0.39233,0.61695,0.27292,0.1028,0.03217,0.011287,0.0084434,0.024075,0.080124,0.26426,0.19808,0.14424,0.071275,0.0070533,1.233e-05,0.0039472,3.9764e-07,2.8808e-09
2,0.58396,0.68905,0.69141,0.66858,0.74082,0.39443,0.73647,0.65904,0.66614,0.47075,0.80711,0.18147,0.70117,0.31191,0.40668,0.37773,0.40918,0.094503,0.15139,0.11127,0.19789,0.25454,0.17046,0.0085723,0.0044084,7.328e-06,6.2293e-07,1.0966e-07,5.1325e-07,3.3507e-06
2,0.75456,0.66103,0.6233,0.80133,0.90879,0.94207,0.98426,0.95264,0.84084,0.89297,0.89317,0.7786,0.49332,0.39415,0.12578,0.12289,0.016924,0.34502,0.36227,0.30732,0.1266,0.24156,0.25144,0.0038506,0.0028746,0.0044558,0.0026371,1.4421e-06
2,0.012323,0.038135,0.05163,0.0037003,1.2e-05,0.013036,0.13227,0.016436,0.03841,0.072637,0.29127,0.5,0.33948,0.20371,0.22931,0.061476,0.071863,0.055246,0.053699,0.029365,0.072078,0.015334,1.1603e-06,5.0989e-06
2,0.47753,0.30207,0.35007,0.28565,0.34113,0.48588,0.067563,0.17103,0.11348,0.088862,0.70213,0.4825,0.12563,0.010172,0.0066845,3.6316e-06,0.029105,0.53506,0.59,0.87645,0.6124,0.25147,0.34909,0.78764,0.2337,0.095424,0.036892,0.063904,0.023073,0.074287,1.4363e-05,0.015231
2,0.012961,0.020133,0.031387,0.041904,0.084188,0.04654,0.23904,0.24522,0.21933,0.097642,0.042116,0.13377,0.20925,0.63726,0.75217,0.93314,0.83591,0.61071,0.82856,0.26456,0.38813,0.18373,0.2025,0.065033,0.029774,0.005563,0.011467,0.079469,4.2113e-07
2,0.64716,0.77469,0.66485,0.44583,0.93873,0.97087,0.76389,0.10569,0.044887,0.025806,0.031453,0.11489,0.64923,0.86311,0.53877,0.43434,0.22909,0.81978,0.86862,0.84276,0.56917,0.87518,0.86848,0.93775,0.92252,0.87117,0.29313,0.27097,0.02136,0.0039228,0.0076503,0.0076273,7.5674e-09
2,0.08365,0.11508,0.067376,0.10183,0.041014,0.41055,0.1993,0.25569,0.25576,0.63762,0.13918,0.073689,0.058955,0.16123,0.10671,0.12615,0.20768,0.75154,0.11566,0.20014,0.064573,0.033562,0.094504,0.016753,0.0027752,6.0612e-07,1.3213e-08,9.1853e-11
2,0.057849,0.101,0.2062,0.10207,0.21381,0.19722,0.33131,0.16208,0.0047872,0.01912,0.02732,0.032035,0.087213,0.55768,0.42998,0.24768,0.28608,0.89073,0.54167,0.68818,0.56,0.13698,0.018447,0.0091265,1.6045e-05,0.0068824,0.0044381,0.011079,0.0092164,0.014604,0.012068,1.4869e-05,0.0057904,2.5923e-09,1.405e-09,4.0079e-09
2,0.1806,0.067673,0.5,0.1927,0.16736,0.018208,0.0035706,0.057491,0.041403,0.17906,0.34516,0.072317,0.1558,0.20942,0.053941,0.031871,0.17301,0.053561,0.060749,0.021959,0.042259,0.01941,0.0056953,2.0791e-06,2.0212e-07,4.8506e-07,2.1654e-09
2,0.26914,0.6616,0.50609,0.60253,0.58733,0.444,0.31328,0.43623,0.5,0.47751,0.6588,0.067243,0.048294,0.098332,0.049731,0.063239,0.027032,0.048355,0.063251,0.097439,0.033476,0.023772,0.16595,0.23568,0.21893,0.41663,0.42798,0.5,0.57817,0.61723,0.68907,0.30778,0.90142,0.033018,0.0053556,1.9494e-06,1.4547e-07,1.2472e-06,3.2074e-09,9.7983e-11,6.2288e-09
2,0.17931,0.41112,0.097512,0.17862,0.35385,0.19035,0.080302,0.29533,0.40742,0.23158,0.15503,0.30629,0.21016,0.010396,0.012977,0.034367,0.028546,0.013544,0.079612,0.051214,0.032161,0.035852,0.051018,0.065293,0.28046,0.082307,0.1871,0.057811,0.10523,0.02107,0.020692,0.020144,0.0091601,1.7913e-05,0.0045639,2.4742e-08,5.3279e-09
2,0.04636,0.10828,0.099356,0.040478,0.050482,0.2674,0.27341,0.23151,0.06154,0.06438,0.13147,0.28401,0.25244,0.27498,0.26877,0.33162,0.165,0.072136,0.0147,0.020467,0.086792,0.0055124,0.0068127,0.018081,0.14654,0.33379,0.76757,0.90289,0.89062,0.83888,0.50955,0.20312,0.014986,9.7574e-06,7.7898e-08,0.008255,0.16404,0.60421,0.52982,0.5,0.088605,3.2507e-06,9.5334e-07,1.7719e-08,4.4203e-09
2,0.5721,0.48889,0.92058,0.70593,0.73569,0.40835,0.317,0.22004,0.12409,0.077436,0.030615,0.47768,0.59468,0.42541,0.17619,0.15858,0.013782,0.0060144,0.054985,0.13364,0.033457,0.14125,0.054957,0.0028849,1.3594e-05,0.0076107,0.18465,0.21279,0.22136,0.32343,0.16698,0.11252,0.40808,0.12207,0.81322,0.50509,0.2944,0.1845,0.01693,0.2154,0.26377,0.30824,0.18687,0.13649,0.2985,0.51495,0.33671,0.16453,0.24047,0.17295,0.017276,0.025901
2,0.74765,0.79796,0.48549,0.44663,0.57859,0.11548,0.64266,0.085573,0.25865,0.30131,0.026282,0.08209,0.61524,0.26941,0.14615,0.0043409,0.013678,0.0051234,0.047812,0.6938,0.62382,0.6429,0.59328,0.30456,0.012815,0.011525,0.014551,0.10841,0.016275,0.18384,0.080172,0.010831,1.7926e-05,0.0041128,0.0028963,3.2835e-06,1.7505e-07,5.4893e-07,1.3857e-08
2,0.13959,0.19633,0.458,0.40878,0.62925,0.61442,0.093759,0.10831,0.082676,0.63364,0.42943,0.40502,0.37029,0.089741,0.038513,0.069955,0.11434,0.027411,0.056183,0.0078064,0.015677,0.0060325,0.0060423,0.017338,0.01584,0.12543,0.087127,0.35558,0.12189,0.15943,0.14251,0.040579,0.019372,0.0030375,4.631e-07,3.4121e-07
2,0.048601,0.044488,0.19416,0.10983,0.058518,0.13983,0.26049,0.089917,0.058079,0.097958,0.078743,0.046887,0.082674,0.041341,0.025682,0.017171,0.11396,0.18177,0.2202,0.34618,0.11613,0.049282,0.051502,0.052531,0.04803,0.042219,0.028547,0.030781,0.067529,0.01147,0.0042753,0.023253,0.013296,0.018236,0.044684,0.019447,0.0078822,6.3462e-07,1.2097e-06,1.6588e-05,8.7443e-08
2,0.20672,0.10814,0.28718,0.3909,0.72837,0.67213,0.28842,0.41709,0.69389,0.21647,0.50841,0.62917,0.35755,0.42753,0.87525,0.25693,0.10044,0.029715,0.19668,0.23062,0.13248,0.284,0.39576,0.40136,0.11552,0.0091129,1.4636e-05,4.0667e-07,1.8155e-08
2,0.41042,0.18988,0.1024,0.44794,0.12994,0.3315,0.16525,0.10001,0.061816,0.011073,0.086757,0.19155,0.086912,0.086227,0.13228,0.054392,0.0067945,1.1488e-05,5.1954e-06,0.010183,0.010378,0.19239,0.15439,0.35459,0.59565,0.34441,0.055081,0.0029614,1.8203e-05,6.5205e-07,2.2324e-07,2.3791e-08
2,0.096547,0.09966,0.27472,0.28698,0.87003,0.40035,0.37983,0.34478,0.27945,0.18108,0.11035,0.10113,0.091304,0.26018,0.1778,0.082643,0.06993,0.28714,0.17353,0.049916,0.040316,0.018176,3.199e-06,5.0135e-07,1.6982e-05,1.3155e-07,7.9169e-10
2,0.29351,0.16819,0.05623,0.032691,0.091329,0.11784,0.16923,0.86075,0.95686,0.35642,0.84159,0.46726,0.30962,0.22852,0.091605,0.037616,0.074141,0.32957,0.2137,0.18765,0.18448,0.013705,0.0033036,0.0033045,0.38147,0.61569,0.65009,0.85399,0.86414,0.92737,0.66957,0.30321,0.10587,0.17091,0.0077792,0.0044978,0.0059582,8.4846e-06
2,0.38849,0.59115,0.27919,0.33734,0.27482,0.057814,0.030653,0.03944,0.044677,0.067535,0.051105,0.061101,0.2865,0.061193,0.10568,0.093125,0.034983,0.043451,0.060629,0.026952,0.017791,0.0065315,0.012175,4.3531e-07
2,0.58433,0.34463,0.14068,0.17414,0.255,0.13154,0.094367,0.036835,0.021242,0.099282,0.5,0.5,0.54214,0.34145,0.44786,0.60086,0.055337,0.089319,0.038261,0.1296,0.027964,0.0058008,0.0082432,1.3067e-05,9.3984e-06,0.0030805,0.20846,0.097229,0.043028,0.023114,0.0027392,2.6829e-07
2,0.07675,0.086776,0.38996,0.28611,0.18426,0.2186,0.21415,0.12316,0.10547,0.14317,0.12903,0.21479,0.23495,0.19273,0.18791,0.17849,0.06827,0.024343,0.037859,0.015771,0.06721,0.047122,0.13035,0.094186,0.55571,0.45135,0.1546,0.26375,0.02575,0.0030626,0.011271,1.6654e-06,1.4024e-07
2,0.043067,0.078982,0.023477,0.11355,0.38689,0.18737,0.1798,0.11574,0.086391,0.016519,0.077971,0.15904,0.020459,0.060837,0.63021,0.29187,0.50508,0.4565,0.2681,0.13309,0.033437,0.0088218,8.753e-06,0.020644,0.01932,0.034452,0.034784,0.01596,0.012953,6.2448e-06,3.1243e-06,9.0968e-06
2,0.55648,0.7124,0.59745,0.40403,0.59081,0.55508,0.26523,0.10062,0.095526,0.4564,0.20482,0.33941,0.32928,0.019965,0.01089,0.021062,0.027056,0.025215,0.005555,1.659e-05,0.0094739,2.1995e-09
2,0.48698,0.33127,0.36336,0.43294,0.06193,0.20112,0.014374,0.023121,0.040617,0.16803,0.16021,0.531,0.48681,0.37043,0.72664,0.90546,0.86702,0.44557,0.5,0.34626,0.081339,0.0079776,0.0069587,0.003273,4.3073e-06,2.0816e-08,4.1766e-07
2,0.21694,0.94369,0.82849,0.36634,0.44544,0.23042,0.20222,0.3458,0.23646,0.12428,0.41196,0.80212,0.35926,0.2637,0.61078,0.84399,0.9273,0.96048,0.5,0.099059,0.03254,0.07092,0.0039206,2.9715e-06,6.8664e-06,4.0125e-06,2.918e-07,0.0027148,7.9276e-08
2,0.75904,0.85623,0.62206,0.80131,0.79118,0.65099,0.62144,0.055637,0.080203,0.39264,0.61652,0.43882,0.65049,0.49217,0.22185,0.081125,0.039142,0.0029021,2.7097e-06,0.0044156,2.0455e-06,4.8208e-08
2,0.42453,0.48183,0.40364,0.20899,0.069193,0.081629,0.21832,0.15752,0.226,0.13666,0.20114,0.14294,0.15408,0.034104,0.030655,0.0028525,0.0029294,0.0042245,0.0026523,1.301e-08,2.8916e-07,1.656e-07
2,0.47148,0.42666,0.4651,0.3853,0.062618,0.32249,0.22235,0.37654,0.28571,0.17927,0.5,0.24696,0.17223,0.31652,0.15163,0.08101,0.016323,0.2568,0.024355,0.015923,0.010484,0.0033648,2.6047e-08,3.4182e-07,6.2473e-06
2,0.011201,0.01573,0.0064692,0.0064484,0.01826,0.31037,0.43985,0.36501,0.29537,0.041276,0.33248,0.22556,0.68286,0.66867,0.54724,0.35346,0.39636,0.0117,0.069891,0.15026,0.047564,0.045077,0.033551,0.0078375,0.002814,1.0979e-07,7.1105e-08
3,7.3953e-09,5.8943e-08,6.6145e-08,3.1221e-07,1.6026e-07,9.2318e-08,5.8834e-07,1.7612e-07,2.1782e-07,2.922e-07,1.3901e-06,2.0817e-06,2.2182e-07,9.7641e-09,1.3798e-10,3.2573e-10,1.5832e-07,4.6844e-08
3,0.01695,0.033418,0.01398,0.040548,0.017612,0.0077381,2.2238e-06,2.6972e-07,2.2026e-07,2.8207e-07,1.3001e-06,2.3376e-06,0.0056786,0.006028,0.023815,0.0035682,3.2125e-07,7.3721e-10,1.3733e-07
3,1.8298e-08,2.3423e-09,5.5358e-09,5.3032e-09,5.1085e-09,6.0318e-08,2.0228e-07,1.7252e-08,4.4559e-08,2.3601e-07,5.1689e-09,1.7705e-08,2.6911e-06,0.022485,0.015793,0.011357,0.0064491,0.0083885,0.0038181,2.13e-06,5.1651e-06,1.715e-05,0.023111,0.010564,0.026484,0.016275,9.5114e-07,4.8165e-07,3.4373e-06,0.0066224,6.8004e-06
3,3.1808e-09,3.4961e-09,4.5959e-09,7.7521e-08,1.6523e-06,1.7007e-05,0.01945,0.030568,0.021073,0.0040971,0.0089248,0.0026103,7.2499e-07,1.9167e-05,0.0068357,3.1093e-06,4.1072e-06,2.0297e-06,1.187e-06,1.3683e-07,3.3882e-07
3,4.2598e-07,2.1548e-06,2.1004e-08,2.2871e-08,1.6131e-07,1.7942e-07,7.3008e-08,9.5948e-08,1.0435e-07,8.8187e-08,3.3132e-08,4.2507e-08,1.2163e-07,2.7575e-07,2.5743e-08,9.671e-09,1.2775e-08,1.0902e-08,2.307e-08,2.7639e-09,4.1716e-08
3,2.4107e-08,2.1904e-06,1.6493e-05,0.0039467,0.005981,0.0080717,0.007208,0.04858,0.021634,0.0055849,0.038091,0.033543,0.034624,0.032608,0.079247,0.026721,0.012024,9.8096e-07,3.6236e-06,0.0027025,4.6649e-06,0.0027371,0.0034867,9.8e-07,1.8e-07,1.0006e-08,6.4112e-08,9.1695e-09,1.0801e-09
3,0.0035421,0.0028553,1.8671e-05,0.0044361,0.017222,0.021241,0.014171,0.018301,0.010608,0.0052584,2.2611e-06,5.9837e-07,4.9104e-07,2.6462e-08,1.117e-08,2.8945e-06,3.9543e-06,5.7504e-06,1.4823e-06,1.2347e-05,5.1569e-06,2.8897e-06,0.0052058,0.10607,0.030792,0.081302,0.045338,0.02764,0.0041718,3.0231e-06,1.2684e-06,2.0067e-06,1.0599e-06,3.3546e-07,4.6382e-07,1.8649e-07,1.6922e-08,6.1706e-08,5.6438e-07
3,0.0033751,0.025632,0.060004,0.055966,0.0094348,8.8458e-06,6.8214e-09,3.171e-09,1.5017e-08,3.2646e-06,1.6612e-05,1.1223e-05,4.9314e-06,0.0027905,4.5728e-08,0.0030256,0.0031157,1.0705e-05,1.6829e-06,4.5516e-06,0.0038799,0.0042241,0.0056992,0.02766,0.0084488,0.0059288,0.0031046,0.0061478,2.7884e-06,4.9512e-07,4.4213e-06,1.302e-07,2.7647e-07,1.0543e-06,6.7182e-07,2.8978e-06,1.6349e-07,1.3379e-08,2.2417e-07,2.5529e-07,1.1605e-06,1.724e-06,1.1615e-05,4.3393e-06,6.9294e-06,2.3259e-07,1.2793e-05,5.8974e-06,2.4407e-07,5.2782e-08,3.3135e-08,3.0207e-08,1.5611e-07,9.1726e-08,2.638e-06,1.5123e-07,9.3103e-11
3,0.12335,0.01384,0.0090251,0.02476,0.0099601,0.015968,0.014254,0.0052834,0.0057177,0.025022,0.045187,0.0027376,0.0028354,0.0067499,0.013224,0.010043,0.01732,0.006651,2.8532e-06,6.1055e-07,2.1159e-07,0.0036808,6.6794e-06,6.2577e-07,1.4003e-05,0.0097474,0.0053607,0.0048652,1.5663e-06,0.003711,8.7228e-07,0.0091375,0.0080005,0.013019,0.0093333,0.0051188,2.5133e-06,1.1453e-07,2.2686e-07
3,0.0027477,1.0518e-06,7.5288e-08,6.3579e-08,4.5264e-09,6.8073e-09,4.3599e-08,1.6631e-07,3.2494e-08,4.1709e-06,6.7321e-06,1.1761e-05,1.3002e-06,2.2792e-07,5.359e-08,1.0353e-07,1.1671e-07,5.4263e-08,7.6755e-07,0.0029191,0.0034263,5.1172e-07,1.0915e-06,1.2343e-05,0.0049298,0.011409,0.0077907,0.0087266,0.008353,0.0044597,0.0038942,0.0054719,0.024287,7.4537e-08
3,1.7191e-05,5.2475e-07,1.5074e-06,3.2655e-07,5.0685e-08,1.3076e-08,1.4547e-08,6.7826e-09,2.1546e-07,3.2498e-07,2.1503e-06,1.3185e-06,6.1365e-08,1.4646e-08,9.5721e-09,6.0135e-08,9.3338e-08,4.607e-07,4.2411e-07,2.418e-08,1.7887e-07,6.0217e-07,7.6264e-07,1.9528e-06,1.2626e-06,3.9632e-08,6.1039e-07,4.6222e-07,2.4711e-07,5.6045e-06,7.9024e-06,4.6866e-06,0.0086783,0.0032645,2.8601e-07
3,0.056182,4.477e-06,0.0028599,1.6522e-05,1.4242e-07,7.1313e-08,4.0373e-07,1.4429e-07,3.1487e-08,4.0016e-08,2.5942e-07,9.9258e-07,3.0178e-06,2.4044e-06,1.2417e-06,1.3727e-06,0.004256,0.0099281,0.012842,0.026433,0.059762,0.071842,0.066906,0.033717,1.5203e-05,0.0034862,0.0043387,0.0061908,0.0029829,0.0068364,0.011735,0.0073442,0.0047818,0.0040739,0.010348,0.0041068,0.0065117,6.0057e-06,0.026674,0.0049252,0.0084677,0.054046,0.17134,0.18235,2.1393e-09
3,3.5226e-07,0.0064999,0.20981,0.64624,0.82295,0.64238,0.018012,1.3294e-05,5.0888e-06,2.8162e-06,0.0041003,0.0061185,0.011583,0.0080688,1.0922e-05,4.2397e-08,3.4998e-06,2.584e-06,5.9481e-06,3.1857e-06,2.0576e-06,4.6637e-06,1.7896e-06,5.0659e-06,0.0058995,0.0028434,0.0027442,1.8447e-05,0.0032923,1.1157e-05,0.0065217,0.011258,1.0704e-05,4.372e-06,9.7296e-07,1.66e-06,9.6412e-08,5.9039e-08,1.8517e-08,2.2545e-08,5.0483e-08,3.7772e-08,0.0031583,1.4653e-05,0.0072259,0.073522,0.17782,0.020357,0.0063756,0.0033552,9.9197e-06,1.5969e-05,5.5329e-06,1.0916e-05,3.8015e-06,4.2685e-08,1.1175e-09
3,0.040638,0.012386,0.0046286,0.0031815,0.011304,0.011221,0.0092498,0.015625,0.0059927,0.0026515,3.1769e-07,7.0453e-07,1.8558e-06,0.0067969,0.0033144,0.0038488,1.4973e-05,0.003567,0.025141,2.3313e-06,2.7939e-07,1.0828e-07,2.3763e-08,7.8359e-06,3.8531e-06,4.8703e-07,1.4188e-06,3.3077e-07,2.1654e-09,2.4944e-09,3.4682e-10,5.1115e-10,2.041e-07,7.2528e-08,1.4975e-10
3,0.11016,0.23526,0.38569,0.18655,0.21841,0.35604,0.041168,3.4719e-06,1.4836e-05,1.4019e-06,1.8384e-06,0.0042546,0.0069707,1.0322e-05,1.171e-05,3.4291e-08,3.702e-08,4.5458e-07,2.2587e-06,1.7179e-05
3,0.033995,0.0049376,0.0028757,0.0028707,0.0031766,1.0507e-05,1.7906e-05,2.9944e-06,9.1755e-07,2.0154e-07,1.1478e-07,5.9987e-09,6.1089e-08,2.4481e-08,1.4481e-08,4.5597e-08,5.5914e-08,7.253e-08,1.9797e-07,1.415e-09
3,7.4629e-07,3.2371e-07,0.0027134,0.0067448,0.0081246,8.7333e-06,7.2023e-06,3.1003e-08,1.05e-08,5.9252e-09,1.5352e-08,4.8414e-08,8.2796e-09,4.5361e-09,1.617e-08,2.2527e-07,5.7603e-08,2.2738e-07,1.9456e-07,1.1464e-06,0.0054671,2.9644e-06
3,5.2773e-07,1.4576e-05,1.5042e-05,0.068346,0.14608,0.061022,0.057559,0.10849,0.032215,0.014316,1.3765e-05,7.1357e-06,1.2377e-06,0.0032899,1.0348e-07,2.0138e-06,1.1003e-05,7.0561e-06,4.0774e-06,1.3731e-05,0.0033292,0.0039264,1.5843e-05,0.0042107,0.13951,4.3792e-06,1.2655e-05,2.4095e-06,2.0973e-06,3.3938e-09,6.1763e-07,4.5447e-07,8.8598e-07,1.3271e-06,6.8298e-07,5.0086e-08,2.4047e-07,2.6393e-06,2.1705e-07,5.2362e-07,4.2428e-10
3,0.01425,0.0057393,0.01294,0.36687,0.17443,0.069103,0.041934,0.041989,0.008556,0.0038435,0.0045002,1.7104e-06,1.7535e-08,2.5647e-08,2.2203e-08,3.0041e-08,1.626e-07,4.0288e-06,2.0589e-06,4.6804e-07,1.349e-07,7.6151e-08,3.5806e-08,5.4908e-09
3,0.0040843,0.0069834,1.2001e-05,2.7975e-06,3.5514e-06,3.1227e-06,0.0027257,0.026852,0.047022,0.025769,0.038294,1.0652e-05,3.4548e-07,3.5013e-07,0.010203,7.7296e-06,8.6525e-07,0.0028334,0.0058438,0.004219,1.0971e-05,0.0039952,0.0028356,0.0070407,0.04309,0.048912,0.086477,0.058513,1.0081e-05,1.083e-05,2.7336e-08,2.3997e-07,1.4176e-08,9.841e-07
3,4.8778e-07,7.8226e-06,7.6006e-06,1.487e-05,1.7748e-05,0.0036441,0.0026352,6.821e-06,0.0066649,0.0040874,1.3902e-05,4.0957e-06,3.2796e-06,1.3368e-05,1.0008e-06,5.5188e-08,3.2184e-09,1.2135e-09,1.456e-09,7.7482e-09,2.2274e-08,4.7138e-07,4.5224e-08,7.2976e-08,8.4625e-08,1.6498e-07,1.8609e-07,4.8607e-07,3.1728e-06,1.7441e-05,0.012025,0.0065803,1.2902e-05,2.4953e-06,2.4778e-07,3.0405e-07,3.2258e-06,3.8842e-07,6.9799e-06,7.8509e-06,1.1259e-06,4.8876e-06,9.8693e-06,5.2377e-07,2.9185e-06,5.1486e-07,9.7142e-09,1.7523e-08,4.1395e-07,4.0382e-08,1.666e-09,4.0805e-06
3,0.0041196,0.0044631,0.0040692,0.0073249,0.0042971,0.011208,0.0046698,0.014835,1.473e-05,0.014375,0.0027526,2.608e-06,6.0757e-06,0.0038671,0.0052106,0.0025347,0.0043993,0.015624,8.7921e-06,2.185e-07,6.2747e-07,0.0025434,0.0045835,0.0036689,0.0025944,0.0047497,0.0029646,3.4766e-06,0.0026413,1.1873e-05,7.0872e-06,6.6859e-06,0.0036783,7.7273e-06,2.5234e-07,0.0083309,8.7015e-08
3,0.010106,0.12499,0.061117,0.055193,0.0060161,0.0026038,1.1802e-08,6.559e-10,1.8961e-07,3.0905e-06,9.5321e-08,2.0004e-06,1.0291e-05,6.5445e-06,0.0044964,0.10659,0.013522,0.048632,0.095266,0.016577,0.0039928,0.0040926,6.4961e-06,9.3521e-07,1.0658e-06,1.1628e-05,1.0589e-05,2.4538e-06,5.2464e-07,1.1288e-06,2.969e-06,2.6657e-06,0.003553,0.0077029,1.8404e-05,0.0064884,0.0061006,0.0072347,0.0032295,0.0025292,1.4025e-05,2.9251e-06,1.1128e-05,0.087616,0.0097212,0.013062,0.014245,0.0069053,3.7957e-06,5.4759e-10,9.5232e-09,1.3194e-07,3.6976e-07,4.3113e-06,0.0041204,4.419e-06,6.7355e-06,1.5856e-05,0.004444,0.012444,0.17057,0.025412,0.014984,0.02773,0.038404,0.0067895,0.0040041,0.0036472,0.0025401,0.0035273,0.0090878,0.0059015,0.0058304,0.0055179,0.02032,7.85e-08,5.4038e-08
3,0.069378,0.073493,0.12246,0.031027,0.032567,0.025258,0.0043789,0.0050507,0.0081208,1.7232e-05,1.1638e-05,0.0028625,0.0029835,0.0062306,0.0062611,6.0798e-06,2.9864e-06,6.5085e-07,3.9477e-06,7.5513e-07,1.8401e-07,6.1886e-06,1.1658e-05,1.5631e-05,0.0032615,0.0039223,0.0064603,0.017365,0.0095826,0.004958,5.7315e-06,1.0809e-05,3.3059e-07,2.3721e-08,3.6921e-09,6.7478e-08
3,0.0027134,6.762e-06,5.9756e-07,2.1521e-07,9.5711e-07,1.1784e-05,1.5975e-06,4.9645e-06,0.0029024,9.1082e-07,3.3784e-06,1.5293e-06,7.9182e-07,4.6421e-08,4.0057e-08,2.9989e-08,2.05e-08,1.1086e-07,4.5157e-07,1.1228e-06,2.4757e-07,2.0066e-07,1.1953e-06,2.8591e-06,1.0934e-05,3.561e-07,1.7744e-08,5.0562e-09,1.4686e-06,9.8041e-06,3.3101e-06,3.4333e-06,1.1408e-08,6.4474e-10,8.0406e-10,7.6248e-10,2.183e-09,6.3763e-06,3.5633e-08,1.0009e-07,1.5909e-09
3,1.9714e-07,2.4221e-07,9.5873e-07,3.3641e-06,1.3839e-07,0.0033407,0.0089366,0.029973,0.083098,0.15229,0.017824,0.0029629,7.1214e-08,1.7022e-06,3.5252e-07,3.2879e-06,5.411e-07,4.2429e-06,9.5952e-07,6.105e-07,0.0027668,0.0030139,1.8721e-05,1.4313e-05,1.0801e-06,1.0526e-07,4.8029e-08,8.8778e-09,1.719e-08,1.6052e-07,2.8318e-07,2.3434e-07,1.8434e-07,5.0385e-06,4.8342e-06,1.2454e-06,1.5262e-07,2.707e-08
3,0.011913,0.0043244,8.8847e-06,8.4438e-06,3.1348e-06,2.0074e-08,8.9263e-08,4.8102e-08,3.5708e-07,2.3277e-07,3.1026e-07,7.1677e-08,3.8813e-06,3.5119e-06,3.7225e-06,4.821e-06,0.0032696,2.0154e-06,6.0781e-07,7.4711e-06,1.0897e-05,9.4068e-07,1.9853e-06,1.8475e-07,9.9788e-08,2.1521e-08,5.7236e-08,6.1686e-08,1.9535e-07,4.4504e-08,2.0639e-08,9.6835e-08,3.0014e-08,1.7383e-07,3.6026e-07,7.1388e-08,4.8867e-08,2.7494e-07,2.7761e-06,0.0079566,0.017455,0.02758,0.011561,0.0078221,3.0773e-07,3.6702e-06,1.0205e-05,6.4309e-06,6.8839e-06,0.0049378,0.0052819,1.3708e-05,2.0328e-08
3,0.0033312,0.0050885,9.1497e-06,1.6074e-06,1.8998e-06,9.7785e-06,0.0041513,0.0070768,0.0027398,2.7522e-06,1.1415e-06,8.7402e-06,2.0537e-07,2.2153e-06,1.5446e-05,0.0026199,0.0095362,0.02222,0.0051786,0.013587,0.0047822,0.0030902,6.0203e-07,7.1696e-08,1.3444e-08,1.8579e-08,0.0049903,1.346e-05,0.0028184,0.0027623,0.011867,0.0092723,1.6856e-06,1.1241e-06,7.0883e-06,5.1206e-06,1.2638e-05,1.6291e-06,5.1434e-07,1.0338e-06,0.003479,0.0076161,6.5129e-06,3.4734e-06,5.8116e-06,1.1993e-06,0.084522,0.0064389,0.0065502,0.015107,0.010308,0.015354,0.027914,0.014741,0.012632,0.025566,0.0045612,0.012528,0.013209,0.029509,0.012395,9.2599e-06,0.0039011,0.0071229,0.0035052,0.0076432,0.31807,0.00413,0.0046208,0.12784,0.012773,0.0076806,0.0082349,7.905e-08,4.1813e-08,1.1102e-06,1.5719e-07,5.3568e-06,1.1201e-05,1.5587e-05,2.349e-06,4.9008e-06,2.4153e-07,1.4088e-08,2.3864e-07,5.2458e-06,0.011649,0.015258,0.020801,1.9703e-06
3,0.0050232,0.0029538,1.5611e-05,0.0026643,0.0040939,0.027922,0.012842,0.0044447,0.0067656,0.0037339,1.3763e-06,2.2456e-07,7.3997e-07,1.9369e-07,8.5954e-07,1.8216e-07,4.4654e-08,4.84e-08,6.0792e-07,4.9248e-06,1.4592e-05,0.00897,0.0026385,1.0359e-05,1.8315e-05,2.3046e-06,1.5528e-06,6.082e-08,1.0761e-06,5.3598e-07,6.1102e-07,3.4574e-07,4.2993e-06,1.4211e-05,8.6037e-06,9.4781e-08,3.4812e-09,1.3866e-07,1.0037e-07,6.0022e-08,9.843e-09,8.8478e-08,7.3645e-07,4.4123e-08,2.975e-07,1.0744e-05,0.003552,0.004043,7.435e-06,0.0044261,1.3148e-05,1.0834e-05,9.0896e-07,3.4371e-06,5.4683e-06,2.5905e-06,1.4404e-06,7.2025e-08,1.1299e-07
3,0.0073032,1.7272e-05,8.3467e-06,6.0555e-07,5.4286e-07,1.3775e-07,3.929e-07,2.5691e-08,8.3225e-08,4.4322e-07,2.8547e-07,0.002929,0.0043569,1.4659e-05,1.5103e-06,3.0841e-06,3.8201e-06,2.1073e-06,2.2677e-06,1.7306e-07,2.846e-07,9.1626e-07,9.5171e-08,3.0649e-07,1.3567e-07,7.5495e-08,2.797e-08,5.8015e-09,1.1218e-09,2.8531e-09,7.6247e-09,5.1792e-08,1.635e-07,5.1034e-07,6.2571e-08,1.6172e-07,1.0785e-08,3.9898e-08,1.1212e-07,1.0689e-07,7.166e-08,8.6371e-08,2.3246e-07,2.2562e-08,2.1655e-06,6.1591e-06,0.0027524,1.2383e-05,0.0058538,2.8548e-06
3,0.31039,0.46953,0.19109,0.011683,4.4967e-07,1.084e-07,1.6722e-07,1.3703e-07,9.8556e-06,0.0084653,0.027129,0.024823,0.019021,0.015645,0.014456,0.0087097,1.0361e-05,0.0033906,0.0054236,0.0042843,0.0050187,0.0033886,0.0029153,0.0064028,0.024927,7.8485e-06,6.2026e-06,4.8342e-06,0.0049351,0.0076927,0.0042792,0.0032195,0.0059146,0.0031189,0.0083849,0.0071145,0.014055,0.058029,0.0049272,6.2733e-06,5.339e-06,1.8306e-06,4.1478e-06,1.1738e-06,1.8081e-05,2.6893e-06,1.3388e-07,1.1157e-05,1.1533e-05,2.3884e-06,0.0030093,0.01128,0.0053408,1.3096e-07,1.154e-07,2.1643e-08,6.5062e-07,0.0039843,0.007478,0.023763,0.032042,0.018748,0.0093823,0.003317,0.0036488,3.1021e-06,7.6455e-07,2.0974e-07
3,0.013187,2.2285e-06,5.2198e-06,6.4734e-06,1.2654e-05,0.0040925,0.039396,0.0027432,6.5248e-06,0.0044224,0.0099638,0.0078574,0.0052759,7.1476e-07,4.8395e-09,3.1506e-08,2.5393e-07,1.4801e-06,9.2309e-07,1.5084e-06,2.0641e-06,6.1732e-06,2.2891e-06,3.8489e-06,3.3285e-06,1.805e-05,7.0901e-07,1.2065e-06,1.0812e-06,6.496e-07,1.6298e-06,3.7747e-06,4.8874e-08,8.2889e-08,5.2218e-08,3.93e-09,3.2001e-08,4.6065e-07,1.1634e-06,1.9124e-09
3,3.8475e-07,5.0618e-08,9.3684e-08,4.894e-07,1.0668e-07,3.2044e-07,4.2224e-06,1.7748e-06,0.011598,0.0026726,8.0959e-06,1.9986e-06,1.4796e-06,2.6856e-07,1.4669e-07,2.6858e-07,5.5186e-08,2.9117e-07,5.5418e-08,6.4903e-08,1.7532e-07,8.1113e-07,2.3181e-07,9.4652e-08,9.3192e-08,4.0114e-07,5.0269e-08,8.6468e-06,1.2216e-08,1.4331e-08,1.2517e-06,2.1849e-06,1.0577e-05,2.1732e-06,3.8103e-06,3.1657e-06,1.5477e-05,5.4023e-07,3.1493e-07,8.9501e-06,5.6741e-07,6.5339e-06,0.0035362,0.0025301,5.9506e-07,8.8811e-07,2.763e-07,8.7305e-07,3.2777e-07
3,0.23752,0.015529,0.032254,0.017405,0.0069167,0.0075263,0.0060111,5.8729e-07,2.8596e-09,6.3433e-09,2.3462e-07,4.5087e-07,4.6354e-06,1.5538e-05,0.0043152,2.3562e-06,0.0051784,5.6326e-07,9.4941e-07,0.0029169,0.0027553,0.0026605,0.0054049,0.0079484,0.0025578,0.0044838,0.022081,0.038909,0.033231,0.015441,0.0082571,0.0026956,5.8364e-06,1.2816e-05,0.021665,0.029559,0.050977,0.02016,0.0091282,0.0071883,0.0040077,1.3596e-05,2.4572e-06,3.6471e-06,8.4937e-06,1.5173e-06,1.8554e-10
3,5.7694e-07,7.2001e-07,8.2583e-07,1.0572e-07,1.8661e-09,6.1689e-09,2.3471e-08,9.0122e-09,2.9743e-08,6.7721e-07,4.402e-06,9.5539e-07,3.7428e-06,1.8718e-05,1.201e-05,6.8421e-07,1.1678e-06,4.2955e-07,5.6735e-06,1.5608e-06,2.8753e-07,0.0049792,1.0771e-06,3.7765e-07,9.6324e-07,3.6111e-06,4.3166e-06,4.2572e-06,8.506e-06,0.0046765,0.0026903,8.6678e-06,3.2356e-06,1.8225e-06,1.9654e-06,9.335e-07,1.4298e-07,7.9868e-07,1.4128e-06
4,0.36153,0.21898,0.42501,0.11276,0.027077,0.045578,0.022785,0.013417,0.0045734,0.0037259,0.0060115,0.0098242,0.017292,0.036545,0.019848,0.015625,1.049e-05,7.2828e-10
4,0.16958,0.40403,0.33947,0.32682,0.10097,0.0086406,0.0091096,0.0037677,0.0046657,1.7727e-06,8.9192e-06,0.0077043,1.3463e-05,1.6342e-05,3.2784e-06,3.408e-07,1.0226e-09
4,3.9685e-06,1.1521e-05,3.4866e-07,0.013227,0.019319,0.011089,0.0088409,0.0070284,0.2216,0.12099,0.043047,0.043475,0.011774,8.3798e-06,1.6621e-05,2.0518e-06,9.9453e-06,1.001e-06
4,0.26295,0.51619,0.20857,0.19275,0.022344,0.036091,0.0079597,0.0050558,0.0034941,0.0068331,0.005469,2.5164e-06,9.5347e-07,1.8919e-07,1.5591e-08,1.8152e-09
4,0.053792,0.091428,0.47756,0.42535,0.33435,0.64982,0.4147,0.13808,0.010127,1.2919e-05,0.0053771,1.8407e-06,5.9334e-06,0.0057476,0.0025472,9.9037e-08
4,0.021833,0.080437,0.028096,0.011083,0.0027057,0.049582,0.041847,0.034798,0.027438,0.043161,0.0056038,0.0080938,0.024724,0.009602,0.0038783,7.6415e-07,1.4827e-05
4,0.56937,0.32936,0.57481,0.73894,0.59253,0.31654,0.08942,0.039668,0.017257,0.019153,0.18619,0.17947,0.087102,0.044167,0.0073817,4.1072e-06,2.9935e-07,1.2226e-07
4,0.17955,0.28921,0.32561,0.11242,0.0078269,0.0096272,0.0031209,1.5534e-05,1.3337e-05,7.1835e-07,8.6967e-06,6.4683e-07,3.5631e-09,8.744e-09,2.4467e-07,3.2014e-08,2.718e-08
4,0.25858,0.35083,0.57061,0.23119,0.0075814,0.0040669,0.016558,0.045178,0.0092438,1.4055e-05,2.2774e-06,1.0115e-06,1.1768e-09,9.6854e-06,2.4296e-09
4,0.0148,0.056975,0.088656,0.10812,0.14911,0.15023,0.05372,0.026628,0.0071746,0.020699,0.0026387,8.5286e-06,3.3275e-06,9.824e-07,4.0532e-07,9.6065e-08
4,0.32568,0.22085,0.39663,0.308,0.016698,0.020472,6.8956e-06,0.0065622,0.0040634,0.036552,0.021527,0.021754,9.2677e-07,1.3511e-06,4.6444e-08,1.2388e-09
4,1.1945e-05,0.01894,0.0027017,0.032771,0.21949,0.040292,0.015917,0.019156,0.020911,0.047692,0.066504,0.2954,0.032325,1.2118e-05,1.3617e-05,5.2944e-07,1.4193e-07,4.9051e-07
4,7.6339e-06,1.4695e-05,0.0080671,0.0034134,3.507e-06,1.6611e-05,0.0039216,0.0039053,0.0099229,0.014756,0.02544,0.013207,0.0074103,0.0052812,5.7115e-07,1.2484e-06,5.2276e-07,6.3273e-08,4.0547e-07,1.066e-05,1.1065e-08
4,0.23013,0.30941,0.13402,0.074952,0.071753,0.039735,0.056657,0.1617,0.33147,0.41125,0.014793,2.2274e-06,3.0002e-06,1.1606e-08,2.6856e-06,1.8918e-07
4,0.10307,0.1526,0.51448,0.070775,0.024671,0.19001,0.024497,0.012382,0.045405,0.19376,0.14371,0.10979,0.065543,0.032722,0.0076776,3.2133e-06,1.692e-06,4.9239e-08,8.0101e-08,5.8535e-07,2.0709e-06
4,0.10308,0.048671,0.012663,0.04475,0.0076926,0.0062092,0.020467,0.027961,0.016612,0.017382,0.0061198,3.6388e-07,1.0488e-06,1.0179e-06,1.1491e-06,2.5147e-06,1.0406e-08
4,0.48458,0.050869,0.066206,0.056581,0.38522,0.29734,0.069638,0.45097,0.31219,0.17806,0.076573,0.084611,0.084839,0.040807,0.13693,0.35193,0.13914,0.19562,0.14218,6.8696e-07,8.2762e-08,8.9816e-08,2.1668e-07,1.7954e-06,9.0705e-07,0.0043854,0.13548,0.25559,0.16536,0.39107,0.22107,0.05475,7.12e-08,9.6341e-10
4,0.18095,0.39372,0.32008,0.23817,0.15287,0.10761,0.11887,0.15885,0.55988,0.46405,0.58791,0.56309,0.4032,0.051025,0.032253,0.01411,0.029787,0.023042,0.0049909,6.9952e-06,0.0040788,0.0052147,0.021567,0.026853,0.024832,0.0040101,0.0064395,0.0059392,0.0064064,0.0090972,0.026328,1.8849e-07,2.037e-10
4,0.07837,0.19812,0.23873,0.15329,0.0395,0.032401,0.044492,0.28458,0.14795,0.23401,0.14566,0.094047,0.0086436,0.020238,0.0031969,1.7947e-05,0.036703,0.018007,0.0026188,0.0076909,0.0073968,0.0078662,0.014107,0.015458,0.013746,0.012106,7.2099e-06,2.3186e-06,5.9289e-07,6.8438e-06,2.6375e-07
4,0.0052096,0.016976,0.016067,0.083342,0.024408,0.020994,0.01963,0.020815,0.099326,0.13308,0.39648,0.2202,0.39607,0.069796,0.053322,0.1187,0.26997,0.63058,0.14237,0.029391,0.0043868,0.0064488,0.0080795,0.035046,0.010054,0.0042565,0.0028648,1.0863e-05,5.1089e-07,1.3967e-07,1.7813e-06,1.2198e-07
4,0.051426,0.15816,0.59947,0.30129,0.087423,0.033063,0.20805,0.37776,0.45346,0.43562,0.3582,0.062025,0.012413,0.24388,0.37617,0.36454,0.59265,0.16605,0.028009,0.10994,0.15072,0.081969,0.24897,0.064044,6.9867e-06,0.0032798,8.4821e-06,1.1063e-06,5.8694e-07,1.6168e-06,2.338e-08,5.1045e-08
4,0.51306,0.23769,0.16716,0.78687,0.55694,0.24086,0.28344,0.14182,0.071976,0.081685,0.14458,0.13269,0.041931,0.079001,0.040947,0.015464,0.0052857,1.4664e-05,5.0886e-08,4.1618e-08,2.1706e-07
4,0.0072755,0.019323,0.093751,0.091281,0.17224,0.029674,0.0028042,0.0037428,0.0065468,2.2194e-06,0.0032715,0.014895,0.070749,0.022748,0.0090657,0.0026034,2.2477e-07,9.4337e-08,1.4713e-09
4,0.53561,0.43964,0.65531,0.41416,0.33598,0.16848,0.019827,0.0085991,0.0041891,9.2555e-06,7.3909e-06,2.0166e-06,3.0953e-06,3.7808e-06,4.0553e-07,2.5797e-07,1.6811e-08,1.6739e-08,7.6882e-10
4,0.022693,0.067891,0.207,0.10631,0.080297,0.12976,0.018731,0.0096465,0.029051,0.0090346,0.0069708,0.0046855,0.0072654,9.6739e-07,1.422e-07,5.5234e-08,2.9882e-08,3.1517e-07
4,0.078107,0.015464,0.02049,0.006846,0.053925,0.24135,0.68625,0.86103,0.95248,0.95112,0.64515,0.46475,0.16597,0.10397,0.12173,0.49236,0.22559,0.098046,0.016791,1.7052e-05,1.2411e-05,2.2679e-06,1.0549e-05,1.7543e-07
4,0.035677,0.024605,0.013721,0.0064341,0.0032398,0.012581,0.13538,0.26949,0.11785,0.17405,0.12994,0.017431,0.015614,0.016915,0.012497,0.010781,0.01206,0.0044019,0.0038745,0.0044219,1.6012e-06,6.873e-08,3.7779e-07,1.0672e-06,2.7356e-08
4,0.51131,0.071504,0.044615,0.005303,0.02784,0.072105,0.085261,0.17765,0.81251,0.44652,0.061871,0.19356,0.093467,0.078745,0.077701,0.018135,0.065312,0.015588,0.0027366,0.0034158,9.2587e-06,2.8224e-06,3.7641e-06,1.0028e-08
4,0.074583,0.033823,0.050599,0.084276,0.089014,0.02233,0.10549,0.3564,0.53142,0.061868,0.03676,0.021178,0.019568,0.071147,0.1107,0.12283,0.061406,0.072916,0.011166,8.5464e-06,4.1926e-08,1.8948e-09,2.2765e-10
4,0.019207,0.014069,1.1765e-05,1.1636e-05,0.0054402,0.017851,0.46906,0.53821,0.21128,0.0815,0.063389,0.014207,0.0071901,0.0058847,1.1196e-05,1.1363e-06,2.5536e-07,8.3215e-09,2.2392e-08,5.0905e-08,3.4869e-07,5.147e-08,4.4106e-08,7.0654e-07,4.7475e-06
4,1.1795e-05,7.4198e-07,0.0066981,0.020956,0.025178,0.14799,0.04315,0.02472,0.072768,0.27314,0.23146,0.27445,0.28588,0.26541,0.0045025,1.5251e-05,1.6362e-05,1.6017e-05,1.4057e-05,0.018528,0.025554,0.028096,0.0054716,0.0026615,1.087e-06,2.9797e-07,6.4208e-07,8.2635e-08,1.7477e-07,3.0434e-08
4,0.017691,0.0048807,4.4113e-06,0.005564,0.0040228,0.0031751,1.6498e-06,2.7632e-07,0.0028803,0.018601,0.01352,0.03456,0.011026,0.014576,0.021466,0.041499,0.0085201,0.1981,0.020219,0.020209,0.016959,0.0041381,1.2885e-06,1.7744e-07,3.0577e-08,1.6591e-10,1.807e-09
4,9.5038e-07,0.0043247,0.0060952,0.0039416,0.19046,0.27695,0.37723,0.14037,0.25594,0.34474,0.038166,0.0058135,0.0042312,4.6899e-07,2.7548e-06,5.0601e-07,5.7482e-07,1.1166e-05,0.0072967,0.0055449,6.1246e-06,6.4527e-07,3.6874e-07,1.5714e-07,7.9005e-07,2.0084e-07,2.5787e-08,1.1046e-10
4,0.44129,0.084965,0.15182,0.22076,0.14606,0.058068,0.051497,0.013882,0.015906,0.0041133,0.002648,5.9924e-06,0.0058694,1.3344e-05,0.049368,0.16777,0.11517,0.16377,0.18636,0.10668,0.033349,0.008668,0.0048188,6.1804e-06,2.2316e-08,2.4585e-08,4.3701e-07
4,0.18442,0.10542,0.046153,0.034539,0.044553,0.043318,0.04439,0.036319,0.034839,0.029133,0.15181,0.053467,0.076589,0.02587,0.10394,0.014498,0.034496,0.030783,0.039972,0.036868,0.20863,0.093256,0.082002,0.070071,0.073191,0.021381,1.7734e-05,1.0889e-06,1.9489e-07,3.5456e-08,1.4721e-09
4,0.089336,0.11231,0.066896,0.053734,0.072138,0.0048096,1.214e-05,1.0965e-06,1.8042e-06,1.223e-05,4.0141e-06,1.8598e-05,0.020938,0.0093819,0.038274,0.052263,0.024714,0.10551,0.099005,0.062525,0.055696,0.0083243,9.1568e-06,7.0518e-06,2.0727e-06,2.4096e-07,6.1823e-07,2.0407e-06
4,0.028892,0.021237,0.023115,0.056371,0.22854,0.15566,0.4313,0.040168,0.043532,0.067055,0.051243,0.01461,0.0057686,0.0049322,0.0039115,0.0069401,0.004055,0.0039947,0.0095556,0.0060714,0.0034999,0.0036106,1.7845e-05,1.694e-06,0.0092316,1.2938e-05,5.2936e-06,1.4232e-06,3.3727e-06,5.6654e-07,1.2904e-06,3.8504e-07,1.1892e-05,1.0029e-05,5.1983e-08,1.2996e-07
4,0.065471,0.0092085,0.011086,0.5372,0.17814,0.0056821,0.1015,0.005679,0.074439,0.027402,0.09971,0.12781,0.11553,0.048676,0.029941,0.01125,0.010876,0.051839,0.15175,0.16978,0.030337,0.0075594,0.011485,0.024872,0.12151,0.090726,0.17531,0.079991,0.029,1.1345e-05,1.9491e-06,1.4497e-05,1.7871e-05,4.6983e-06,1.4901e-06,4.0917e-06,1.1185e-05
4,0.14344,0.02029,0.0025786,0.039932,0.065684,0.14085,0.77651,0.69252,0.51864,0.068896,0.12081,0.10369,0.073845,0.074537,0.041863,0.01599,0.037959,0.17358,0.16232,0.15381,0.035818,0.015374,0.011096,0.0083471,0.022476,0.031893,0.040046,0.042455,0.052825,0.0081732,0.011566,0.011265,0.0082189,0.0067842,9.6149e-06,5.4521e-07,1.1928e-05,3.8843e-10
4,0.023495,0.022868,0.0039862,0.0068196,0.0063655,0.0071455,0.016355,0.024435,0.030868,0.014793,0.034301,0.027027,0.019952,0.023902,0.0072237,0.0059323,0.0067273,0.008036,0.017457,0.19625,0.028067,0.054171,0.051372,0.035159,0.017015,0.03019,0.0039896,0.02178,0.013794,0.0093065,0.0026203,1.9749e-06,3.3301e-06,6.9267e-07,1.6319e-07,6.4565e-09,3.2482e-08,3.1817e-06,8.3435e-10
4,0.047404,0.032382,0.037686,0.30354,0.29451,0.30779,0.66552,0.51149,0.53958,0.10616,0.047625,0.0051982,0.003948,2.7644e-06,3.1228e-06,1.8503e-05,0.022097,0.027891,0.016601,0.019257,0.013581,0.0068893,0.0030972,0.0043223,0.0092966,0.023461,1.5401e-05,0.012295,0.0030575,9.071e-07,4.3225e-06,5.6469e-07,1.359e-08,9.5754e-09,5.2344e-10,4.5961e-09,3.9792e-09
4,0.028529,0.054007,0.18823,0.40948,0.56136,0.29468,0.1286,0.067213,0.036646,0.01504,0.0077009,0.013883,0.025645,0.002712,5.1968e-06,1.2352e-07,4.2019e-07,1.9673e-06,3.7925e-06,2.0325e-06,3.337e-06,1.3114e-07,1.3261e-08,1.5126e-08,5.6215e-10
4,0.013742,0.019866,0.036967,0.025348,0.043541,0.023775,0.0079614,0.073957,0.11839,0.065252,0.14944,0.087943,0.032137,0.011463,0.010369,8.9324e-07,6.0028e-06,1.8104e-05,0.015009,0.033857,0.11211,0.23238,0.043632,0.013551,0.0030121,8.4322e-08,9.5958e-09
4,0.10586,0.043124,0.17427,0.12351,0.1442,0.15353,0.22746,0.079062,0.20104,0.25457,0.031504,0.41143,0.53169,0.37954,0.5195,0.38504,0.032226,0.17283,0.2789,0.086014,0.093328,0.16781,0.13165,0.02662,0.01286,1.8216e-05,1.9521e-06,4.7781e-07,1.1148e-07
4,0.2704,0.36641,0.56405,0.12984,0.18443,0.022361,0.40135,0.35228,0.10235,0.22764,0.072254,0.014557,0.025186,0.028012,0.019486,1.1712e-05,7.9742e-06,2.7026e-07,2.4245e-07,0.0047973,1.8195e-06,1.3637e-06,7.741e-07,5.1182e-07,5.5413e-09,1.1921e-07
4,4.9681e-06,0.003473,0.0040696,0.0070597,0.0068409,0.0067108,0.00999,0.0062481,0.0026166,0.0056373,1.3249e-05,0.0026573,0.0061518,0.0036421,1.4374e-05,1.213e-05,4.212e-06,8.1093e-06,1.5934e-05,0.045955,0.034431,0.0050266,0.0065057,9.4243e-06,2.3534e-07,1.4068e-07,1.4844e-08
4,0.026021,0.023731,0.0213,0.01542,0.015276,0.068663,0.10427,0.046333,0.11832,0.047591,0.15042,0.23586,0.35424,0.38218,0.0071305,0.073076,0.0073214,1.6777e-05,2.604e-06,1.0285e-06,2.4622e-08,3.0028e-09,3.1732e-07
4,0.026751,0.013786,0.012653,0.0086811,0.018306,0.074152,0.10075,0.43828,0.64511,0.92325,0.70778,0.70509,0.32564,0.039243,1.1902e-05,0.024557,1.1304e-06,2.8505e-06,2.5677e-06,5.0311e-09,6.6828e-09,2.091e-06,1.2722e-09
4,0.16222,0.31733,0.15841,0.10077,0.046022,0.066539,0.10413,0.15569,0.14833,0.18018,0.13683,0.13363,0.088876,0.11381,0.15343,0.0076268,0.017109,0.0087481,0.0049261,6.2738e-06,1.2353e-05,2.0039e-06,3.806e-08,1.0875e-08
4,0.0080441,0.092994,0.052162,0.16931,0.12316,0.14151,0.034981,0.03954,0.018042,0.056744,0.09466,0.060136,0.0939,0.0030714,0.01168,0.010381,2.9713e-06,2.4219e-06,5.333e-06,5.7068e-07,1.7293e-06,8.9873e-06
4,0.024858,0.14853,0.052213,0.071095,0.055496,0.10461,0.083901,0.09001,0.018217,0.010808,0.0044432,0.011861,0.011693,0.0026078,0.0049707,2.4399e-06,3.1292e-07,8.6578e-06,0.0052915,3.7918e-06,2.4921e-06,1.2693e-06,8.7809e-06,7.3066e-08
4,4.5817e-06,1.0448e-05,0.0026483,0.0070587,0.018435,0.01963,0.014338,0.04156,0.092714,0.071012,0.02075,0.1874,0.14666,0.024341,1.072e-05,0.018167,0.0049179,7.1213e-06,4.6837e-06,0.0027742,9.1246e-08,7.1556e-09,2.9195e-08
5,0.21761,0.102,0.091928,0.1619,0.27647,0.77191,0.25767,0.32985,0.11453,0.1548,0.35445,0.088307,0.14918,0.10029,0.050616,0.024223,0.0063073,0.020598,0.015606,0.0036169,1.8588e-05,0.0094334,1.0422e-07,9.8339e-08,3.7095e-08,6.6818e-08,1.0792e-09
5,0.0086391,0.064231,0.42932,0.26705,0.12188,0.050026,0.050838,0.008768,0.006185,1.2332e-05,2.1608e-06,0.0033049,0.0025888,0.0060777,0.033368,0.10254,0.037294,0.0087811,1.9096e-07
5,0.006306,0.0027071,0.0060029,0.0058614,0.74379,0.19888,0.034671,1.0242e-05,0.0043099,0.013186,0.030231,0.13122,0.11009,0.038012,4.1416e-06,6.3019e-07,7.625e-07,4.2711e-06,0.0031337,0.010602,1.4604e-06,1.7691e-06,1.5785e-06,1.1245e-08
5,4.1143e-07,4.6711e-06,0.022828,0.0032808,0.0041112,0.034807,0.11802,0.35682,0.1826,0.51887,0.39698,0.24989,0.070826,0.06941,0.17813,0.1055,0.051562,0.37953,0.21915,0.022405,0.021028,0.0089642,4.6199e-06,2.3373e-06,2.6183e-08
5,0.32377,0.78527,0.90674,0.79579,0.62998,0.078587,0.22033,0.031373,0.0080374,0.24737,0.13785,0.033873,0.010748,0.065127,0.0055642,1.5373e-09
5,0.0095908,0.0029131,0.070934,0.34405,0.072784,0.15,0.057498,0.037657,0.019793,0.012383,0.073407,0.30869,0.28723,0.081725,0.075344,0.014324,0.054897,0.0026648,9.7507e-07
5,1.4837e-05,2.4479e-06,0.0057661,0.0064872,0.01421,0.26471,0.64095,0.29179,0.10058,0.050798,0.038228,0.045921,0.077377,0.28119,0.42852,0.31321,0.079023,1.0286e-05,3.1294e-07,5.8594e-07,2.4523e-06,5.302e-07
5,1.3624e-06,6.4056e-08,1.0021e-06,0.0026821,0.034084,0.15513,0.12559,0.024936,0.0030275,0.003626,0.043928,0.061106,0.034755,0.064332,0.22675,0.16384,0.43242,0.20952,0.058699,0.042763,0.073697,0.27443,0.14025,0.24224,0.55044,0.65827,0.46613,0.38496,0.15526,0.0064111,0.014397,0.0045511,0.0058246,0.0033558,1.0765e-06,8.2266e-06,0.0030849,0.0033029,0.0044792,0.0068622,1.4039e-05,7.4873e-08
5,1.6233e-07,1.3441e-05,4.0587e-07,5.3484e-06,0.0056192,0.039189,0.18552,0.26639,0.16802,0.11799,0.19586,0.18708,0.11489,0.38906,0.36498,0.10333,0.042018,0.021063,0.061116,0.0044766,0.013674,0.061234,0.052869,0.0060573,0.056891,0.065571,0.0083962,0.03792,0.0053872,0.0079439,0.0066686,0.0072289,0.0060089,0.011115,0.0044828,0.013338,0.037012,0.012614,0.0092806,0.012541,0.017711,0.027167,0.054871,0.064665,0.037299,0.0078549,1.1163e-05,0.010595,0.0041346,1.4783e-06,2.8842e-08,5.19e-09
5,0.083257,0.038185,0.022625,0.01726,0.010604,0.062083,0.065657,0.010795,0.044435,0.035816,0.0079361,0.011949,0.013467,0.014948,0.016966,0.011826,0.0055292,1.5255e-05,0.044036,0.099147,0.14375,0.049971,0.0045594,6.9843e-07,4.2819e-06,2.4798e-06,0.0030851,8.9083e-06,0.0050138,3.5708e-06,1.3339e-06,6.9877e-08,6.274e-08,4.4354e-09
5,0.0031035,0.0025373,0.016528,0.01419,0.036143,0.067452,0.088833,0.081011,0.011956,0.033555,0.0052106,1.4288e-05,1.0587e-05,0.20136,0.10075,0.41676,0.60106,0.5824,0.23017,0.1142,0.31986,0.24712,0.204,0.36545,0.10562,0.32883,0.41546,0.39073,0.013792,0.010575,9.2082e-06,7.6283e-07,0.0079841,0.0063783,3.7719e-06,2.1562e-06,0.004005,4.6739e-06
5,0.0048708,0.006178,0.022075,0.016396,0.047407,0.045197,0.41966,0.69461,0.66987,0.81138,0.56185,0.35469,0.16401,0.059164,0.040912,0.054466,0.014925,0.012578,0.029631,7.2224e-06,0.0040518,3.0494e-06,2.2349e-06,2.6349e-06
5,0.004228,1.4935e-05,7.3214e-07,7.1704e-07,2.1334e-07,2.9957e-06,0.0059077,0.037063,0.14102,0.082345,0.018677,0.0042551,0.0056593,0.094732,0.13176,0.24777,0.58528,0.19988,0.0094545,0.0095169,0.064561,0.074769,0.10565,0.047491,0.0046665,1.2356e-06,6.7164e-06,3.0426e-07,1.2402e-08,2.7511e-07,5.7462e-07
5,3.8885e-06,8.6546e-06,5.3192e-07,0.0075065,0.011582,0.0030926,0.062731,0.046202,0.065998,0.7509,0.64588,0.60902,0.77142,0.72237,0.43503,0.12703,0.032969,0.083763,0.035988,0.06468,0.01467,0.10587,0.046297,0.00318,3.7989e-06,0.0028778,5.3247e-06,0.0027355,1.723e-05,6.0505e-06,3.6404e-09
5,0.013722,0.0098644,0.0066759,0.072161,0.087738,0.54788,0.51115,0.70138,0.26546,0.13261,0.034432,0.13561,0.086683,0.14122,0.18315,0.041389,7.9772e-06,0.055699,0.18876,0.20669,0.12061,0.28497,0.63073,0.092103,0.068361,0.0067519,0.39873,0.050416,0.014923,0.044248,0.11597,0.039802,0.13968,0.053676,0.058843,0.090406,0.17071,0.31213,0.12984,0.15162,0.0030242,0.010411,0.015392,0.0038486,0.0047678,0.003472,3.671e-07,1.0884e-07,2.3158e-07,3.2382e-07,1.0751e-06
5,0.0057133,0.010364,0.0063741,0.011109,0.0065075,0.039645,0.015011,0.0096483,0.010075,0.050476,0.031477,0.036033,0.036276,0.0030448,0.0029903,0.011067,0.020655,0.013588,0.034366,0.04971,0.01616,0.0057546,0.017115,5.7315e-06,2.2603e-07,9.6238e-07,9.4435e-07,4.7681e-08,1.2743e-07,0.010728,0.0029192,0.17554,0.6843,0.77603,0.33368,0.51518,0.12245,0.011811,0.028751,0.0069577,0.0047597,3.7334e-06,4.8106e-07,1.0597e-07,7.5271e-07,1.3907e-09
5,0.0048294,0.019019,0.013984,0.032546,0.025215,0.10497,0.049591,0.065901,0.0074812,0.0035697,0.0071114,0.0097442,0.020452,0.072359,0.037561,0.050519,0.008792,4.9063e-07,9.0786e-07,3.7671e-06,0.013568,0.026197,0.074791,0.20743,0.13529,0.033182,0.0043698,0.0068752,0.023003,0.25314,0.53858,0.83715,0.18791,0.080005,0.0031989,7.3115e-07,2.2612e-08,1.7773e-07
5,0.27576,0.045487,0.20376,0.12196,0.18108,0.016648,0.012585,0.028907,0.017713,0.031163,0.028087,0.046349,0.086885,0.052009,0.016823,3.4859e-06,3.5931e-07,7.0162e-06,0.0031851,0.011865,0.01654,0.044932,0.016142,0.002591,4.7371e-06,1.2518e-05,2.1353e-08
5,0.15375,0.52374,0.16724,0.16476,0.1946,0.12223,0.1576,0.092274,0.063502,0.051923,0.13725,0.16381,0.12484,0.1389,0.17142,0.13417,0.18191,0.041315,0.033497,0.12497,0.088965,0.5,0.0067939,1.5284e-05,6.3231e-06,0.0035581,1.2057e-05,0.011579,0.0035093,1.8361e-05,2.8998e-08,1.1294e-10
5,0.043783,0.10828,0.17551,0.60712,0.15239,0.044196,0.011905,0.019338,0.058204,0.047553,0.5801,0.39705,0.13959,0.075749,0.17987,0.32141,0.68198,0.86747,0.95818,0.47067,0.11144,0.15579,0.013839,0.011189,3.3423e-06,3.0141e-06,0.004008,1.1743e-06,1.6946e-07
6,0.010174,0.081703,0.17414,0.096214,0.086187,0.068974,0.0035661,0.0027622,1.28e-06,7.3899e-07,2.1348e-07,1.7932e-06,7.8415e-06,7.3636e-06,2.0023e-07,2.0322e-09
6,0.014661,1.7218e-05,0.038067,0.6667,0.60277,0.54063,0.60704,0.52545,0.2631,0.28608,0.042406,0.056408,0.080596,0.019908,0.017585,0.006199,0.037305,0.023376,9.4164e-07
6,0.029503,0.025451,0.085779,0.026161,0.0065751,1.1433e-05,6.8653e-06,4.1087e-06,1.1867e-06,3.4252e-06,4.9743e-07,7.2145e-06,1.6135e-05,0.010143,2.8102e-08
6,1.617e-05,0.003651,0.0042113,0.022622,0.023799,0.054343,0.033905,0.016379,0.0083734,0.0047211,0.02784,0.037673,0.065379,0.68112,0.90009,0.078665,5.0423e-06
6,0.037359,0.061174,0.062695,0.11429,0.069014,0.28501,0.16654,0.20402,0.023798,0.0038032,0.002621,1.2433e-05,0.0039379,0.0030845,0.002721,7.2962e-08
6,0.11576,0.20576,0.59142,0.37175,0.041268,0.013902,0.28571,0.079464,0.20974,0.14516,0.29978,0.088599,0.028734,0.006528,3.3908e-08,2.4304e-08
6,1.1919e-05,0.0092423,0.032257,0.079544,0.059401,0.33524,0.096753,0.076793,0.024856,0.0314,0.0053967,3.5494e-06,4.4514e-07,1.9177e-05,0.0028182,3.028e-09
6,0.0059542,0.014169,0.092102,0.12348,0.047433,0.035139,0.14152,0.03718,0.003944,0.0062159,1.2056e-05,0.0030136,6.1963e-07,2.651e-07,7.3959e-08,1.3909e-07,2.9832e-08
6,0.042646,0.048854,0.050888,0.037425,0.024417,0.027759,0.0049958,1.1614e-06,6.9847e-06,0.0036732,1.4423e-05,1.4646e-05,3.2999e-06,0.0025359,2.0249e-09
6,0.29079,0.08005,0.1026,0.48462,0.37305,0.45289,0.80247,0.61858,0.43959,0.19253,0.11451,0.0071457,2.6638e-06,4.0954e-07,1.2146e-06,9.3278e-07
6,0.0059376,0.033053,0.0082511,0.07579,0.11015,0.11182,0.055026,0.053184,0.02007,0.049682,0.023912,0.016328,0.0048204,1.5148e-05,0.0038424,2.9578e-06
6,0.31222,0.40042,0.096346,0.16493,0.14942,0.09612,0.032012,0.0068594,0.01054,0.047749,0.028879,0.040599,0.096628,0.013132,0.0053373
6,0.28491,0.51383,0.44851,0.18787,0.15571,0.12022,0.22097,0.12961,0.18044,0.16085,0.34137,0.45973,0.70168,0.76245,0.58825,0.36828,0.1339,0.029808,0.013596,0.13121,0.13831,0.057422,0.053742,0.0062137,0.002564,0.0052595,0.0027468,1.1595e-05,4.4445e-06,7.3781e-06,1.1469e-06
6,0.011387,0.023509,0.062273,0.44154,0.46295,0.81445,0.71294,0.6555,0.46922,0.29577,0.27292,0.69007,0.87169,0.98607,0.97542,0.31254,0.065317,0.44328,0.1715,0.22623,0.073691,0.069518,0.0062549,0.0053921,5.0725e-07,8.9914e-09
6,0.033104,0.014437,0.11414,0.19074,0.020558,0.01054,0.0085476,0.012564,0.017141,0.044688,0.087042,0.054053,0.16759,0.18589,0.37988,0.25152,0.095932,1.1073e-06,0.0025621,8.0637e-06,0.004308,0.0077451,0.011503,0.01622,1.8746e-05,2.0781e-06,2.3567e-06,3.7607e-06
6,0.12064,0.054304,0.032335,0.055261,0.017098,0.029752,0.081554,0.12771,0.1316,0.036933,0.079853,0.20591,0.10566,0.1208,0.29139,0.45985,0.28438,0.52857,0.48122,0.22412,0.80652,0.80386,0.55343,0.43448,0.039437,2.5363e-06,1.3546e-06,3.0706e-07,1.5104e-06,5.131e-09
6,0.032614,0.078054,0.020011,0.050974,0.14501,0.098295,1.1391e-05,0.0038365,4.0805e-06,3.8595e-07,3.8291e-06,0.0036779,0.0034113,0.0087451,1.0469e-05,0.0027057
6,0.15439,0.20917,0.12185,0.78994,0.64963,0.59318,0.46385,0.62263,0.52132,0.35707,0.48584,0.40089,0.44287,0.44327,0.62643,0.25475,0.0047472,4.7001e-07,1.0692e-06
6,0.066328,0.29182,0.38933,0.70577,0.47608,0.22481,0.035026,0.018177,1.5593e-05,9.0657e-06,0.005211,1.5691e-06,1.4171e-07,1.0626e-07,3.2206e-07,1.8491e-07
6,0.19501,0.23028,0.2582,0.28176,0.32036,0.13428,0.039901,0.19417,0.14344,0.15651,0.19123,0.24601,0.13928,0.27116,0.2151,0.43549,0.46903,0.13093,0.1253,0.049955,0.0063952,0.020654,0.020219,0.0067247,1.4509e-05,0.0027247,3.6623e-06
6,3.2413e-06,1.0821e-05,0.0025609,0.0045019,0.32264,0.58601,0.84612,0.90703,0.67182,0.30682,0.02719,0.018758,0.022671,0.015785,0.017217,0.23871,0.044567,0.026925,0.055172,0.022901,0.025116
6,0.079439,0.049865,0.20997,0.09498,0.64499,0.73323,0.31985,0.95792,0.45871,0.15967,0.076791,0.11666,0.041033,0.020908,0.0096729,0.0085404,8.7422e-07,7.4581e-08,4.0625e-08,8.3016e-09,1.9664e-09
6,0.010887,0.0067814,0.003982,0.019231,0.010983,0.39896,0.83865,0.6783,0.88911,0.8999,0.057946,0.018936,0.062654,0.041854,0.019459,0.016037,0.012185,0.0057472,0.0037331,0.0091576,1.3497e-06,0.0088471,4.5191e-09
6,0.15421,0.11656,0.075186,0.26381,0.26285,0.37283,0.23177,0.33242,0.083535,0.41756,0.48393,0.6871,0.13391,0.079238,0.22091,0.15082,0.04746,0.16014,0.18765,0.094861,0.083844,0.017609,0.0044608,0.0036035,0.0035065,0.036669,0.06689,0.0099467,0.0038407,3.3831e-06,4.9874e-09
6,0.0027501,0.0077062,0.0088707,0.0058767,0.23625,0.085695,0.6813,0.46696,0.46807,0.27803,0.10764,0.083327,0.4677,0.38382,0.10516,0.16505,0.12365,0.059218,0.072147,0.090146,0.048191,0.0035948,1.0769e-05,0.04839,5.2733e-06
6,0.13802,0.32466,0.53845,0.60939,0.51435,0.24877,0.20765,0.036485,0.041958,0.011402,0.21094,0.056855,0.65045,0.32009,0.1657,0.41333,0.013298,0.17702,0.10712,0.055326,0.062213,0.01229,1.0458e-05,1.14e-06,7.9224e-07
6,0.027332,0.018458,0.036292,0.065077,0.16123,0.053219,0.12748,0.14244,0.098219,0.14132,0.085847,0.022726,0.27509,0.56348,0.24355,0.31219,0.074864,0.014828,0.004704,0.044113,0.074009,0.22499,0.61714,0.41876,0.5,0.33921,0.10033,0.065119,0.026427,0.036887,0.031876,0.0028611,1.2445e-06
6,0.0095084,0.030632,0.098327,0.12828,0.22437,0.083071,0.20692,0.41151,0.39327,0.080386,0.4491,0.11332,0.17462,0.15993,0.31191,0.025382,0.14878,0.35662,0.30395,0.59894,0.46141,0.15864,0.226,0.32969,0.25473,0.08914,0.08797,0.14644,0.078992,0.018438,0.005538,0.0030478
6,4.4396e-06,0.0036355,5.0394e-06,0.040724,0.029356,0.089934,0.076958,0.043302,0.010664,0.0046555,8.9584e-06,0.024548,0.010149,0.0055117,0.0061889,0.0047839,0.028938,0.018734,0.20509,0.44671,0.25634,0.012768,0.0095744,3.8151e-08,0.0047164,1.7523e-07,1.0057e-08
6,0.0052231,1.3718e-05,0.0034756,0.0049769,0.0049377,1.2904e-05,6.632e-06,0.0037253,0.010526,0.0041575,3.5489e-06,0.0031576,1.6399e-05,4.7883e-06,6.643e-06,0.0039755,4.2882e-06,1.1266e-06,5.2164e-07,0.00294
6,0.2622,0.40643,0.36948,0.62189,0.52929,0.47094,0.094641,0.04006,2.5971e-06,6.0927e-07,0.004248,0.01075,0.064811,0.17847,0.078614,0.068549,0.26977,0.16868,0.12617,0.1418,0.077771,0.074274,0.077708,0.0029645,7.4372e-07,9.2702e-09,1.5046e-08,5.4887e-07
6,7.5397e-07,0.013666,0.053393,0.096461,0.26198,0.22932,0.036892,0.18616,0.10714,0.063514,0.49495,0.80306,0.40515,0.65438,0.67764,0.32239,0.69596,0.4858,0.22013,0.013762,0.18424,0.019863,0.011007,0.0049022,0.0043187,3.7761e-07,2.5344e-10
6,0.26354,0.44832,0.51645,0.4023,0.15834,0.23659,0.077408,0.0093992,0.0042942,0.034855,0.020783,0.21533,0.03681,0.014993,0.0047914,1.0066e-05,3.552e-07
6,0.035108,0.092051,0.045936,0.18529,0.085192,0.058242,0.043633,0.10893,0.24393,0.15674,0.21167,0.11498,0.39045,0.21466,0.29767,0.26306,0.01763,0.0098472,0.28636,0.11581,0.071085,0.10723,0.10802,0.0055542,1.3348e-06,5.4007e-07,6.2851e-08,4.786e-08,3.8404e-08
6,3.0433e-06,1.0567e-06,3.6587e-06,9.773e-06,1.8517e-05,0.0036201,0.0026905,3.3602e-07,3.1031e-08,1.3134e-08,4.1386e-07,1.5537e-06,4.275e-07,0.015075,0.25544,0.041905,0.032717,0.0043667,0.010879,0.0032995,1.2133e-06,3.9074e-06,3.1911e-06,2.6141e-09,7.7861e-08
6,0.015336,0.0061683,1.8639e-05,1.6588e-06,0.026872,0.022991,0.021319,0.052799,0.0099056,1.1199e-06,1.5345e-08,9.3994e-08,2.6796e-08,1.4489e-07,1.1181e-07,0.0057549,0.0093833,0.0065989,0.072654,0.13521,0.0093909,0.034749,1.3207e-05,0.01989,0.0068335,0.0035807,0.0034283,5.729e-07,4.5852e-06,1.5144e-06
7,0.088475,0.065641,0.036548,0.02465,0.015377,7.3677e-07,1.1466e-06,2.2853e-07,9.7503e-08,3.8205e-08,1.1828e-07,1.5023e-08,1.6478e-08,8.2249e-08,2.8e-08,1.9593e-08,9.9067e-08,3.2698e-07,1.8085e-06,8.2108e-07
7,1.6022e-05,0.024263,0.017834,0.10389,0.56083,0.38885,0.11306,0.064848,0.045073,0.013103,0.0058445,6.2505e-06,0.0045979,0.011915,0.012482,0.013039,0.019462,0.028017,0.0066957,1.7344e-08,5.0598e-10
7,0.080031,0.058241,0.013499,0.15629,0.064048,0.070973,0.016973,1.4138e-05,2.5795e-07,0.020698,0.09452,0.050933,0.031242,0.0052934,0.0041069,3.953e-06,8.7889e-07,1.2575e-07,8.8175e-08,1.0064e-08,4.4949e-08
7,0.028524,0.015394,0.020314,0.12981,0.08793,0.18627,0.0039528,0.035568,0.021056,0.015762,0.0081097,0.05765,0.067507,0.1351,0.0085898,0.0030329,2.4113e-08,1.0008e-07
7,0.011513,0.0076645,0.005897,1.2694e-05,0.0027693,0.0034351,5.4257e-06,1.6715e-06,3.0099e-06,0.010696,0.0045414,1.3059e-05,8.7209e-06,7.7505e-09,2.046e-07,8.0913e-10
7,0.22782,0.12229,0.17038,0.012936,0.0032705,0.0070236,0.015618,0.0046376,0.015688,0.019187,0.020094,0.004661,1.6869e-05,6.9867e-07,2.8099e-07,1.1854e-08
7,0.010392,0.0088226,0.0085276,0.0069489,0.0027789,0.013467,0.011272,6.1452e-06,2.02e-07,2.2772e-07,3.2454e-06,0.0028532,9.3648e-06,1.3114e-06,5.4187e-08,1.831e-09,5.0923e-10,3.8853e-08
7,0.076137,0.081983,0.0082892,0.008676,0.0038925,2.693e-06,2.4388e-06,8.3316e-07,9.4257e-07,0.0030947,0.0096043,1.343e-05,1.1007e-06,6.3795e-07,8.8288e-09,8.4954e-10
7,0.054126,0.016747,0.042721,0.21811,0.022163,0.0053975,0.039975,0.029079,0.027538,0.055464,0.026181,0.025048,0.084353,0.053739,0.019694,0.0066337,0.0047585,0.0027876,1.6744e-07,8.8994e-08,1.2334e-09
7,0.55372,0.040058,0.0074357,0.0092681,0.0093691,0.011965,0.0029185,0.0030116,0.0047434,6.7878e-06,1.5202e-07,3.3707e-08,6.923e-08,4.1835e-09,1.1769e-08,2.3606e-06
7,0.12246,0.14704,0.12049,0.037806,0.063292,0.106,0.11976,0.089822,0.037247,0.0058501,1.2198e-05,4.8265e-06,0.0036651,0.0036931,0.0086201,0.013069,0.00294,6.7804e-08,9.7079e-09,1.4915e-08,4.7915e-09,8.6391e-10,1.5153e-09
7,0.032414,0.072003,0.073277,0.14226,0.0097223,0.010607,1.243e-05,6.7605e-07,2.957e-06,0.0029454,1.4558e-05,0.0029537,0.023335,0.0060081,8.07e-06,9.412e-07,2.6346e-06,9.955e-09,1.5723e-08,5.8816e-09
7,1.7551e-05,1.0841e-05,0.0033352,0.041228,0.027671,0.034031,0.0083214,0.0042619,8.6488e-07,0.011207,0.0032689,0.0032215,0.0080962,0.027709,0.10192,0.1074,0.26151,0.056015,0.014486,0.1608,0.27035,0.19903,0.25986,0.023344,0.0032409,0.0034185,0.04504,0.063252,0.026804,0.016571,0.067656,0.035364,0.0051123,0.0065793,0.015649,1.6285e-05,1.4081e-05,9.772e-06,1.348e-05,1.2162e-08,1.4882e-06,1.1416e-08
7,0.18045,0.31705,0.23284,0.1631,0.015317,0.013187,0.010361,0.015368,0.019985,0.0078991,0.0097959,0.0030329,0.018266,0.0065798,1.4327e-05,2.0098e-06,1.3817e-06,1.3844e-05,0.0040464,0.016795,8.7462e-07,5.6425e-06,0.0026205,1.5273e-05,0.0037232,0.0040327,6.7041e-07,2.1594e-07,1.0967e-07,1.97e-07,1.1682e-07,1.2244e-07,2.5651e-07,2.7769e-09
7,5.0094e-07,3.6674e-06,5.8983e-06,1.3839e-05,1.666e-05,3.3043e-06,6.657e-06,1.4774e-06,0.0034141,0.053106,0.25422,0.25013,0.014815,5.0521e-06,4.0336e-08,1.4751e-06,6.6602e-07,1.7179e-06,5.7319e-07,5.2989e-07,5.8509e-08,7.2255e-08,4.9452e-07,4.2394e-06,0.0038491,0.0085028,2.8988e-08,1.0735e-07,2.3506e-07,0.0028029,0.0035083,0.0052786,0.0047235,0.0032428,9.9921e-06,6.1468e-06,8.5418e-06,2.2181e-06,1.2423e-06,4.5528e-08,4.8943e-08
7,0.019613,0.0062324,0.0057422,0.0038478,2.6822e-06,1.1956e-06,4.0741e-07,9.3092e-06,1.5615e-06,7.1242e-06,0.0045598,0.0059249,0.01045,1.2794e-05,1.6603e-05,6.3723e-06,3.7213e-06,0.0039858,7.403e-06,1.0632e-06,0.0032238,0.0072389,0.0031882,0.019261,0.0026452,3.1031e-06,5.302e-08,1.3541e-07,9.0043e-08,1.0566e-07,1.3548e-07,5.6007e-07,2.5166e-07,3.8296e-07
7,0.040189,0.063588,0.076483,0.019915,0.0031953,0.0039017,9.0493e-06,0.0042752,0.0088172,0.016786,0.019235,0.022733,0.022876,0.014213,0.013141,0.012838,0.0080207,0.024284,0.071498,0.0028314,0.0060491,0.0081529,0.0049916,0.0090866,0.044344,0.022835,0.028054,0.03072,0.0054773,0.0033353,3.558e-06,4.5943e-06,7.6207e-06
7,1.4741e-05,0.0038824,0.01061,0.010734,0.0093546,0.0046721,5.3383e-06,3.1421e-07,3.7628e-06,1.4537e-05,1.0714e-06,1.379e-07,1.8874e-07,1.082e-07,4.1272e-08,4.583e-08,1.2016e-07,3.9996e-07,1.8956e-07,4.0264e-08,8.4937e-08,8.7444e-08,1.4497e-08,3.6857e-07
7,0.38571,0.11289,0.10331,0.53746,0.17086,0.16593,0.22439,0.049851,0.0032578,0.063686,0.028495,0.015647,0.00907,0.0142,0.013864,0.0045873,3.6118e-06,1.0278e-06,1.3148e-05,4.6515e-07,0.019602,2.4625e-06,2.4795e-06,1.6708e-06,4.7578e-06,4.8993e-10
7,0.31955,0.27087,0.083296,0.039042,0.033719,0.0058485,0.012449,0.017937,8.2877e-06,1.8729e-06,2.0537e-06,4.0475e-07,2.742e-06,1.7374e-06,8.4835e-07,2.8778e-07,2.9367e-09,3.4352e-08,3.1035e-07,9.5142e-08
7,0.34465,0.48818,0.7094,0.40178,0.48098,0.043382,0.066563,1.0405e-05,1.2199e-06,5.0355e-08,5.3092e-09,1.0349e-08,1.2442e-08,4.2758e-08,2.4947e-07,2.2921e-07,2.8543e-07,4.5367e-07,2.583e-07,8.1163e-07,7.2205e-07,9.4289e-08,1.9613e-08
7,0.16975,0.11684,0.050612,0.024114,0.054366,0.0060491,9.1147e-07,9.059e-08,4.0092e-08,1.1952e-07,3.3693e-07,1.7336e-06,0.014355,0.016021,0.026845,0.009776,0.0093805,9.0826e-07
7,0.14316,0.15259,0.18025,0.029802,0.016017,0.0028268,0.002643,0.030849,0.12719,0.0057039,0.003991,0.050182,0.040304,0.0030878,1.3414e-05,1.0658e-05,1.8572e-05,6.2967e-06,1.5675e-05,0.003509,0.0029316,0.0051934,0.0034433,6.4897e-06,1.1435e-06,4.8691e-07,4.788e-07,1.1026e-07,2.7483e-08
7,0.041376,0.10091,0.079142,0.031674,0.0051493,3.1386e-06,1.8761e-06,0.0056561,0.040672,0.28308,0.5349,0.58894,0.27781,0.55541,0.2418,0.021665,0.014854,0.047263,0.16848,0.010357,0.0032585,0.0065122,7.6527e-06,2.7746e-07,8.4272e-08,3.2441e-07,7.1525e-06,0.0041309,0.0032387,1.7632e-06,1.3574e-05,1.8397e-06,2.2723e-07,2.9404e-07,1.5842e-07
7,0.22304,0.10637,0.024047,0.013534,0.024928,0.058337,0.070857,0.045872,0.0074059,0.003135,1.1225e-05,0.0029986,0.0075375,0.0084899,0.038853,0.015819,0.0066261,0.0037322,8.1118e-07,5.7591e-07,1.4098e-06
7,0.012227,0.0098599,0.010203,0.0094591,0.0056934,0.00275,0.002937,1.7006e-05,9.3279e-06,0.0069978,0.0090732,0.027459,0.089652,0.086153,0.018705,0.005858,5.7935e-06,0.01634,0.0056243,8.5442e-06,0.0043163,4.9897e-06,4.7434e-08,7.2963e-08,2.4737e-08,2.0874e-09,2.4816e-10,2.9415e-11
7,0.028334,0.038269,0.025881,0.021445,0.036481,0.0098552,0.017492,0.10177,0.27257,0.19615,0.26578,0.064223,0.0083556,0.0114,0.010404,0.020614,1.7628e-06,9.2553e-06,1.7139e-06,6.3862e-07,3.0468e-06,6.0435e-06,0.0030741,8.2488e-07,3.8826e-06,3.5003e-09,3.8087e-10
7,0.017771,0.011456,0.0026422,0.0111,0.0072362,0.0051333,0.04036,0.029875,0.010564,0.0030159,0.0048234,0.010463,1.7122e-05,0.0099515,4.9254e-06,4.0678e-06,6.8395e-06,9.5503e-08,5.9774e-09,1.1382e-07,2.8828e-08,5.5653e-07,4.1326e-06,4.3434e-06,4.1055e-06,8.16e-06,5.3399e-06,0.0027325,7.8501e-06,2.4678e-07,8.7613e-09,1.6944e-09,2.6731e-09,1.5442e-06,1.5908e-09
7,0.038017,0.23301,0.019436,0.0085929,0.004021,0.0054342,0.0052616,0.014287,0.012908,0.0093898,0.0039696,0.0067035,0.014742,0.011886,0.020946,0.040008,0.16334,0.15932,0.031098,0.028947,0.095491,0.20963,0.051726,0.045265,0.034239,0.023095,0.06867,0.058477,0.031963,0.058145,0.012868,0.0076236,7.5825e-07,5.2802e-09,4.1436e-09
7,0.016074,0.030716,0.027194,0.13793,0.14494,0.01597,0.019644,0.025332,0.022766,0.10275,0.097773,0.011744,0.0039512,1.2443e-05,6.7563e-06,7.5978e-06,4.5945e-06,0.01258,0.0068242,0.013406,1.2012e-05,9.6786e-06,7.3448e-07,5.0439e-07,2.3029e-07,7.1521e-07,3.5172e-07
7,0.23231,0.25349,0.055423,0.012242,0.0051685,0.011599,0.012509,1.6941e-05,4.4655e-06,2.4282e-06,1.4352e-06,0.002938,0.0042109,0.0092033,0.012028,0.0040896,6.1854e-06,0.0025648,0.0041506,0.0053928,0.050534,0.011758,0.0083736,0.053703,0.026752,0.03345,0.043593,0.0062547,1.0027e-06,3.6748e-06,6.8695e-07,5.5e-07,4.5182e-07,1.3922e-07,4.343e-09,1.4531e-08,1.411e-08,0.0054148
7,0.026003,0.012977,1.0301e-05,3.899e-06,6.5019e-06,0.0055389,1.3004e-06,0.0026253,0.15676,0.06604,0.07725,0.11291,0.027859,0.061963,0.013699,0.0056929,0.015092,0.010061,0.016268,0.019244,0.024168,0.00298,3.8394e-07,1.5376e-06,2.647e-07,9.8155e-06,0.0049312,0.0086896,0.0096743,0.0042622,1.708e-05,1.6174e-07,3.2672e-07,3.153e-07,5.5242e-08,9.7213e-08,2.2729e-06,3.2346e-07,0.0030446
7,0.0054532,0.013507,0.004199,0.0047392,1.2561e-05,1.9144e-06,9.2031e-06,0.0034194,3.1208e-06,0.0056992,0.01658,0.0025245,0.0033068,0.0039477,0.0028482,0.0037934,1.0196e-05,0.0025429,0.0043785,0.0037754,4.2541e-07,1.4344e-05,1.183e-05,9.2587e-07,2.8531e-06,7.1226e-07,3.0614e-08,5.6765e-06,0.014115,0.012089,0.020687,0.031862,0.0036162,1.14e-05,1.0101e-05,4.2259e-06,6.3453e-07,1.8381e-06,1.7545e-09,1.3434e-10
7,0.0066149,0.0027765,4.2182e-06,1.9326e-06,0.0034985,0.0028265,0.009909,4.5007e-06,0.003655,4.1715e-06,2.1406e-06,0.0025384,4.3064e-06,1.6067e-05,1.076e-05,0.0025377,1.5499e-06,1.9717e-06,8.2432e-06,1.1549e-05,0.0037216,1.0805e-05,2.9275e-06,1.5581e-05,5.6483e-07,4.7167e-07,6.6815e-06,3.0196e-06,0.0030419,1.1164e-05,2.5458e-06,0.0039314,0.0027443,1.1833e-05,1.8922e-06,1.8886e-07,2.4411e-08,5.5641e-08,7.5457e-07
7,0.068582,0.01282,0.0070239,0.018004,0.18119,0.1325,0.011197,0.02927,1.7059e-05,0.013357,0.0042204,0.010702,0.027695,0.0043116,0.0047683,0.011179,0.012918,5.2028e-07,0.0032894,0.014115,0.003583,1.2981e-05,3.7893e-06,2.0813e-06,3.5178e-07,3.7488e-06,2.2843e-06,0.0028265,0.0044234,0.0028058,0.0073063,0.017322,0.086086,0.0046965,0.0049768,8.2073e-07,1.8384e-07,1.1403e-06,6.057e-06,1.1998e-06,1.943e-07,4.8777e-08,1.8831e-08,2.062e-08,4.7655e-08,2.015e-09
7,0.010476,0.016437,0.017141,0.010851,0.010008,0.020041,0.014121,0.010932,0.0027739,0.0060869,1.3017e-05,3.2641e-06,5.7204e-07,8.8104e-07,1.5324e-05,0.004161,0.0088807,0.045381,0.070708,0.042775,0.01549,0.023119,0.0066025,0.0026342,0.0030964,6.6451e-07,5.0633e-07,8.7384e-07,5.5884e-06,1.5195e-05,0.0063128,0.031376,0.011342,0.011674,9.4847e-07,2.801e-07,5.205e-07,5.9546e-07,4.2138e-07,5.246e-07,9.2714e-07,1.8125e-06,2.1441e-07,1.7654e-08,4.2421e-06
7,0.31124,0.022925,0.054941,0.042521,0.031362,0.5,0.22888,0.14698,0.13095,0.21442,0.034562,0.0088595,0.0042566,0.007177,1.1754e-05,0.0040168,0.011042,0.013344,0.0057875,0.0050083,0.0029486,1.2951e-06,5.8023e-07,7.5979e-06,1.8592e-06,0.0027387,0.0040637,1.3384e-05,1.4252e-05,0.0029122,0.0038666
7,0.005054,0.0063595,6.5342e-06,0.078945,0.075494,0.013296,0.026044,0.086577,0.029517,0.029593,0.0286,0.012536,0.003204,0.0085524,5.3298e-07,5.4229e-07,0.011152,0.030445,0.094978,0.27002,0.041912,0.0063564,6.7099e-07,2.0211e-08,1.5371e-07,1.5948e-07
7,0.018941,0.25527,0.073409,0.063092,0.0029095,0.034348,0.0034351,0.005664,0.0033977,0.0050387,0.0081149,4.799e-06,1.2017e-05,1.1671e-06,1.5658e-06,2.1962e-06,5.8654e-06,3.9781e-07,3.7014e-07,3.7016e-07,5.7327e-06,0.013877,0.0048278,6.8797e-06,0.0054914,0.011619,1.3024e-05,7.3499e-06,1.6179e-05,7.6033e-09
7,0.085292,0.041702,1.8268e-05,2.2955e-06,1.671e-06,0.018725,0.15951,0.10239,0.075143,0.11156,0.14971,0.20692,0.0045937,0.062438,0.084444,0.1179,0.11989,0.13582,0.050426,0.021514,0.0097179,1.3251e-05,8.9548e-06,5.8189e-07,9.9851e-08,2.3181e-07,1.227e-05,0.0036899,0.016532,0.03535,0.0044783,0.0030622,1.709e-05,1.2052e-05,1.3501e-06,1.207e-06,1.7677e-07,2.3971e-09,3.9521e-08
7,0.021875,1.0506e-05,0.0050025,0.014966,0.0031747,1.6595e-05,0.0073798,0.0042956,1.8441e-06,0.0025999,0.0058012,0.0029731,1.6565e-05,4.3388e-07,1.721e-08,8.1991e-08,5.525e-08,3.1052e-07,4.5126e-07,3.1784e-07,1.4545e-06,6.5876e-08,1.8501e-07,1.967e-07,6.6839e-07,8.713e-06,0.0039218,1.5327e-05,2.4846e-06,1.6918e-05,3.4593e-07,4.4345e-08,2.4065e-08,1.0424e-07
7,0.048973,1.2674e-05,0.002915,0.0032048,0.015685,0.02447,0.017204,0.009525,0.027962,0.04922,0.036812,0.0048955,0.10252,0.031853,0.016795,0.018521,0.017719,0.035173,0.051486,1.1672e-06,6.6431e-06,5.5589e-06,0.0051419,0.0032915,4.8781e-06,7.0154e-07,2.2881e-08,3.2984e-10
7,0.0049223,0.012753,0.013421,0.033923,0.037732,0.062546,0.0716,0.034738,0.015138,0.011621,1.1963e-05,8.3754e-06,3.9947e-06,9.7092e-06,1.2305e-06,3.8929e-06,1.3656e-05,0.010446,0.0078806,1.2837e-05,3.161e-06,2.0938e-07,3.5027e-06,5.8709e-07
7,0.23779,0.15746,0.090127,0.052256,6.611e-06,0.0025373,0.0051334,0.0053388,0.017779,0.018523,0.0033668,0.0050298,0.016651,0.015936,1.2457e-06,9.4464e-07,5.7215e-06,1.4282e-05,0.0031705,1.3055e-05,0.0025443,5.5193e-07,2.4545e-06
7,0.0036404,9.3451e-06,7.1843e-07,1.5821e-07,1.9844e-06,7.9029e-06,1.0987e-05,1.0611e-06,1.6114e-07,3.3321e-07,8.7683e-09,3.1335e-09,1.0296e-09,1.029e-09,2.0377e-08,3.843e-08,1.3318e-07,2.8505e-07,8.8183e-07,0.0042921,0.0053645,0.0029565,0.0031588,0.0053703,3.8605e-06,3.5258e-06,2.2257e-06,1.4995e-06,1.2164e-06,5.9676e-07,1.1821e-07,4.4668e-09,2.5361e-09,3.6026e-10
