1,0.045312,0.15463,0.27633,0.2087,0.5366,0.63206,0.56074,0.44889,0.5,0.66619,0.64911,0.39701,0.39895,0.19989,0.0226,0.024254,0.025933,0.063534,3.025e-07
1,0.023331,0.018636,0.0079294,0.020019,0.12322,0.36597,0.14575,0.14745,0.16383,0.12372,0.080398,0.16876,0.65171,0.46599,0.13813,0.20818,0.036447,3.4451e-08,4.3735e-10
1,0.033815,0.021118,0.21817,0.53371,0.83208,0.73833,0.62997,0.57809,0.37822,0.30825,0.11294,0.063086,0.071849,0.050781,0.056539,0.07908,0.028552,1.7353e-06,5.2008e-11
1,1.2394e-06,1.3467e-07,0.002586,0.0042566,0.099887,0.33259,0.34286,0.61602,0.52039,0.21864,0.15584,0.074369,0.065716,0.11916,0.0097654,1.6584e-05,0.052274,0.030818,0.03343,0.18325,0.044255,0.016868,1.9926e-06
1,0.031611,0.11203,0.12745,0.037283,0.11625,0.0064263,0.0050776,0.0048474,0.0086362,0.033607,0.45055,0.68166,0.76846,0.74052,0.4577,0.37477,0.19754,0.053975,7.3949e-08
1,0.49042,0.75995,0.79722,0.56388,0.94046,0.71581,0.70994,0.59687,0.71518,0.73109,0.67223,0.10279,0.080309,0.0097381,0.0027901,1.0964e-10
1,0.21536,0.19107,0.47248,0.64284,0.5,0.34331,0.64869,0.32267,0.47198,0.18346,0.093683,0.067706,0.0098595,0.014527,0.068747,0.09526,0.11866,0.064106,0.043359,0.022543,8.8928e-09
1,0.43826,0.064528,0.16874,0.31441,0.65262,0.56724,0.96402,0.93965,0.75106,0.38325,0.18167,0.13178,0.25019,0.46669,0.16125,0.13528,0.033687,0.010897,2.3787e-06,1.803e-07
1,0.016728,5.4784e-06,0.31006,0.34458,0.53609,0.042919,0.27904,0.35214,0.32922,0.48669,0.54431,0.52495,0.28131,0.074018,0.027388,0.0046497,2.8442e-11
1,0.15685,0.21091,0.19127,0.11814,0.82827,0.63801,0.59001,0.665,0.83998,0.88307,0.8488,0.85765,0.31512,0.10398,0.077498,0.045388,8.169e-07,8.5541e-08
1,0.069748,0.055511,0.201,0.11971,0.22203,0.6991,0.57351,0.20906,0.2748,0.24593,0.38852,0.18185,0.10088,0.025975,0.018975,9.5573e-06,1.3523e-07
1,0.093948,0.19629,0.14229,0.84501,0.90076,0.80034,0.42185,0.36578,0.27561,0.1063,0.037926,0.015925,1.8843e-05,4.8686e-06,2.1032e-09
1,0.61703,0.518,0.71294,0.89861,0.81167,0.72375,0.75697,0.65787,0.86019,0.75326,0.58143,0.33226,0.10656,0.0091697,0.0025311,4.1984e-10
1,0.037368,0.023736,0.019336,0.046255,0.16474,0.3231,0.77382,0.67031,0.62278,0.70239,0.69921,0.69139,0.3519,0.28833,0.24418,0.026201,0.012874,9.1653e-06
1,0.34627,0.47521,0.83268,0.81234,0.6263,0.45468,0.18681,0.44639,0.63873,0.81038,0.70437,0.63945,0.43588,0.58752,0.84251,0.82516,0.86172,0.15241,0.1262,0.24493,0.304,0.16569,0.065253,0.087949,0.04718,8.8141e-06,8.758e-07,0.0031009,0.0040675,0.0034591,0.0055776,1.2768e-07
1,0.06764,0.54919,0.37043,0.21776,0.60661,0.5,0.045235,0.21686,0.39738,0.47063,0.571,0.70126,0.48845,0.33763,0.58224,0.39195,0.11862,0.0057272,1.3241e-06,0.022567,0.041156,0.7295,0.63999,0.37511,0.62199,0.41674,0.1783,0.13218,0.15415,0.0028129,7.9365e-06
1,0.24197,0.79902,0.64052,0.81301,0.64623,0.3339,0.24524,0.89821,0.93171,0.43986,0.30835,0.26699,0.14242,0.12218,0.20743,0.14157,0.13057,0.049069,0.0083112,1.5871e-06,1.1405e-09,2.9348e-09
1,0.34369,0.33131,0.33033,0.28056,0.04199,0.17066,0.12887,0.70759,0.67112,0.73236,0.83844,0.77814,0.53532,0.59474,0.42757,0.41351,0.49067,0.40839,0.41868,0.19189,0.13395,0.027618,0.0059689,2.9636e-07,1.1402e-06
1,0.88625,0.76655,0.58625,0.29871,0.53859,0.58524,0.72632,0.56386,0.54235,0.24477,0.17204,0.10847,0.055947,0.082659,0.27383,0.23295,0.076873,0.057781,0.04298,1.4499e-10
1,0.9755,0.97624,0.90633,0.76247,0.63214,0.5,0.36354,0.61157,0.81393,0.72059,0.5397,0.63443,0.41246,0.44812,0.71969,0.60307,0.52778,0.16166,0.040238,2.7167e-07
1,0.20485,0.031068,0.013563,0.028648,0.076691,0.39719,0.88796,0.93394,0.9584,0.98225,0.89623,0.68294,0.18897,0.28846,0.22518,0.34218,0.30083,0.28036,0.088246,0.067348,0.028005,0.21975,0.040077,5.5635e-10
1,0.18881,0.6111,0.84758,0.87655,0.82821,0.58797,0.39156,0.5,0.98632,0.97827,0.97449,0.98276,0.8241,0.11675,0.051863,0.084583,0.080051,0.08085,0.035229,0.019725,0.018151,0.035827,0.0087902,0.0034763,8.1174e-10
1,0.35533,0.49351,0.50828,0.77127,0.78554,0.56273,0.89447,0.84541,0.78416,0.91745,0.59812,0.39243,0.054881,0.056434,0.516,0.43151,0.18807,0.045017,0.044118,0.044642,0.020696,0.0099589,0.012566,0.0048124,0.0027783,9.7198e-06,1.8969e-10
1,0.32189,0.08386,0.057954,0.1731,0.083554,0.2539,0.65582,0.63795,0.70546,0.71657,0.43853,0.021909,0.069853,0.2533,0.11388,0.11219,0.036524,0.0065407,0.0070648,0.0080406,0.012368,0.0077731,0.0057247,0.002835,7.3783e-08
1,0.96454,0.96361,0.91175,0.89745,0.79277,0.35384,0.73942,0.8779,0.75638,0.51698,0.20359,0.12908,0.042488,0.045902,0.059283,0.46391,0.31286,0.11835,0.11974,0.049584,0.0084223,0.008768,0.006408,1.3608e-05,2.4298e-08,4.1552e-13
1,0.30294,0.79044,0.68449,0.6989,0.56923,0.22003,0.081636,0.088333,0.22242,0.26063,0.2805,0.24482,0.049252,0.063829,0.15368,0.062285,0.2691,0.26536,0.41818,0.19664,0.31287,0.33308,0.20425,0.15304,0.18542,0.053461,0.02667,0.029873,0.0068908,0.0029792,0.0077151,5.9477e-08,4.507e-09
1,0.17893,0.1168,0.13784,0.28676,0.50808,0.53985,0.35062,0.50811,0.55674,0.40544,0.63859,0.48025,0.16289,0.046401,0.47827,0.17073,0.47046,0.49343,0.65906,0.67038,0.46098,0.6442,0.61708,0.51932,0.17036,0.13765,0.076863,0.056218,0.011639,0.017248,0.0045754,4.6621e-06,6.0608e-07,8.3364e-06,1.4908e-10
1,0.43155,0.3049,0.3425,0.46969,0.31134,0.16688,0.33102,0.64545,0.49366,0.44245,0.28728,0.58283,0.52213,0.88768,0.51062,0.42186,0.31134,0.70551,0.8475,0.94737,0.91499,0.78051,0.65519,0.087159,0.017445,6.9709e-06,0.005683,1.7679e-07
1,0.97911,0.87124,0.66846,0.63572,0.53733,0.63117,0.78858,0.7746,0.60013,0.5627,0.56234,0.31624,0.18463,0.3397,0.51504,0.51445,0.71047,0.4138,0.34956,0.023745,0.05181,0.49455,0.26987,0.2123,0.92732,0.58395,0.24851,0.21443,0.083005,0.0048433,7.5538e-06,5.1565e-09
1,0.24349,0.56637,0.27696,0.24756,0.41328,0.33146,0.33538,0.81835,0.91792,0.77192,0.81414,0.92949,0.59156,0.31814,0.66841,0.45884,0.43208,0.15008,0.10205,0.023602,0.010693,0.0041089,0.0043242,0.028652,0.043531,0.05426,0.63265,0.5,0.25542,0.15272,0.13021,0.0026932,1.709e-07
1,0.75612,0.97921,0.98629,0.98148,0.96175,0.91553,0.24275,0.19408,0.075141,0.014361,0.027464,0.028003,0.018413,0.052279,0.0045228,0.037515,0.060714,0.13029,0.085542,0.091004,0.1167,0.12777,0.043791,0.050506,0.029723,0.041103,0.58868,0.86314,0.84676,0.75114,0.80693,0.20267,0.047494,0.16111,0.036382,0.026307,0.0069336,2.2783e-06,1.0404e-07,1.5844e-10
1,0.54993,0.36684,0.074677,0.30325,0.53351,0.16225,0.18393,0.12024,0.30403,0.20362,0.16609,0.33111,0.2035,0.17271,0.082811,0.089397,0.34152,0.39481,0.7406,0.53832,0.26894,0.061259,0.31231,0.46618,0.87519,0.76274,0.46845,0.10748,0.071879,0.11214,0.47969,0.57385,0.81148,0.23252,0.0066679,1.358e-06,2.4956e-11
1,0.53935,0.89478,0.8393,0.47642,0.71037,0.30064,0.19044,0.92646,0.80722,0.76265,0.77307,0.84691,0.50896,0.87225,0.72871,0.69188,0.079134,0.23957,0.57357,0.70543,0.96848,0.90335,0.96476,0.84769,0.35086,0.04272,0.040973,0.0078876,1.9177e-08
1,0.52671,0.75327,0.85156,0.83855,0.46735,0.22156,0.23162,0.36432,0.37109,0.42603,0.50931,0.34523,0.083818,0.26699,0.08112,0.02628,0.14899,0.073545,0.11296,0.6018,0.5,0.47091,0.52034,0.15185,0.022479,0.0084719,1.0589e-05,1.0462e-05,0.0032739,2.4689e-09
1,0.11775,0.49485,0.45928,0.33662,0.36285,0.12004,0.022603,0.077692,0.78297,0.68493,0.16353,0.66949,0.40542,0.17918,0.19116,0.31485,0.43787,0.76922,0.74861,0.73915,0.3459,0.055096,0.038898,0.023487,0.017645,0.017026,1.6696e-05,4.1561e-06
1,0.017506,0.067063,0.10644,0.13705,0.46517,0.70206,0.57394,0.27904,0.56796,0.60654,0.8696,0.55442,0.63126,0.15395,0.085315,0.040413,0.0096406,0.004263,0.0061107,0.0078915,2.208e-06,8.5978e-09
1,0.21594,0.62099,0.47703,0.36563,0.37556,0.65671,0.9028,0.85466,0.88578,0.89441,0.8951,0.83373,0.86936,0.87259,0.92537,0.48876,0.19776,0.23292,0.18145,0.1169,0.12533,0.086443
1,0.3248,0.26657,0.14522,0.024134,0.067581,0.13031,0.074632,0.082125,0.18145,0.11592,0.11097,0.10978,0.75841,0.92863,0.98879,0.62218,0.82416,0.5,0.036782,0.0090088,0.0059463,0.01354,0.0077252,0.0040524,1.3478e-07
2,0.0078702,0.026329,0.035984,0.14053,0.88985,0.73845,0.55072,0.62306,0.83281,0.241,0.15967,0.095363,0.025049,0.10179,0.039168,0.021508,0.10482,9.1625e-06,7.6926e-08
2,0.083902,0.065689,0.11034,0.17101,0.069447,0.08441,0.29688,0.092231,0.37111,0.16959,0.099524,0.054115,0.015797,0.031836,0.0046677,1.0455e-08
2,0.015452,0.08916,0.091809,0.20301,0.089976,0.16297,0.068898,0.33427,0.10392,0.056338,0.034245,0.0096411,5.4324e-07,0.0026317,1.6887e-05,1.3574e-06,1.8509e-06,7.764e-06,2.1048e-06,3.8293e-07,6.891e-08,1.6412e-09
2,0.0063151,0.0041409,0.0084726,0.035169,0.099735,0.019982,0.020181,0.015679,0.013042,0.011536,0.027038,0.05614,0.037812,0.014237,0.015661,0.0061318,3.1014e-06
2,0.002576,0.13991,0.75806,0.77457,0.6335,0.74817,0.37803,0.55519,0.32318,0.35308,0.029597,0.30377,0.30194,0.32724,0.17043,0.28344,0.090988,0.048774,0.027848,0.016894,0.016339,0.015104,0.0041193,3.7384e-09
2,0.0042734,0.0030929,0.0044062,0.0041852,0.35501,0.12613,0.22872,0.027884,0.0034676,1.9026e-06,0.0032019,0.03626,0.018056,0.01711,0.025594,0.019804,5.7323e-06
2,0.051319,0.39126,0.55696,0.47184,0.39195,0.39274,0.19298,0.073211,0.19796,0.12085,0.20614,0.26892,0.027655,0.046792,0.0064312,0.0099774,0.0084653,0.092761,0.072041,0.074266,0.088426,0.14871,0.0098412,5.1148e-08
2,6.6391e-06,6.4788e-06,0.0047035,0.038028,0.27042,0.36558,0.235,0.18385,0.19608,0.11392,0.12302,0.19557,0.044832,0.46247,0.58434,0.47177,0.23502,0.041325,0.0031752,2.8779e-06,1.5881e-08
2,0.1119,0.33196,0.69002,0.57598,0.48621,0.10366,0.066564,0.086431,0.090958,0.016654,0.017623,0.0055806,1.6294e-06,3.5567e-07,3.3423e-07
2,0.016492,0.053275,0.41809,0.25577,0.2475,0.26768,0.1737,0.1075,0.093109,0.063275,0.082965,0.059229,0.037742,0.056293,0.012967,0.0051759,8.1383e-09
2,0.042089,0.034441,0.019743,0.15645,0.1854,0.5,0.2406,0.74465,0.58241,0.4936,0.32279,0.25148,0.23569,0.48496,0.40483,0.10612,0.051068,0.033795,0.0050265,0.0033972,1.5175e-06,1.6093e-10
2,0.064901,0.20485,0.41127,0.33255,0.20542,0.14138,0.11335,0.077505,0.084348,0.044977,0.10049,0.35535,0.20625,0.057567,0.095876,0.021995,5.4087e-09
2,0.33734,0.52717,0.59307,0.11692,0.011495,0.021424,0.013904,0.032689,0.01372,0.23666,0.54509,0.13007,0.015791,1.2733e-05,1.6546e-09
2,0.03938,0.048717,0.26508,0.50807,0.12931,0.16383,0.16845,0.13876,0.050301,0.073271,0.062682,0.11919,0.19682,0.37905,0.065167,0.060123,0.0073201,1.0942e-06,6.3391e-09
2,0.31241,0.61536,0.48468,0.30879,0.10235,0.27931,0.21449,0.35438,0.15302,0.070631,0.0079365,0.03749,0.0051803,9.1535e-06,7.9618e-10
2,0.0034483,0.021614,0.020258,1.7119e-05,0.0067385,0.070862,0.03382,0.053404,0.076825,0.16188,0.32124,0.46696,0.56329,0.17496,0.15195,0.061908,8.4559e-06,0.0026022,9.5999e-09
2,0.0083847,0.0413,0.092362,0.065715,0.11802,0.024898,0.0078934,0.012472,0.11214,0.05767,0.082611,0.090575,0.2915,0.15665,0.13226,0.25494,0.14108,0.04935,0.14599,0.37772,0.14028,0.26876,0.22436,0.028107,0.0055831,9.1924e-06,1.5544e-06,6.9968e-06,1.1023e-08
2,0.033716,0.079584,0.10221,0.15161,0.14376,0.090681,0.041881,0.14913,0.289,0.16727,0.44724,0.41818,0.082067,0.019026,0.0039737,0.0068662,0.0041428,1.4806e-07
2,0.048724,0.080515,0.011349,0.004188,0.066743,0.12127,0.17564,0.13725,0.16343,0.17258,0.076377,0.2138,0.47572,0.49415,0.19212,0.062991,0.0076343,4.6216e-06,4.2528e-07,1.9383e-07,4.0466e-09
2,0.025206,0.063841,0.053071,0.024877,0.12414,0.21955,0.23989,0.23494,0.28674,0.096242,0.064041,0.05624,0.0065095,5.0683e-06,0.0038723,0.016568,0.0031136,1.157e-07
2,0.065278,0.11276,0.039969,0.051863,0.044107,0.085002,0.086304,0.20357,0.2033,0.48835,0.45776,0.054793,0.0057979,1.552e-06,6.2925e-08,1.0981e-09
2,0.062338,0.12823,0.10042,0.31191,0.17569,0.14808,0.097747,0.14743,0.14208,0.17617,0.31822,0.46715,0.53339,0.54957,0.06038,0.025271,0.01373,0.023765,8.4235e-06,8.3279e-08
2,0.041864,0.093926,0.27259,0.33189,0.28571,0.068358,0.033281,0.011942,0.011768,0.14356,0.14806,0.12545,0.21787,0.062851,0.056002,0.037182,0.13453,0.12958,0.77732,0.76286,0.13943,0.064253,0.061155,0.025691,0.029771,0.20175,0.053329,0.04578,0.02141,0.0061637,0.0039197,1.4402e-05,1.2676e-06,2.2441e-06,4.873e-09
2,0.32127,0.93601,0.75518,0.26309,0.5,0.31452,0.050363,0.16866,0.22196,0.07706,0.063973,0.12609,0.05536,0.065303,0.077748,0.017397,0.0047975,0.0039368,0.0050717,0.014853,0.058366,0.021375,0.016571,0.026264,0.018021,0.0083119,0.0086326,2.2721e-07,3.1202e-09,1.7741e-11
2,0.079094,0.19183,0.099148,0.086371,0.10011,0.12753,0.15049,0.30263,0.24117,0.23978,0.24046,0.14941,0.17741,0.21803,0.11012,0.099002,0.0030075,1.5252e-05,8.4822e-06,1.516e-05,0.096022,0.048619,0.12664,0.10587,0.028758,0.01236,0.0085773,2.7191e-06,5.4514e-08
2,0.069327,0.22892,0.5086,0.36115,0.36937,0.48207,0.15944,0.19012,0.60577,0.43276,0.42062,0.27176,0.086674,0.057842,0.24263,0.15495,0.15164,0.036948,0.15617,0.15643,0.28669,0.27075,0.14897,0.080737,0.016223,0.015265,0.015274,0.01595,6.3289e-06,2.1133e-08
2,0.02606,0.082051,0.45838,0.34354,0.29666,0.23956,0.48012,0.25108,0.38307,0.57333,0.23358,0.15901,0.22843,0.22354,0.11692,0.011972,0.0067925,0.013833,0.01255,0.0046609,0.013159,0.032228,0.014653,0.0085431,1.1021e-05,0.0057793,1.8677e-05,0.012818,0.0039397,0.0089741,0.0065296,0.025878,0.022243,0.016041
2,0.0086133,0.018051,0.043519,0.048559,0.050751,0.031035,0.099312,0.057969,0.023928,0.05961,0.066479,0.16902,0.19493,0.1364,0.1115,0.12824,0.16612,0.61982,0.59139,0.55151,0.57906,0.042953,0.035805,0.093389,0.053654,0.2379,0.16315,0.03888,0.091102,0.053458,0.01238,0.013195,0.0037075,2.4546e-06,0.0033571,1.6693e-06,5.718e-07,6.284e-09
2,0.15655,0.22483,0.15271,0.23475,0.31401,0.31052,0.13307,0.18504,0.081576,0.13474,0.034847,0.015028,0.024992,0.02958,0.016546,0.035777,0.11244,0.10051,0.12021,0.055318,0.022139,0.017275,0.020613,0.019898,0.048013,0.20894,0.10883,0.10851,0.32619,0.08196,0.069099,0.092548,0.010735,7.6862e-07,1.0026e-08
2,0.094093,0.77412,0.61938,0.19617,0.49352,0.60874,0.083298,0.27776,0.25216,0.21719,0.15651,0.43696,0.35428,0.16064,0.062501,0.15355,0.12318,0.012855,0.0089444,0.0093652,0.0082919,0.0025503,0.030471,0.040125,0.046849,0.014668,0.014794,0.0072957,0.0057201,0.023921,0.010791,2.8125e-08
2,0.31309,0.49167,0.68834,0.91565,0.90305,0.84103,0.90308,0.75585,0.37963,0.47798,0.60592,0.46515,0.46407,0.44104,0.48494,0.19362,0.19704,0.069125,0.063515,0.0048539,0.010887,0.012887,0.043926,0.031813,0.37143,0.40582,0.32068,0.61433,0.35485,0.21561,0.077205,0.0097864,1.2562e-06,2.6015e-09
2,0.39818,0.30208,0.45684,0.25821,0.11096,0.16937,0.055169,0.037236,2.8311e-06,0.0086885,0.057568,0.019789,0.03192,0.20069,0.15095,0.3266,0.35538,0.085589,0.0071777,3.4282e-07,1.5399e-07,4.3415e-07,2.8786e-09,1.086e-07
2,0.84407,0.92273,0.70151,0.12073,0.14828,0.36131,0.29216,0.62585,0.73075,0.66471,0.3913,0.066998,0.0072347,0.006184,4.6036e-06,1.9605e-07,1.9047e-08,0.0025866,9.1286e-06,5.4216e-07
2,0.039559,0.13023,0.11729,0.059176,0.048623,0.025938,0.034291,0.048684,0.033055,0.011564,0.01584,0.010801,0.016264,0.020058,0.0054813,2.0003e-06,2.8499e-07,2.5121e-07,0.0032335,1.1413e-06
2,0.6439,0.81295,0.80758,0.73478,0.37666,0.18815,0.10003,0.095776,0.38318,0.51213,0.56891,0.53654,0.36165,0.44696,0.42254,0.26797,0.13183,0.042526,0.019753,0.0036191,0.0030685,5.1465e-07,7.1828e-11
2,0.76523,0.86421,0.75287,0.8283,0.59686,0.33714,0.12733,0.15055,0.1235,0.19784,0.39639,0.23577,0.25914,0.21795,0.12943,0.27353,0.098288,0.070512,0.0071022,0.0026026,3.8941e-08
2,0.87779,0.95867,0.82978,0.87991,0.47302,0.14183,0.19254,0.41147,0.6811,0.37185,0.38034,0.39518,0.065555,0.012853,0.014632,0.01318,0.017012,0.023383,0.079266,0.10715,0.0029081,1.8607e-06,2.7002e-11
2,0.13681,0.60609,0.79676,0.77651,0.48784,0.2438,0.13188,0.039437,0.030698,0.069957,0.13816,0.059453,0.092228,0.079938,0.019921,0.011663,0.017286,0.0086918,0.0033367,1.2475e-05,0.005647,0.0030635,6.7159e-07,3.8631e-11
2,0.25267,0.26125,0.28384,0.86924,0.9526,0.75686,0.7744,0.93815,0.5209,0.10319,0.19894,0.16741,0.090067,0.13475,0.28154,0.2132,0.15373,0.034466,0.0036598,0.0054573,9.3985e-06,0.018566
2,0.0051565,0.016331,0.32095,0.33246,0.12436,0.10039,0.096676,0.059058,0.11037,0.35601,0.24589,0.23921,0.15781,0.070214,0.015879,0.0053047,0.052746,0.038789,0.047646,0.027151,0.095242,0.097478,0.040219,0.01038,0.0080624,0.0094053,0.035044,0.056724,0.020144,0.0036155,0.0035874,4.95e-07,9.2311e-07
2,0.65863,0.76694,0.58791,0.30926,0.077781,0.20336,0.40375,0.38227,0.27206,0.2669,0.10393,0.0128,0.013579,0.014733,0.02481,0.025308,0.0076422,0.0096621,0.0060252,0.0053909,0.0042207,6.3409e-06,2.1097e-08
2,0.80261,0.4273,0.466,0.54313,0.52284,0.70529,0.7949,0.34539,0.20896,0.20436,0.014507,0.0053967,0.036427,0.042069,0.069036,0.14056,0.13491,0.035728,0.0054783,1.3434e-06,1.7225e-05,6.2619e-06,4.127e-09
2,0.23583,0.32923,0.31711,0.29315,0.41357,0.59147,0.35659,0.088621,0.029747,0.0067017,0.0065944,0.024808,0.097137,0.16191,0.26841,0.13856,0.066695,0.014206,0.0035137,0.0090017,3.2976e-06,2.4455e-09
2,0.79954,0.86981,0.83957,0.81158,0.76367,0.47194,0.80434,0.73868,0.55031,0.43624,0.78479,0.11624,0.19688,0.040179,0.052716,0.033753,0.097309,0.10133,0.1692,0.17382,0.23399,0.27415,0.15066,0.01451,0.0035143,1.6676e-05,5.7946e-06,4.2052e-07,8.0009e-07,9.051e-09
2,0.039929,0.0367,0.04182,0.12148,0.097133,0.21056,0.2888,0.16679,0.056209,0.091506,0.0941,0.11401,0.1316,0.32446,0.31503,0.18132,0.11401,0.41655,0.36608,0.01863,0.11229,0.039022,0.00893,0.11689,0.22224,0.015671,0.0047427,1.7499e-07
2,0.0041455,0.019346,0.089401,0.035936,0.0096828,0.023192,0.17084,0.047283,0.088277,0.050631,0.21428,0.20695,0.13899,0.063369,0.066182,0.019492,0.019515,0.0056976,0.0058105,0.021662,0.081475,0.025497,1.0734e-05,7.1491e-07
2,0.28799,0.25701,0.251,0.20432,0.26708,0.60181,0.091461,0.1731,0.18364,0.16367,0.54232,0.28463,0.12997,0.021749,0.0054908,0.0050713,0.052161,0.099761,0.14863,0.22902,0.066122,0.017918,0.23372,0.34942,0.079835,0.026169,0.013813,0.061661,0.059761,0.29284,0.020528,0.084469
2,0.028952,0.064058,0.075175,0.070305,0.10604,0.11248,0.2065,0.26948,0.23921,0.091116,0.034562,0.11376,0.17915,0.58404,0.79234,0.88957,0.70093,0.53046,0.78128,0.1263,0.16912,0.12431,0.16187,0.1239,0.11864,0.021153,0.027201,0.067334,5.9685e-07
2,0.043824,0.091484,0.1589,0.44849,0.56005,0.37715,0.096486,0.1694,0.51184,0.70863,0.70928,0.91221,0.29929,0.2944,0.39228,0.15974,0.050463,0.10665,0.10375,0.075527,0.34899,0.35531,0.26066,0.4291,0.28215,0.005435,1.133e-05,1.876e-08
2,0.13478,0.1395,0.059605,0.070307,0.027691,0.1172,0.03859,0.10002,0.11378,0.16184,0.033023,0.023857,0.014927,0.032526,0.10646,0.12649,0.18009,0.15649,0.0093981,0.026634,0.0066612,0.0030859,0.025277,0.011175,6.3272e-06,1.1414e-07,1.1811e-07,7.2637e-12
2,0.14995,0.45504,0.51421,0.51451,0.5,0.38461,0.41652,0.24024,0.044163,0.083066,0.14999,0.078908,0.1039,0.37419,0.23734,0.21829,0.12655,0.38269,0.1252,0.20467,0.080301,0.35315,0.021369,0.0068738,1.704e-05,0.0073386,0.0033384,0.012549,0.010298,0.031213,0.013491,1.0608e-05,0.010021,2.1193e-09,1.4795e-09,5.6301e-10
2,0.38356,0.11741,0.20185,0.031935,0.025504,0.0029561,3.5093e-06,0.054127,0.31516,0.36102,0.45079,0.15052,0.18951,0.15522,0.063964,0.035555,0.067671,0.039844,0.060489,0.028005,0.049278,0.051636,0.030722,0.0049813,7.1138e-06,1.2476e-06,3.2017e-11
2,0.02902,0.045968,0.062005,0.075316,0.2784,0.29444,0.19916,0.15611,0.12601,0.052702,0.054623,0.021388,0.13855,0.16553,0.34786,0.59956,0.35204,0.079828,0.040655,0.13321,0.039597,0.040485,0.17481,0.3307,0.040859,0.0040147,9.0742e-09
2,0.088668,0.30809,0.1822,0.17648,0.30242,0.17946,0.11464,0.19814,0.32211,0.17157,0.081975,0.058931,0.098509,0.0028258,0.016539,0.052109,0.097199,0.027989,0.040345,0.026515,0.025509,0.012409,0.018267,0.037243,0.019304,0.0062081,0.043984,0.022149,0.019074,0.14743,0.08964,0.053578,0.0285,0.0069519,0.0047186,7.7472e-08,4.7345e-10
2,0.068503,0.28198,0.19934,0.25844,0.3727,0.35958,0.21539,0.13583,0.052288,0.022252,0.052868,0.18802,0.2041,0.27413,0.29856,0.28984,0.2246,0.040962,0.0095254,0.017724,0.1258,0.02708,0.030155,0.10084,0.43362,0.44445,0.80066,0.77338,0.524,0.48346,0.5,0.034889,0.0052555,1.797e-06,2.1633e-07,0.0029319,0.090935,0.22172,0.26286,0.2309,0.089134,0.0061589,0.0030567,8.1123e-07,7.0978e-09
2,0.14868,0.34826,0.48687,0.31134,0.51129,0.12348,0.22941,0.075813,0.17866,0.25615,0.051787,0.10404,0.35331,0.3194,0.18774,0.0069678,0.042815,0.030783,0.10125,0.55623,0.64919,0.5,0.52792,0.29436,0.043448,0.021145,0.04311,0.38793,0.11175,0.1792,0.097724,0.0056478,0.006251,0.010522,0.0045883,0.0033248,5.7124e-06,4.5185e-06,8.3735e-10
2,0.35234,0.5,0.6246,0.51321,0.60428,0.6158,0.14544,0.26532,0.24697,0.62206,0.34244,0.22274,0.11131,0.0045683,0.031442,0.092715,0.15843,0.21473,0.097243,0.032789,0.015881,1.4662e-05,4.2288e-06,0.011685,0.013792,0.16159,0.20407,0.3328,0.3928,0.42259,0.35014,0.14916,0.074586,0.012978,7.0578e-06,2.4124e-08
2,0.11599,0.1407,0.41406,0.2706,0.15739,0.20157,0.27253,0.14041,0.10869,0.16209,0.23239,0.18569,0.19214,0.15313,0.14855,0.1061,0.47551,0.55641,0.59593,0.60261,0.35924,0.10734,0.092497,0.060952,0.03886,0.029904,0.0057035,0.0043123,0.026191,0.0028425,5.8436e-06,0.01811,0.029102,0.045301,0.083511,0.038369,0.029768,1.4282e-05,0.0032037,0.0039414,2.6743e-07
2,0.094361,0.081324,0.12376,0.23305,0.4672,0.33422,0.068472,0.23654,0.26318,0.15829,0.34397,0.35857,0.14122,0.072138,0.29609,0.062498,0.10139,0.071862,0.28981,0.13451,0.066524,0.057202,0.10274,0.096313,0.034472,0.0074599,1.2664e-05,2.3833e-07,1.9518e-08
2,0.23652,0.37418,0.33873,0.65207,0.29335,0.12304,0.029531,0.0090479,0.0068779,0.0035847,0.1464,0.10339,0.047947,0.08337,0.045934,0.034833,0.0075592,0.0058256,0.0069503,1.7129e-05,0.003301,0.016042,0.013038,0.040398,0.67061,0.32601,0.099682,0.0064807,0.0056133,6.6024e-06,4.3455e-07,1.5428e-08
2,0.024838,0.037992,0.061405,0.076994,0.59002,0.25425,0.20389,0.28742,0.10708,0.091156,0.044094,0.020992,0.013944,0.056622,0.048637,0.031592,0.044746,0.21787,0.22245,0.049223,0.048714,0.01981,1.0875e-05,2.0719e-06,0.0037743,1.5307e-07,2.706e-11
2,0.4076,0.51174,0.10219,0.031876,0.030715,0.0032058,7.2343e-06,5.1577e-06,0.0092384,0.013482,0.0067318,0.0046663,0.11196,0.049737,0.073127,0.18724,0.12979,0.17878,0.044053,0.037288,0.03925,0.010868,0.013627,9.6503e-07
2,0.23822,0.33487,0.23972,0.21728,0.28167,0.20094,0.078949,0.046094,0.019356,0.091423,0.24704,0.29021,0.2811,0.22944,0.12604,0.23338,0.030767,0.038208,0.013797,0.074616,0.045356,0.058102,0.071776,0.026101,0.0068587,0.0070956,0.016508,0.037606,0.035985,0.016158,0.0034767,2.4308e-06
2,0.16056,0.17867,0.40559,0.30559,0.14064,0.21777,0.074298,0.092549,0.089082,0.13151,0.19837,0.37311,0.31017,0.19372,0.27194,0.24014,0.079533,0.064691,0.34359,0.10276,0.15924,0.059333,0.01216,0.0044429,0.022008,0.030245,0.0068027,0.038276,0.016362,0.0039904,0.014785,1.2285e-05,1.6956e-07
2,0.27559,0.46811,0.31145,0.095018,0.076419,0.026807,0.013909,0.0043267,0.013835,0.012332,0.080325,0.2131,0.095875,0.35348,0.48175,0.54268,0.61011,0.51079,0.17947,0.10931,0.0064164,0.0025243,0.0053731,0.004814,5.7871e-07
2,0.085543,0.23054,0.10724,0.37053,0.59949,0.34652,0.10411,0.066372,0.10731,0.011395,0.021759,0.068885,0.02938,0.10058,0.46445,0.52234,0.69105,0.42086,0.10448,0.014302,0.0031392,0.003211,4.637e-06,0.0036016,0.01156,0.014488,0.0096487,0.0094062,0.010207,8.5764e-06,9.0469e-07,1.6622e-07
2,0.35879,0.55273,0.27227,0.12996,0.15544,0.14462,0.064732,0.047168,0.059725,0.22568,0.29261,0.11227,0.12024,0.0067376,0.0077713,0.021107,0.039069,0.060444,0.016727,0.012961,0.018205,4.426e-08
2,0.42205,0.62413,0.60201,0.81818,0.29841,0.5,0.069717,0.064092,0.12564,0.25288,0.14951,0.45595,0.41309,0.32423,0.68879,0.78413,0.67861,0.17879,0.17906,0.1077,0.015391,0.010858,0.0091723,0.0046638,8.3835e-06,1.6499e-07,5.4583e-08
2,0.21725,0.31609,0.59094,0.84712,0.77042,0.89936,0.73579,0.36715,0.33493,0.3993,0.46369,0.032413,0.12727,0.054457,2.9772e-06,1.6567e-07,1.8518e-05,3.7842e-06,3.3743e-07,1.8629e-09,1.3032e-06,0.0048175,5.644e-06,1.5891e-05,4.0538e-08,2.9609e-09
2,0.82254,0.95656,0.8086,0.88586,0.88394,0.6467,0.5,0.10484,0.081536,0.26418,0.67112,0.42713,0.57756,0.21884,0.038176,0.0089207,0.0090059,0.0039291,1.0286e-05,0.0079392,4.0408e-06,4.5822e-08
2,0.42159,0.32896,0.21317,0.29269,0.10201,0.13986,0.26605,0.18962,0.11011,0.14131,0.15124,0.157,0.05639,0.0077523,0.010159,0.0033062,1.754e-05,0.0071526,0.0071733,1.9735e-07,5.2852e-07,1.7842e-08
2,0.65252,0.44203,0.30455,0.15397,0.02946,0.12943,0.10325,0.29391,0.26158,0.22245,0.098066,0.44506,0.24991,0.4259,0.065134,0.01903,0.0028309,0.029138,0.0072235,0.0066662,0.010996,0.0045201,3.8712e-08,8.7957e-08,3.2504e-09
2,0.044035,0.11426,0.04604,0.030196,0.10509,0.49048,0.45903,0.46389,0.27931,0.1008,0.27158,0.4013,0.76313,0.77468,0.55541,0.18635,0.12862,0.0093203,0.01803,0.083559,0.031027,0.027797,0.058858,0.020612,0.0050283,2.7434e-07,5.0277e-09
3,6.9098e-08,4.1087e-08,1.2891e-07,3.2332e-07,2.2144e-07,4.5317e-08,1.7793e-06,6.6359e-07,8.883e-07,1.0372e-06,2.4224e-06,2.7435e-06,3.4197e-07,3.2093e-08,2.8828e-09,5.9922e-09,2.6478e-07,1.8179e-10
3,0.0078037,0.01072,0.0078377,0.029886,0.010293,0.0041118,8.793e-07,2.142e-08,2.7062e-08,1.1453e-07,3.6851e-07,4.1233e-07,2.0623e-06,1.1971e-06,1.045e-05,4.2886e-07,9.1853e-08,2.5744e-09,3.3385e-09
3,7.4053e-08,1.6231e-08,2.8239e-09,3.2264e-09,1.3231e-09,3.4806e-08,3.9309e-08,9.021e-09,1.9892e-08,2.6108e-07,3.3209e-09,8.1335e-09,2.0602e-06,0.0097501,0.043625,0.03198,0.010533,0.0043191,4.7554e-06,3.3168e-07,1.0638e-06,9.1764e-06,0.012354,0.0071414,0.013393,0.010709,1.2243e-06,2.8573e-07,9.0087e-06,0.0060359,8.7062e-08
3,2.0816e-06,2.4267e-06,1.6313e-08,4.8392e-08,2.1579e-07,2.0229e-07,3.818e-07,1.1466e-06,1.7846e-06,1.2855e-06,8.9668e-08,8.6216e-08,1.0615e-07,2.4839e-07,2.3252e-08,9.8804e-09,4.6501e-08,1.586e-07,3.3118e-07,6.4753e-09,7.833e-09
3,2.0772e-09,2.0022e-07,2.6383e-06,1.1304e-05,0.0063317,0.0070837,0.0084931,0.042781,0.031306,0.0061096,0.040025,0.021122,0.021253,0.010163,0.014119,0.0056936,0.0045831,1.8107e-07,0.0029716,0.010011,0.0027958,0.0053551,0.0046156,2.8667e-07,1.8586e-08,7.8164e-09,1.0994e-07,3.3191e-08,6.4989e-10
3,1.6806e-06,7.7261e-07,2.9187e-06,0.0053444,0.018361,0.020122,0.0074729,0.017294,0.011191,0.0091679,4.0967e-06,1.6637e-07,2.8078e-07,3.1766e-08,1.2374e-08,1.1094e-06,1.3305e-06,1.5953e-06,7.5771e-07,5.2107e-06,6.7219e-06,3.5081e-06,0.0059544,0.2162,0.098343,0.1155,0.053177,0.018009,0.011594,0.0041223,8.7682e-06,8.55e-06,2.0711e-06,1.1096e-07,2.2273e-07,6.2465e-07,2.9818e-07,2.1484e-07,2.188e-07
3,0.003215,0.018217,0.036176,0.028415,0.0067007,7.2036e-06,3.4162e-08,2.0498e-08,5.7706e-09,4.3082e-06,0.004414,0.0032425,1.3444e-05,0.0034819,1.6016e-07,0.0048185,0.0042958,1.0787e-05,2.0761e-06,3.3209e-06,0.0030641,0.0036978,0.0049591,0.03709,0.019448,0.010455,0.010265,0.018756,1.2476e-05,9.7331e-06,1.4302e-05,3.2964e-07,6.7198e-07,2.1594e-06,2.7307e-06,2.1974e-06,4.6383e-08,1.3957e-08,2.0219e-07,3.9424e-07,5.9469e-06,1.1483e-05,1.2899e-05,1.0092e-06,1.3103e-06,2.1565e-07,3.6755e-06,3.5249e-06,2.4664e-07,6.468e-08,1.9619e-08,3.5103e-08,5.7472e-08,8.9313e-08,2.4451e-06,4.1196e-07,6.3831e-12
3,1.809e-05,1.3089e-05,2.554e-07,0.0041057,0.0085977,0.0091644,0.0075449,1.4074e-05,5.4446e-07,5.8616e-06,0.0028417,0.0036996,1.9103e-05,2.294e-07,5.9673e-08,2.3023e-08,1.8762e-07,2.3514e-06,3.6836e-08,4.2492e-08,0.0062967,1.5028e-05,1.3818e-05,0.0048651,0.0044713,6.7281e-06,2.0391e-06,1.039e-06,0.0027673,0.014061,0.019726,0.030319,1.6068e-06,1.1526e-06,3.644e-09,2.8383e-08,3.2639e-06,1.0282e-05,0.005425,0.020442,0.072621,0.01042,0.0070381,0.0086427,0.0088857,6.1805e-06,3.3025e-06,0.014821,0.0069002,0.012858,0.075481,0.045083,3.1199e-07,2.5195e-06
3,0.045201,0.0064205,0.0056848,0.01357,0.0039941,0.0066858,0.0082817,0.0032019,0.0037861,0.010139,0.015001,1.6638e-05,0.0026294,0.0079312,0.015283,0.0092899,0.013855,0.0081163,2.5081e-06,2.3975e-06,2.2451e-06,0.010235,6.8801e-06,5.2282e-07,9.0046e-06,0.0058532,1.64e-05,1.3385e-05,5.0782e-07,1.9013e-05,1.7537e-06,0.013523,0.013306,0.018063,0.013658,0.008263,8.4038e-06,3.5716e-08,3.2879e-08
3,0.0036864,1.0452e-06,4.6688e-07,4.4503e-07,8.4597e-09,2.2718e-08,2.3495e-08,3.2611e-08,1.7235e-08,7.5015e-07,6.2191e-07,2.6274e-06,3.6237e-06,1.613e-06,3.3014e-07,5.225e-07,4.2994e-07,1.8024e-06,4.4405e-06,1.6124e-05,1.4637e-05,6.9e-08,7.5326e-08,1.3343e-06,7.6406e-06,0.0034606,4.6366e-06,2.3615e-06,5.9155e-06,5.492e-06,0.0029342,0.013708,0.016289,2.1831e-10
3,1.6457e-06,8.1159e-08,3.0126e-07,7.5047e-08,4.9383e-08,1.6974e-08,9.8995e-09,1.3273e-08,5.4887e-07,1.1436e-06,9.2876e-06,1.9875e-06,2.5833e-07,8.9226e-08,1.2151e-07,9.9289e-07,1.2335e-06,6.4765e-06,2.2475e-06,2.4209e-08,2.24e-07,5.1145e-07,2.49e-07,1.348e-07,2.4198e-07,6.4075e-08,7.5455e-07,2.023e-07,1.4189e-07,5.4772e-06,5.655e-06,3.3744e-06,0.01327,0.0035658,6.2663e-09
3,0.017281,1.2849e-06,0.0035939,9.6252e-06,9.4281e-08,4.7211e-08,3.1214e-07,3.5135e-08,1.0546e-08,5.8397e-09,3.203e-08,1.5499e-07,6.0872e-07,4.7611e-07,1.0792e-06,1.2372e-05,0.0087347,0.017887,0.017568,0.029971,0.032941,0.035957,0.025683,0.025762,1.2243e-05,0.0040261,0.0027366,0.005801,0.0027514,0.0057,0.013113,0.0090706,0.0039576,1.4075e-05,0.0038012,4.1163e-06,7.1083e-06,1.7976e-06,0.033107,0.020346,0.031835,0.087334,0.15829,0.10632,4.3342e-08
3,0.14406,0.053158,0.010634,0.0035733,0.015753,0.022555,0.017652,0.013355,0.0043216,0.003023,1.7288e-06,2.3056e-06,9.3956e-06,0.0063621,0.0045364,0.0048808,0.0035632,0.0033365,0.022632,1.2659e-05,8.2337e-07,1.3518e-07,1.6078e-08,3.706e-06,6.6891e-06,1.1656e-06,1.5409e-06,2.0087e-07,9.8554e-10,2.7864e-09,3.2321e-10,4.8163e-10,1.1981e-07,3.8259e-07,5.2169e-09
3,0.54083,0.42353,0.29602,0.13558,0.1035,0.18243,0.028163,1.0318e-06,2.3243e-06,5.6639e-07,1.6888e-06,0.0027861,0.0050267,1.2271e-05,1.454e-05,5.11e-07,2.1847e-07,1.9105e-07,4.0429e-06,3.7135e-06
3,0.05298,0.011997,0.0048968,0.0037662,0.0025432,6.1637e-06,3.6245e-06,3.589e-06,1.6068e-06,5.3896e-07,3.0368e-07,4.1148e-08,2.1893e-07,2.9711e-07,4.504e-07,3.1027e-06,3.3157e-06,3.0553e-06,1.3404e-07,3.9228e-09
3,2.5512e-06,0.0039607,0.009531,0.11616,0.1542,0.03217,0.016714,0.018341,0.0073237,0.0061764,0.004045,0.0039017,1.058e-05,0.0057951,1.1102e-07,1.1321e-06,4.7432e-06,3.5187e-06,2.7506e-06,1.0487e-05,0.0028227,0.0045039,0.0044588,0.0065296,0.1407,0.004051,0.0025842,1.2389e-06,3.5604e-07,3.0697e-09,6.6076e-07,5.2294e-07,1.2947e-06,1.4518e-06,2.7801e-06,2.4792e-07,5.0281e-07,9.6354e-06,8.0643e-06,5.4793e-06,1.477e-10
3,0.02794,0.01517,0.021038,0.15325,0.049761,0.024323,0.018496,0.011869,0.0038265,0.0033995,0.0053462,2.6339e-06,1.0171e-08,1.5785e-08,3.2188e-08,5.2633e-08,9.008e-08,3.9931e-07,3.9624e-07,1.5508e-07,2.016e-08,4.1688e-08,1.5022e-07,1.6932e-09
3,8.8575e-09,1.107e-08,9.3273e-09,2.2198e-07,1.8486e-07,1.3334e-08,2.1093e-09,7.343e-09,0.0052921,0.036135,0.067613,0.12299,0.5,0.20645,0.077004,0.013628,6.5606e-07,0.003213,0.081427,0.03549,0.12264,0.03206,0.019796,1.6205e-05,4.3566e-07,1.3206e-07,7.553e-08,1.2573e-07,3.5462e-07,7.1836e-07,2.0737e-06,0.067782,0.049466,0.016921,0.005631,0.0027839,1.2118e-10,2.205e-09,1.8906e-08,2.0368e-09
3,0.011555,0.025953,0.0073313,1.3325e-05,0.005153,0.0094847,0.01911,0.11133,0.079614,0.070119,0.066839,0.0073329,1.551e-05,6.4532e-06,0.0091541,2.9289e-06,7.6282e-06,0.0045658,0.0087178,0.0053905,1.4061e-05,3.4174e-06,5.2176e-06,0.005667,0.014481,0.025422,0.024663,0.034469,0.0043601,0.0045449,2.061e-06,5.7274e-06,1.6541e-06,5.9448e-06
3,8.203e-06,0.0053401,9.7391e-06,1.0762e-05,0.0025823,0.0061472,0.0029753,1.8133e-05,8.7156e-06,1.1506e-05,8.1462e-06,1.2044e-05,0.0030951,0.0045987,1.0387e-05,2.2517e-07,5.3086e-09,4.1069e-09,2.245e-08,5.0847e-08,1.107e-07,3.8247e-07,1.9346e-08,1.2232e-08,2.1779e-08,5.9778e-08,6.2668e-08,1.1338e-07,9.8633e-07,0.0034643,0.015826,0.010571,0.0032119,1.5113e-06,1.3875e-07,2.1086e-07,1.3572e-06,2.8305e-06,1.455e-05,6.2275e-06,1.0285e-06,3.6732e-06,1.9309e-06,1.9222e-07,5.3887e-07,2.4502e-07,4.1499e-08,1.1903e-07,1.0493e-06,5.7953e-07,3.0849e-09,4.3007e-09
3,0.0078473,0.0040687,1.7529e-05,0.0048277,0.0073999,0.014064,0.0056059,0.01363,6.6828e-07,0.007427,1.1025e-05,1.3356e-06,6.9902e-06,0.0033036,0.0039606,3.6577e-06,1.0646e-05,0.011761,6.6515e-06,3.1035e-07,8.6625e-07,0.0038305,0.0075251,0.0067463,0.0029382,0.0045301,8.5901e-06,4.509e-06,0.0029977,0.0052049,0.0047195,0.004702,0.008503,0.0047608,3.556e-06,0.0039623,7.29e-09
3,0.0027135,0.030415,0.0091051,0.016172,0.0025837,0.0047056,1.1011e-07,3.3645e-09,2.4679e-06,4.9458e-06,9.4831e-08,1.4286e-06,6.3767e-06,4.6653e-06,0.0039029,0.049656,0.011086,0.029545,0.071293,0.022174,0.0062525,0.010757,4.2907e-06,2.5306e-07,1.9304e-07,4.5985e-07,2.2265e-07,1.0177e-06,1.1203e-06,1.0305e-06,3.0831e-06,6.0103e-06,0.0053542,0.008384,1.7705e-05,0.0038051,0.0042791,0.0041839,0.0027108,0.0026305,9.7298e-06,3.4722e-06,6.7085e-06,0.09128,0.065148,0.072377,0.033363,0.01642,1.2712e-05,3.9274e-09,3.047e-08,1.3609e-06,1.8768e-06,9.423e-06,0.0031442,2.6043e-06,3.7561e-06,8.7896e-06,0.0027245,0.0067838,0.10122,0.040846,0.019104,0.018736,0.013162,0.0075529,0.0044993,0.0039939,0.0026269,0.0027969,0.0096033,0.008143,0.011441,0.009411,0.028936,1.846e-07,1.933e-08
3,0.0053482,3.7475e-06,1.9321e-08,5.2458e-09,1.3157e-07,4.9545e-06,2.1908e-07,1.1601e-06,5.4685e-06,2.8508e-07,4.2083e-06,3.7904e-06,1.1312e-06,2.2134e-08,6.1816e-10,2.0384e-08,3.4029e-08,3.3886e-07,2.9987e-07,8.274e-07,4.8487e-08,1.5518e-09,7.8063e-08,9.7967e-08,3.4586e-07,1.5779e-08,1.8303e-09,2.7739e-10,9.9571e-08,3.0448e-06,2.0352e-06,2.0798e-06,8.5555e-08,3.4719e-08,3.3431e-08,2.2947e-08,5.9576e-08,0.0033831,8.0565e-08,2.2021e-07,3.9334e-09
3,1.1993e-06,3.4381e-07,1.025e-06,4.5287e-07,3.7448e-06,7.1153e-06,5.1501e-06,3.0835e-06,3.9738e-06,1.4075e-05,0.0025311,0.008054,0.0057808,7.6816e-06,1.2952e-05,1.602e-05,9.8582e-06,1.7112e-06,3.6121e-07,2.7044e-09,7.13e-08,2.311e-07,3.9335e-06,3.7188e-06,1.0934e-05,3.3501e-06,0.01147,0.011351,0.0057596,0.0054556,0.016901,0.035637,4.7625e-06,4.8476e-06,2.7579e-06,0.0066356,0.0067029,0.014671,0.029875,0.07866,0.22318,0.33767,0.24887,0.20594,0.0054982,3.6137e-06,3.9476e-08,4.3157e-08,1.2651e-07,0.006517,0.0077389,0.0069708,0.0069484,0.0046466,3.058e-06,0.015827,0.019584,0.024255,0.051752,0.008855
3,1.3404e-06,1.0942e-06,1.3434e-06,3.5894e-06,1.1729e-07,0.0033254,0.011772,0.04079,0.18124,0.21387,0.044086,0.0027937,1.1321e-07,1.802e-06,1.2258e-06,1.7724e-06,8.2095e-07,1.2099e-05,3.4749e-06,8.6289e-06,0.0036355,0.0031933,6.0789e-06,2.0021e-06,1.0785e-07,1.9244e-08,1.1815e-07,5.4423e-08,1.049e-07,1.5227e-06,6.635e-06,3.2925e-06,6.6007e-06,0.0063257,1.4819e-05,7.603e-06,7.08e-07,5.5597e-07
3,0.0081969,3.3781e-06,1.4728e-07,2.1502e-07,6.6871e-07,1.1287e-07,1.5648e-07,1.3061e-07,1.3879e-06,2.6318e-06,3.6555e-06,1.6694e-06,0.0049004,0.0037184,3.961e-06,0.0026382,0.004493,9.3932e-06,4.012e-06,0.0031976,0.0051852,1.2798e-05,8.7054e-06,2.749e-06,8.686e-07,1.57e-07,1.9855e-08,1.4043e-08,2.488e-08,4.5603e-09,4.5335e-09,2.3404e-08,1.2081e-08,4.5155e-08,6.901e-08,1.7918e-06,6.9707e-07,4.3701e-06,1.8081e-05,0.010078,0.019153,0.03026,0.017095,0.016463,8.9296e-06,0.0070933,0.005669,0.0055385,0.0081764,0.020381,0.0082993,0.0033412,1.4394e-09
3,0.0033692,1.3624e-05,5.3828e-06,2.4586e-07,4.1099e-07,2.324e-06,9.8442e-06,1.7693e-05,0.0027931,0.0036929,1.2133e-05,0.0048837,3.5348e-07,3.1288e-06,0.0029206,0.0038952,0.010676,0.010229,0.025324,0.013203,0.0034263,1.7704e-05,5.7448e-07,3.2321e-07,1.5353e-07,2.0894e-07,0.0099114,0.0051809,0.01034,0.0089798,0.015059,0.007655,2.5993e-07,3.6358e-07,1.1842e-05,0.0072371,0.0052724,4.325e-06,1.4249e-06,1.225e-06,4.4494e-06,0.0034619,5.6678e-06,2.7248e-06,4.1081e-06,6.4617e-06,0.050076,0.0036762,0.0056138,0.011646,0.0075404,0.0093471,0.010082,0.005115,0.0060005,0.025424,0.0057531,0.0092909,0.0064279,0.0098677,0.006796,5.6015e-06,1.0436e-05,0.0041219,5.7993e-06,0.0028134,0.12779,0.0044566,0.0046717,0.070709,0.0071434,0.0053925,0.0038597,8.3785e-08,6.3304e-08,2.9277e-06,7.3937e-07,0.0075397,0.0033018,0.0072061,0.0033376,0.004464,2.5724e-06,3.3693e-07,1.1515e-05,0.006229,0.07794,0.039925,0.023004,7.8381e-06
3,0.0064945,1.1953e-06,4.6886e-06,7.0531e-07,3.0325e-07,8.4205e-08,2.4334e-07,8.1815e-09,3.4311e-08,5.3514e-07,6.2105e-07,0.0031654,0.0036334,3.6993e-06,0.0040986,0.0042907,0.0029866,5.7015e-06,1.8337e-06,4.8832e-07,1.116e-06,4.3334e-06,2.0808e-07,1.7577e-07,1.534e-07,5.2583e-07,1.4759e-07,2.2164e-08,1.6286e-09,2.105e-09,6.0106e-09,1.6659e-08,1.913e-08,1.7906e-07,5.6852e-08,3.0077e-07,7.1149e-08,1.6915e-07,1.786e-07,2.1483e-07,1.0759e-07,1.1595e-07,1.3626e-07,1.0243e-08,5.0611e-07,9.8575e-07,7.6012e-06,7.5859e-06,0.0027385,1.3575e-06
3,0.38137,0.29121,0.14369,0.015219,2.3113e-08,1.084e-07,2.3779e-07,1.3668e-06,1.1428e-05,0.014228,0.026594,0.04061,0.042115,0.011682,0.0062752,0.0025598,6.0441e-07,6.3892e-07,0.00504,0.0038652,0.0053648,0.0040507,0.0062061,0.012005,0.020958,4.7244e-06,2.081e-06,2.843e-06,0.0027904,0.0051955,0.0037095,0.0029369,0.002542,0.0067164,0.01816,0.0068739,0.010819,0.024925,0.0033088,7.4241e-06,0.0036342,0.0039182,0.0038897,1.2536e-06,1.2635e-05,4.5945e-06,3.1709e-06,0.0048058,1.184e-05,3.1884e-07,2.2418e-06,0.0027603,1.5675e-06,3.8951e-08,2.2547e-07,3.415e-08,7.8463e-07,0.006294,0.0084892,0.010096,0.0163,0.012466,0.008035,0.0051048,0.0037155,0.0025367,6.5499e-06,3.7893e-08
3,0.037838,1.2011e-06,1.6755e-05,2.7988e-06,7.3063e-06,0.0033525,0.018698,3.9206e-06,7.5605e-06,0.0030459,0.0057847,0.013307,0.0042013,2.7412e-06,5.4886e-07,1.7631e-06,5.3485e-06,8.548e-06,0.0049152,0.0043305,0.0033154,0.0028883,6.1519e-06,5.2139e-06,8.7378e-06,6.4756e-06,4.7523e-07,1.0356e-06,2.4189e-06,2.3768e-06,7.3913e-06,1.1387e-06,4.9176e-08,7.7475e-08,6.8779e-07,1.1103e-07,5.3636e-07,2.0155e-06,2.1687e-07,5.8936e-09
3,0.020673,1.3682e-07,2.7392e-08,3.0999e-07,2.9784e-07,8.9942e-08,2.3455e-08,3.8803e-08,3.0832e-07,8.424e-07,1.088e-05,6.5443e-06,1.5008e-05,1.5464e-05,0.0025349,1.7957e-05,0.0049152,2.7718e-06,4.4209e-06,0.032179,0.013134,0.073845,0.019625,0.0068722,0.0083577,0.019696,0.0083926,0.0061796,0.0065699,2.0568e-06,1.2145e-08,7.731e-08,4.1384e-08,1.2203e-05,2.0118e-06,5.3262e-06,0.010972,0.017826,0.01106,7.7275e-06,1.6246e-09,4.2135e-09,2.6848e-08,2.6686e-06,7.9529e-06,0.0058373,0.0029827,0.0044727,0.12701,0.041836,0.15585,0.030395,0.041874,4.9227e-06
3,0.063779,0.003321,0.0069389,0.0036284,1.5181e-05,1.7774e-05,6.0603e-06,8.0584e-08,5.8735e-10,2.5809e-09,5.0059e-07,1.4053e-06,7.5923e-06,1.5194e-05,0.010055,0.0052612,0.0093043,8.7064e-07,7.8012e-07,1.7048e-05,0.0026191,0.0026797,0.0039627,0.0060494,1.6035e-05,1.8026e-05,0.04559,0.081564,0.047811,0.012054,0.0063064,0.0032583,2.2164e-06,0.0030427,0.025563,0.017663,0.017372,0.016991,0.011865,1.7273e-05,0.0029814,8.0019e-06,4.4883e-06,9.7324e-06,0.0027789,6.1069e-06,2.1223e-09
4,0.20154,0.12603,0.33224,0.15111,0.04002,0.054899,0.044546,0.025827,0.010507,0.010061,0.012477,0.01204,0.019908,0.029568,0.022313,0.0099717,0.0029893,3.3461e-09
4,0.043371,0.086467,0.038929,0.059789,0.047656,0.0069418,0.0068564,0.0032457,0.0040895,1.9984e-06,1.3647e-05,0.0071119,0.0058622,0.0051014,0.0065402,1.3596e-05,2.3597e-09
4,6.2592e-06,4.6282e-06,2.8534e-06,0.010391,0.017735,0.010133,0.0098676,0.0057497,0.090372,0.033143,0.012534,0.01484,0.0082222,0.0034415,0.0047719,1.5946e-05,0.0031533,5.3506e-06
4,0.034312,0.018125,0.045336,0.16853,0.11818,0.097381,0.13115,0.040961,0.016415,1.3867e-05,0.0075856,0.0045845,0.015156,0.013785,0.013169,0.0026624,2.2619e-06,5.6271e-11
4,0.22181,0.31385,0.19945,0.32486,0.036874,0.019831,0.0037236,1.5029e-05,2.7511e-06,0.0034236,0.0038576,0.0028535,0.0033247,8.0206e-06,2.1785e-07,4.0241e-11
4,0.020444,0.02017,0.13778,0.27538,0.093499,0.12608,0.15723,0.048737,0.0051756,1.5613e-05,0.010626,0.0038593,0.007114,0.023783,0.0080237,2.6242e-07
4,0.38233,0.20931,0.30897,0.23883,0.30261,0.093342,0.038491,0.041448,0.029891,0.039837,0.16076,0.14421,0.072991,0.040822,0.009099,0.00371,1.3218e-06,3.9327e-08
4,0.30582,0.23742,0.30425,0.066403,0.0081333,0.026012,0.01806,0.01101,0.0054892,8.4213e-06,2.0517e-06,3.4391e-08,2.4318e-10,3.3827e-11,8.7784e-11,5.8782e-14,4.5916e-14
4,0.037081,0.0059773,0.061186,0.069911,0.033026,0.009812,0.014509,0.03082,0.022933,0.028011,0.054127,0.0082561,1.496e-05,0.0026223,0.003269,6.1598e-07,1.8679e-07,1.1064e-08
4,0.3014,0.21854,0.20055,0.06668,8.1478e-06,0.0036499,0.0094763,0.010352,0.0043694,1.0849e-05,3.2039e-06,5.1016e-06,1.0441e-07,3.7634e-06,7.3479e-09
4,0.23387,0.064813,0.12898,0.047744,0.0079118,0.0034062,0.0040492,0.0046425,0.0030304,0.018243,0.015149,0.020957,1.2338e-05,1.3829e-05,2.5526e-07,9.7281e-10
4,1.8141e-06,1.7692e-05,6.1318e-06,0.0084809,0.044779,0.021586,0.021007,0.030824,0.03027,0.04938,0.080039,0.16897,0.036316,3.0737e-06,6.6383e-06,1.8223e-06,2.0366e-07,1.1562e-08
4,9.9521e-06,5.6463e-06,0.0045008,0.0031609,3.3381e-06,1.5425e-05,0.0030321,1.7541e-05,0.004195,0.0098414,0.021903,0.023592,0.011726,0.013711,6.2865e-06,0.003207,1.1754e-05,6.3503e-06,1.3275e-05,4.5883e-06,3.7978e-08
4,0.048228,0.018543,0.01312,0.010578,0.019983,0.02517,0.033515,0.081918,0.2406,0.1794,0.0040195,4.0333e-06,4.3248e-06,7.5838e-08,1.8158e-06,6.7178e-08
4,0.021145,0.01692,0.056099,0.021059,0.030736,0.063198,0.021002,0.019457,0.060027,0.22333,0.26829,0.27571,0.19248,0.061983,0.016022,8.0321e-06,1.2718e-05,1.6181e-06,5.7297e-07,3.2072e-07,5.203e-07
4,0.13429,0.40188,0.38837,0.28222,0.17694,0.10806,0.032926,0.10627,0.3609,0.35027,0.45827,0.29142,0.5589,0.092858,0.063506,0.043928,0.077884,0.039266,9.3352e-06,1.1253e-06,0.0027547,0.0041731,0.014417,0.033563,0.038111,0.0047755,0.0066005,0.0070981,0.0079887,0.013252,0.038801,1.6576e-06,2.9004e-09
4,0.047646,0.12634,0.14275,0.096013,0.030769,0.018298,0.04307,0.37651,0.36167,0.46728,0.35364,0.34377,0.026178,0.033148,0.027429,0.016535,0.089275,0.017639,0.0040823,0.01259,0.021274,0.018594,0.011268,0.009474,0.0056592,0.0056907,1.859e-05,0.0027473,1.2659e-05,0.0040437,1.2299e-06
4,0.0082779,0.036631,0.029211,0.14107,0.055026,0.04048,0.020009,0.041109,0.10303,0.17785,0.34348,0.17969,0.38714,0.14916,0.10078,0.2379,0.30408,0.57399,0.05952,0.010802,0.0036326,0.004924,0.0047842,0.02552,0.015884,0.007574,0.0055832,0.0036772,4.4388e-06,2.4545e-06,3.8787e-06,7.852e-08
4,0.068976,0.17339,0.35757,0.09907,0.065894,0.021111,0.033168,0.15982,0.14275,0.1236,0.12189,0.051555,0.017255,0.13342,0.42115,0.52486,0.54624,0.039811,0.036051,0.042611,0.029557,0.016306,0.063477,0.033625,0.004909,0.0045877,0.003979,0.0029092,9.5339e-06,0.0033775,1.8928e-07,3.3465e-08
4,0.13614,0.1983,0.33772,0.19917,0.034825,0.01362,0.005508,0.026143,0.047402,0.043662,0.10588,0.11309,0.080092,0.10579,0.21438,0.15888,0.20761,0.0046038,0.0047406,0.0094831,0.0041822,0.0070469,0.052642,0.049276,0.030821,0.026034,0.01105,0.0059841,0.0076581,0.0030668,2.1812e-08,4.2503e-08
4,0.48936,0.14414,0.28769,0.64064,0.59942,0.38418,0.33824,0.14542,0.11528,0.059563,0.10525,0.084697,0.034754,0.034532,0.010613,0.0069523,0.0045472,7.3596e-06,2.2925e-06,1.4221e-06,8.5744e-09
4,0.055921,0.065626,0.25085,0.16962,0.30929,0.095543,0.017531,0.016915,0.01159,0.0028097,0.0058645,0.0068039,0.0173,0.010237,0.0040337,9.8524e-06,4.7894e-06,9.5405e-07,1.2707e-09
4,0.60238,0.45345,0.68149,0.2943,0.20842,0.08946,0.016117,0.01611,0.011249,0.0057523,0.0045283,0.0026741,8.198e-06,4.8419e-06,1.0179e-06,9.1091e-07,6.0201e-08,2.0426e-07,8.9921e-09
4,0.034073,0.068752,0.2175,0.090778,0.040162,0.040309,0.015882,0.011726,0.023773,0.0086954,0.0057326,0.0040991,1.5833e-05,1.3827e-06,3.9958e-07,2.8605e-07,1.6287e-06,2.1792e-06
4,0.098161,0.018348,0.022699,0.016095,0.056098,0.14444,0.66939,0.72841,0.8503,0.75398,0.14455,0.067297,0.02898,0.052517,0.04019,0.090764,0.021075,0.011477,0.0027498,0.0027994,1.7763e-05,1.6089e-05,0.0048718,6.106e-10
4,0.11417,0.033862,0.038972,0.01714,0.0043574,0.0043744,0.092935,0.13722,0.13623,0.093796,0.044046,0.011802,0.0050813,0.0054651,0.0097931,0.0072824,0.0090703,0.0042625,0.0048594,0.0059142,0.0031133,6.3261e-06,0.0025621,3.9664e-06,2.6298e-09
4,0.32315,0.09292,0.054258,0.0061657,0.023585,0.10647,0.072133,0.084419,0.23575,0.067052,0.0067905,0.0096783,0.008301,0.023693,0.043931,0.017273,0.028609,0.0098001,0.0036217,0.0036448,1.356e-05,1.5609e-05,0.0027578,5.312e-09
4,0.079767,0.052704,0.0073621,0.004353,0.0060493,0.01319,0.38374,0.30434,0.1009,0.041094,0.017994,0.0052665,1.5468e-05,8.0508e-06,4.8349e-06,1.214e-06,1.2584e-06,6.6553e-08,7.8494e-07,3.2147e-06,7.0268e-06,7.4227e-07,7.1048e-07,1.0412e-06,1.8484e-08
4,0.0034754,5.3808e-06,0.004637,0.032991,0.039589,0.080214,0.010868,0.029739,0.16334,0.3854,0.23553,0.20861,0.10114,0.070047,0.0042333,0.0027796,1.654e-05,1.8461e-05,0.0032455,0.010785,0.019366,0.018938,0.0025341,1.7838e-05,5.8438e-06,1.0159e-06,5.6358e-06,8.6934e-07,2.7873e-07,1.128e-09
4,0.016417,0.0038006,3.3194e-07,6.5657e-06,0.0040012,0.0033466,5.2871e-06,2.759e-06,0.0067614,0.031202,0.013106,0.052213,0.039777,0.029631,0.041374,0.089072,0.030645,0.1071,0.018742,0.027149,0.011012,0.0028542,1.8652e-05,9.1208e-06,7.7243e-07,3.1094e-08,5.3998e-08
4,2.4811e-06,0.0027521,0.0039894,0.0036116,0.080406,0.14303,0.34569,0.34884,0.45826,0.43221,0.05683,0.007045,0.0070034,3.7326e-06,7.2575e-06,3.6003e-06,6.7742e-06,0.0051097,0.0057003,0.0056116,3.3873e-06,1.1965e-06,2.3014e-06,1.2506e-06,6.4637e-06,8.5079e-07,8.0671e-08,4.591e-12
4,0.091541,0.052021,0.039393,0.14964,0.11526,0.12048,0.037139,0.10474,0.10944,0.30384,0.32075,0.46411,0.5,0.47208,0.20697,0.078835,0.094414,0.14485,0.061005,0.16382,0.21407,0.21053,0.11111,0.036863,0.016207,0.0059867,0.004145,1.7888e-07,2.4788e-07,5.7806e-10
4,0.14026,0.16264,0.083755,0.11137,0.097741,0.15478,0.063705,0.058278,0.13739,0.077644,0.17797,0.10848,0.12952,0.036292,0.10233,0.02515,0.030124,0.025906,0.048451,0.033445,0.060268,0.032977,0.041558,0.022411,0.015855,0.0069107,0.0029124,3.0515e-06,6.4051e-07,1.2185e-06,8.1017e-09
4,0.32938,0.31535,0.13519,0.080803,0.075142,0.003274,0.002721,3.2617e-06,4.2542e-06,9.742e-06,3.2996e-06,7.1213e-06,0.015625,0.02325,0.0896,0.11879,0.045053,0.12526,0.073253,0.046204,0.011654,1.2047e-05,1.174e-06,1.2552e-05,7.128e-06,4.9827e-07,1.019e-06,1.8332e-07
4,0.037399,0.008689,0.008407,0.028931,0.10937,0.030395,0.23184,0.098386,0.13584,0.14467,0.22115,0.056671,0.040268,0.008134,0.0078407,0.008614,0.0052573,0.0077814,0.016562,0.0070337,0.0029863,5.3876e-06,2.4577e-06,1.1722e-06,0.0051218,1.7064e-05,0.0025616,1.3209e-05,0.0031357,7.3196e-06,1.3083e-05,9.1843e-06,0.0051882,0.0049763,2.2616e-06,1.498e-07
4,0.013475,1.5167e-06,5.1708e-06,0.040945,0.023326,9.4851e-07,0.007151,0.0029021,0.036034,0.041256,0.16062,0.19753,0.13942,0.074524,0.039817,0.011316,0.010066,0.03669,0.11073,0.1143,0.027917,0.0036533,0.014388,0.031519,0.090583,0.056132,0.16876,0.08308,0.013873,0.004956,0.0040157,0.01025,0.017274,0.0065793,0.0036137,0.0051066,6.887e-06
4,0.21279,0.018125,0.0029887,0.065767,0.073316,0.31665,0.65297,0.6441,0.5169,0.17987,0.25791,0.21006,0.12931,0.12796,0.15056,0.071244,0.10634,0.22843,0.11423,0.082269,0.045052,0.014097,0.033743,0.014598,0.036044,0.094147,0.056525,0.051936,0.045814,0.022499,0.031683,0.033438,0.026406,0.019449,0.0079237,1.1747e-05,2.1164e-06,2.9733e-11
4,0.016642,0.005193,2.4444e-06,0.0042126,1.75e-05,0.0046966,0.0074424,0.016919,0.021407,0.030031,0.038636,0.036804,0.029327,0.035741,0.0033556,0.012399,0.024582,0.024491,0.033214,0.16063,0.0079053,0.027743,0.015396,0.010648,0.0049409,0.011779,6.1867e-06,0.037801,0.03164,0.026932,0.013375,0.0097391,0.0062137,0.0059401,0.003637,2.2874e-06,9.194e-07,3.9336e-06,7.6348e-11
4,0.045087,0.039316,0.069964,0.034532,0.1673,0.053163,0.05376,0.14469,0.20024,0.03385,0.090338,0.062208,0.021105,0.014282,0.020428,4.4207e-06,0.0042098,0.0063983,0.037783,0.06075,0.062634,0.084484,0.036441,0.01964,0.0061886,4.4368e-07,1.4565e-08
4,0.058986,0.012571,0.072984,0.061067,0.031088,0.022653,0.028143,0.0078706,0.10465,0.14245,0.023611,0.25088,0.24516,0.09203,0.15254,0.25715,0.037209,0.18294,0.2854,0.1544,0.13524,0.13677,0.052783,0.018619,0.018343,0.0062785,0.0036714,3.5126e-06,1.5288e-09
4,0.29499,0.24866,0.17465,0.023661,0.027621,0.0066413,0.023713,0.021831,0.024741,0.017887,0.0089117,0.0039325,0.0048215,0.0074017,0.0112,0.002925,9.163e-06,2.1723e-06,2.8837e-06,0.0029407,4.1038e-06,1.3163e-05,1.3518e-05,0.0025794,8.0013e-07,7.4376e-08
4,0.0025543,1.3616e-05,0.0037792,0.0059549,0.011824,0.0065275,0.0063596,8.5887e-06,0.0026206,9.2087e-06,1.5805e-06,1.0028e-05,0.0037357,9.5319e-06,5.6529e-06,0.0025776,2.7096e-06,5.6102e-06,0.0035303,0.031663,0.015968,0.0025963,0.0042628,1.1011e-05,5.4385e-07,3.392e-07,6.6511e-08
4,0.023213,0.010641,0.024115,0.039812,0.037576,0.080258,0.077237,0.029885,0.065778,0.02374,0.13919,0.22183,0.18453,0.084561,4.1576e-07,1.0353e-05,3.0715e-06,5.7696e-07,2.0533e-06,5.9394e-06,4.8565e-07,4.9591e-08,3.1417e-07
4,0.01485,0.0070935,0.012529,0.018515,0.055967,0.18926,0.28946,0.55149,0.50888,0.852,0.75513,0.67637,0.27189,0.018988,5.1739e-07,4.8065e-06,3.1624e-07,3.1574e-06,9.0486e-06,2.2263e-07,9.5533e-08,1.6735e-06,5.4915e-11
4,0.064115,0.10081,0.030703,0.027073,0.064814,0.080248,0.10305,0.1754,0.15559,0.16382,0.11275,0.10427,0.06833,0.073315,0.022068,1.2658e-05,0.0039402,0.0034787,1.9041e-05,6.1627e-06,0.0028631,5.9477e-06,3.3527e-07,1.0664e-09
4,0.026967,0.089513,0.020566,0.086119,0.17341,0.18783,0.087981,0.083756,0.021772,0.034154,0.026838,0.048049,0.034019,0.0093491,0.0037489,1.9976e-07,3.8216e-08,4.6078e-06,0.0035464,1.8304e-05,0.0038109,1.621e-05,1.2859e-05,5.5215e-08
4,1.3946e-05,1.271e-05,0.0033028,0.0080676,0.021758,0.022474,0.019629,0.070508,0.078278,0.23426,0.10723,0.46369,0.27308,0.063165,1.2329e-05,0.026261,0.011728,0.0045892,0.0059997,0.011025,4.3207e-06,1.7199e-08,1.3225e-10
5,0.17651,0.050246,0.11705,0.24219,0.33629,0.61366,0.29342,0.1771,0.12445,0.2057,0.41437,0.25028,0.11741,0.042792,0.016949,0.0077826,9.0203e-07,0.0033313,0.0090449,1.7275e-05,1.5188e-05,0.0093039,4.1708e-07,3.9198e-07,5.2131e-09,1.1126e-09,2.507e-11
5,0.0043361,0.023214,0.15765,0.095078,0.12196,0.038402,0.02343,0.0037912,6.2241e-06,5.6842e-07,4.8882e-08,1.8737e-06,1.5747e-05,0.0035947,0.028565,0.055888,0.012263,0.0055509,3.1203e-08
5,4.3621e-06,3.2027e-07,1.5456e-06,4.7959e-06,0.13006,0.09696,0.026515,4.0745e-06,3.7018e-06,5.029e-06,5.9457e-06,0.016508,0.010244,0.0056067,2.7377e-07,2.7753e-08,1.8897e-06,2.6047e-06,3.6538e-06,0.0060042,0.0025213,1.534e-05,7.4021e-06,3.5202e-08
5,3.3425e-07,4.4907e-06,0.028049,0.015531,0.013647,0.045326,0.19314,0.47582,0.28907,0.43567,0.39516,0.39145,0.056095,0.035337,0.099058,0.071293,0.043268,0.085128,0.086767,0.021742,0.031458,0.036121,0.0065519,1.7144e-08,3.4429e-09
5,0.40981,0.62714,0.69947,0.23179,0.13204,0.0080532,0.10327,0.024559,0.042522,0.24189,0.15173,0.099396,0.10601,0.18157,0.020601,4.7987e-11
5,1.954e-06,4.8971e-07,6.5796e-08,1.1873e-06,0.0058302,0.009144,0.085884,0.18982,0.13478,0.028643,0.074399,0.041377,0.5,0.48355,0.44671,0.14456,0.09122,0.021958,0.0098945,0.0044084,1.2214e-05,6.9434e-06,0.0045562,0.0065734,0.004821,0.0087795,0.0056302,0.008729,0.014521,0.022381,7.6636e-06,1.4116e-05,5.9646e-07
5,0.0056859,3.1731e-07,0.005341,0.0067816,0.014086,0.13314,0.27959,0.15478,0.036117,0.029516,0.011198,0.019022,0.036022,0.085434,0.16802,0.10791,0.038604,1.5491e-05,2.1204e-06,4.6154e-06,2.9901e-06,1.1317e-09
5,4.3491e-07,8.7045e-10,6.0027e-07,0.0043241,0.051793,0.086845,0.13086,0.038633,0.0025675,4.1301e-06,0.019866,0.020146,0.024581,0.036347,0.094144,0.058319,0.077798,0.055991,0.013218,0.023389,0.055544,0.063213,0.020455,0.12186,0.15949,0.19324,0.062005,0.029079,0.014812,8.2658e-06,0.0042375,0.0066331,0.0029996,1.8007e-05,4.9263e-06,0.0026889,0.00319,0.0029339,0.0037603,0.0031677,8.643e-06,2.1983e-08
5,1.8408e-07,5.8177e-06,8.8207e-09,9.7676e-07,0.0078024,0.026495,0.12043,0.27723,0.26541,0.11863,0.27976,0.13524,0.13489,0.46486,0.40612,0.18205,0.10187,0.04714,0.10185,0.074325,0.11658,0.30461,0.20262,0.015948,0.12312,0.08239,0.041739,0.030991,0.0062992,0.018962,0.011442,0.018238,0.021049,0.02556,0.0030051,0.014621,0.023884,0.0073997,0.011619,0.010448,0.0060333,0.0079643,0.019838,0.025678,0.012047,0.0080839,0.0054372,0.015695,0.0034533,2.4648e-06,5.8074e-09,5.8228e-10
5,0.13793,0.096685,0.11736,0.11078,0.039568,0.099855,0.036172,0.011118,0.026264,0.17188,0.046058,0.02372,0.0098162,0.023089,0.044,0.018428,0.0041516,8.587e-07,0.030495,0.30519,0.21663,0.09215,0.0089092,4.7179e-06,1.3676e-06,7.8339e-06,1.0715e-05,9.0185e-06,8.2638e-06,2.7577e-07,1.6297e-07,1.4658e-07,2.2056e-07,2.3631e-08
5,1.1341e-06,2.1987e-06,0.011914,0.047024,0.08845,0.090513,0.12227,0.090535,0.044335,0.044254,0.0164,0.0074234,0.0060444,0.30499,0.16427,0.45829,0.54685,0.39086,0.13956,0.11146,0.28919,0.23055,0.16271,0.23995,0.15322,0.2253,0.55912,0.43007,0.021553,0.012473,1.4171e-05,0.0029988,0.015272,0.010802,0.003338,1.4354e-05,0.0072367,3.3717e-09
5,0.018771,0.017362,0.03664,0.021694,0.047167,0.026062,0.1075,0.21798,0.21461,0.47947,0.24018,0.14475,0.039402,0.018226,0.013449,0.01793,0.0069213,0.0070798,0.0099825,0.0046522,0.0060707,0.0046273,0.0058532,3.4203e-06
5,1.7631e-06,3.2934e-07,4.944e-09,0.003102,0.0035945,1.4044e-06,0.012641,0.0096648,0.018038,0.5201,0.4433,0.33054,0.58588,0.5,0.26148,0.027532,0.015208,0.035316,0.010335,0.013323,0.0061259,0.03766,0.010725,1.8292e-06,1.6233e-06,0.002586,6.261e-06,0.0027372,0.0042635,0.0029596,9.3292e-09
5,2.7015e-07,0.016816,0.030613,0.020755,0.067424,0.16112,0.022792,0.0029452,1.1131e-06,2.7713e-07,3.094e-06,4.3056e-06,0.014345,0.080181,0.027629,0.022633,0.032804,0.0059817,1.1452e-05,0.0053586,0.026128,0.019641,0.10067,0.12401,0.073479,0.056367,0.015459,3.2537e-06,8.193e-07,1.3005e-05,1.8493e-06,1.7063e-06,1.0017e-06,6.5909e-07,0.0027782,0.0040977,0.014105,0.052943,0.025022,0.0031597,0.0033916,0.056566,0.030926,0.071639,0.13775,0.17862,0.020096,0.011365,0.060143,0.24327,0.16516,0.52169,0.26285,0.18651,0.039939,3.6167e-08
5,0.023301,0.0065262,0.016394,0.11196,0.11831,0.61424,0.51865,0.61363,0.32449,0.19362,0.060532,0.251,0.18862,0.21371,0.21971,0.013836,1.616e-06,0.049906,0.14329,0.25953,0.16669,0.18346,0.15906,0.023633,0.048098,0.010549,0.13489,0.11868,0.014932,0.034606,0.065967,0.015065,0.023099,0.026948,0.023295,0.03221,0.1165,0.26293,0.15815,0.17806,0.034724,0.081648,0.078288,0.053866,0.057096,0.036443,0.0036535,4.1229e-07,5.7576e-07,9.5833e-08,6.5805e-09
5,0.0038256,0.0030503,0.0040355,0.0067972,0.0045489,0.013339,0.0052748,0.0034267,0.0092823,0.051759,0.06324,0.091457,0.070854,0.0027485,0.0061106,0.013949,0.017532,0.01548,0.067673,0.044426,0.012438,0.0038274,0.008179,4.2633e-06,3.7689e-07,6.5594e-07,1.9008e-06,9.1626e-09,2.7566e-08,0.0036061,0.0033974,0.053989,0.39486,0.41748,0.17468,0.16809,0.12354,0.029157,0.045593,0.016528,0.015306,0.0064368,1.7137e-05,1.2511e-06,5.0149e-07,4.0861e-11
5,0.033178,0.11214,0.08637,0.078155,0.041371,0.31372,0.30666,0.19775,0.046844,0.013422,0.015639,0.018603,0.04494,0.063592,0.051216,0.062636,0.018017,2.0611e-06,5.8353e-06,0.007068,0.025746,0.010191,0.011398,0.015932,0.042826,0.014857,0.0055455,0.0029391,0.0046809,0.058611,0.052721,0.1371,0.11688,0.05966,0.0076531,1.3949e-05,1.4119e-07,7.469e-09
5,0.27408,0.054935,0.18044,0.13558,0.26451,0.018166,0.010652,0.01738,0.016771,0.031052,0.020138,0.011138,0.014441,0.0097822,0.0095777,3.0171e-07,4.586e-07,1.1371e-05,0.0064411,0.027401,0.021547,0.081499,0.031039,0.012494,0.0046176,0.0036985,1.5868e-07
5,0.16515,0.3836,0.16012,0.15405,0.14182,0.090417,0.099484,0.062055,0.10783,0.055115,0.091967,0.15454,0.048833,0.032466,0.03755,0.034741,0.047168,0.038874,0.072088,0.22745,0.17546,0.25968,0.0071829,3.0383e-06,1.5727e-06,9.3151e-06,3.9423e-07,4.8636e-06,3.6065e-07,1.4978e-06,3.653e-08,2.9774e-10
5,0.048684,0.10237,0.21033,0.47506,0.1107,0.026764,0.011037,0.013704,0.028765,0.034118,0.38837,0.44937,0.22688,0.11964,0.2782,0.24709,0.62167,0.81671,0.87556,0.077814,0.012506,0.0058339,7.7364e-06,0.0070598,1.3044e-05,0.0061632,0.012777,3.1466e-06,2.2387e-08
6,0.016417,0.0059522,0.022069,0.28177,0.43027,0.36656,0.35298,0.1762,0.10859,0.076313,0.020492,0.047697,0.038558,0.062861,0.029894,0.010512,0.030964,0.023685,1.2825e-06
6,1.7165e-05,1.8905e-05,1.0199e-05,0.0099936,0.014366,0.069416,0.046392,0.011437,1.329e-05,1.475e-06,0.016202,0.11514,0.099646,0.82046,0.9743,0.24761,0.0054056
6,0.051352,0.090854,0.085518,0.17279,0.14602,0.12703,0.12967,0.085974,0.014172,1.7895e-05,1.088e-05,4.1788e-06,0.0044467,1.4608e-05,0.0029624,1.9156e-08
6,0.37096,0.47366,0.71387,0.31981,0.039012,0.008013,0.15784,0.076654,0.29967,0.24483,0.30878,0.12104,0.054616,0.0094958,1.8624e-06,1.8131e-07
6,9.9186e-06,0.0045559,0.016013,0.0087341,0.015691,0.14203,0.056564,0.048204,0.029009,0.053073,0.010185,0.0025866,1.8676e-06,6.0904e-06,1.6646e-06,3.2886e-09
6,0.024358,0.067012,0.37329,0.34726,0.16084,0.13338,0.17238,0.017655,1.774e-05,0.0027352,3.0562e-06,6.2698e-06,5.1405e-06,1.7108e-06,7.375e-07,9.6628e-07,2.9202e-09
6,0.02685,0.026872,0.018249,0.0077905,0.069309,0.042344,0.026551,0.013418,0.015412,0.0027092,6.4572e-08,5.1617e-09,6.0133e-10
6,0.06716,0.067286,0.078487,0.050654,0.025289,0.020097,0.0058085,1.3258e-06,7.6111e-06,0.0035834,0.0032709,0.0038439,0.0029434,0.0035671,3.4533e-09
6,0.011933,0.010914,0.0049506,0.02217,0.088128,0.072165,0.056247,0.048768,0.020216,0.064934,0.034875,0.016599,0.0082597,0.0072007,0.00525,1.2751e-08
6,0.28514,0.35464,0.1056,0.18318,0.13771,0.058618,0.024791,0.011881,0.035755,0.10688,0.030828,0.026053,0.082388,0.059125,0.0025637
6,0.42297,0.61177,0.51411,0.32698,0.27631,0.12776,0.11125,0.14213,0.21946,0.07008,0.33033,0.55202,0.66568,0.67836,0.44258,0.44545,0.18703,0.035446,0.015432,0.072131,0.13042,0.045188,0.075445,0.012845,0.012346,0.0054193,0.0081475,0.013383,0.011325,0.011787,0.0051857
6,0.024167,0.10602,0.19183,0.59555,0.53778,0.70794,0.5711,0.48691,0.3211,0.18241,0.37288,0.79676,0.8652,0.95941,0.85218,0.031979,0.021227,0.24285,0.15777,0.12465,0.069142,0.08434,0.016453,0.017285,2.1536e-06,3.3158e-09
6,0.0073419,0.0036373,0.088448,0.13356,0.026553,0.019032,0.009858,0.019853,0.023456,0.069301,0.10595,0.054304,0.194,0.29016,0.49421,0.28456,0.040511,1.8946e-08,1.1265e-05,1.6111e-05,0.0051481,0.0063293,0.0095778,0.0093225,0.0026756,7.5356e-06,9.9823e-06,1.7829e-06
6,0.099046,0.078542,0.053861,0.04959,0.042662,0.011857,0.035401,0.046393,0.02026,0.0070767,1.2899e-05,2.2638e-07,0.0038157,0.031812,0.022733,0.010391,0.027005,0.23018,0.23357,0.35317,0.41942,0.047713,0.0070074,0.10235,0.09537,0.070857,0.026737,0.024688,0.0031639,0.0056445,2.7568e-06,1.955e-06,7.3331e-09
6,0.013935,0.026707,0.0066792,0.014866,0.056304,0.063332,0.0031238,0.004814,1.6993e-06,5.2605e-08,2.8839e-06,0.0031642,0.0043515,0.0039118,7.7484e-06,0.002845
6,0.0082566,0.020762,0.2015,0.19413,0.25025,0.30655,0.69265,0.22085,0.24988,0.26566,0.099973,0.0082635,8.5253e-06,4.6349e-08,9.2482e-11
6,0.041666,0.10529,0.23856,0.36811,0.16401,0.10407,0.025558,0.011406,1.3081e-05,1.7149e-05,0.0029507,3.4841e-06,8.13e-07,8.2939e-07,2.6904e-06,5.7126e-08
6,0.27913,0.41741,0.39982,0.37076,0.16738,0.15793,0.096588,0.16235,0.15016,0.14417,0.17504,0.21105,0.073225,0.21306,0.17776,0.39529,0.46611,0.28598,0.18742,0.07893,0.0065029,0.019881,0.038197,0.026969,0.01148,0.0037865,5.4709e-06
6,1.1228e-05,7.9923e-06,1.033e-05,0.0029361,0.40577,0.6668,0.86817,0.84589,0.44009,0.19829,0.021257,0.0085357,0.013963,0.02494,0.016245,0.17993,0.047089,0.049834,0.046819,0.037372,0.0060453
6,0.012722,0.0092014,0.0046693,0.017827,0.018371,0.46432,0.76197,0.60802,0.721,0.65287,0.022615,0.0045079,0.0039103,0.0044582,0.0034004,0.02914,0.036047,0.017755,0.014419,0.013614,0.0039558,0.0086339,2.7323e-10
6,0.091979,0.083427,0.055565,0.25238,0.22379,0.32786,0.15182,0.26446,0.082307,0.34291,0.40903,0.46403,0.081498,0.029654,0.091444,0.21872,0.067565,0.19797,0.17254,0.046574,0.071966,0.030454,0.0065079,0.0035302,0.0040939,0.026526,0.091282,0.011594,0.0050828,0.0056477,3.1947e-07
6,0.0065414,0.018343,0.014115,0.016838,0.51349,0.058845,0.39108,0.27642,0.36824,0.18452,0.11889,0.030565,0.33131,0.263,0.056518,0.17219,0.097236,0.07791,0.049349,0.059373,0.08173,0.011381,5.8531e-06,0.049809,2.1568e-08
6,8.304e-08,6.2769e-07,8.9734e-08,1.2722e-05,0.0079258,0.032728,0.075806,0.16733,0.025825,0.046435,0.013299,0.0075984,0.004557,0.0048933,0.010539,0.051175,0.064848,0.010099,0.003918,0.0039815,0.0050791,9.9141e-08,3.4939e-07
6,0.040948,0.017927,0.035195,0.044925,0.062715,0.022226,0.10172,0.08312,0.065198,0.086191,0.060762,0.051137,0.2933,0.51883,0.22497,0.24893,0.12819,0.014223,0.0052993,0.021235,0.019323,0.01613,0.098628,0.047258,0.067837,0.076719,0.10817,0.076049,0.068457,0.1619,0.045455,0.0036107,1.3023e-07
6,0.044089,0.096689,0.27197,0.22177,0.099781,0.069121,0.064222,0.09787,0.14793,0.060095,0.098761,0.044535,0.056717,0.15001,0.2076,0.056022,0.20641,0.59196,0.077581,0.092875,0.084341,0.048696,0.028069,0.12483,0.19461,0.09934,0.082397,0.22046,0.18729,0.062883,0.03026,0.004545
6,1.2834e-05,0.0044714,6.7047e-06,0.01415,0.012193,0.042377,0.016299,0.013042,0.0025256,2.4365e-06,2.0154e-06,0.0093006,2.8083e-06,3.3505e-07,2.1184e-06,2.3287e-07,0.0028146,0.0090848,0.13142,0.22354,0.082204,0.0097996,0.0085107,1.0603e-06,0.0061186,5.3629e-07,3.1868e-08
6,0.0078235,0.15772,0.19421,0.19507,0.20408,0.13405,5.684e-06,0.010209,0.0064387,0.023918,0.034091,0.32294,0.23228,0.63599,0.39936,0.61614,0.56235,0.56855,0.41955,0.23599,0.13101,0.033627,4.4408e-06,0.0042753,1.0161e-06
6,0.0031502,1.2539e-05,9.0523e-06,8.9291e-06,5.8828e-06,1.8805e-06,2.8996e-06,1.662e-06,1.5368e-05,2.9085e-06,5.3701e-07,1.2028e-05,9.8275e-06,6.1593e-06,4.9114e-06,4.312e-06,6.9174e-06,4.57e-06,2.2036e-06,4.2544e-07
6,3.1089e-07,0.014854,0.075998,0.085063,0.21,0.29192,0.042161,0.14977,0.068366,0.053479,0.27463,0.60596,0.33735,0.48644,0.54496,0.3092,0.34988,0.18637,0.089163,0.006921,0.011857,0.035034,0.029433,0.0094409,0.01181,0.0035505,1.4558e-09
6,0.24625,0.35774,0.49206,0.45947,0.20285,0.27361,0.12529,0.039725,0.023985,0.21505,0.12485,0.27478,0.10979,0.10758,0.048676,0.0097847,3.7117e-07
6,0.10133,0.131,0.1309,0.36065,0.2538,0.12688,0.16063,0.20356,0.18665,0.10429,0.10944,0.066872,0.094386,0.33292,0.48077,0.5283,0.034479,0.018915,0.21182,0.1745,0.10784,0.14287,0.16834,0.01616,3.8031e-06,1.144e-06,3.9118e-08,1.1337e-08,3.8196e-08
6,0.50888,0.39976,0.52539,0.488,0.14549,0.1242,0.083709,0.11762,0.14395,0.41554,0.25144,0.25987,0.13118,0.031532,0.019403,0.064924,0.038038,0.013713,0.02805,0.010772,3.5673e-09
7,0.068587,0.02722,0.00376,0.033254,0.034259,0.015739,0.012464,0.012275,0.0069098,2.6949e-06,4.8178e-06,3.3738e-06,0.0025853,7.0579e-08,2.617e-09,6.6304e-09,8.5129e-10,2.7825e-10,3e-14
7,0.020442,0.018403,0.033252,0.034386,0.01695,1.6245e-06,6.8419e-07,2.59e-07,3.9506e-08,4.3692e-08,1.4283e-08,1.8326e-09,1.0516e-08,3.1426e-07,7.8921e-08,3.6151e-07,1.4656e-06,4.151e-06,3.1531e-06,2.1375e-07
7,0.0091136,0.048765,0.053515,0.12754,0.41499,0.34284,0.15375,0.096927,0.044259,0.023166,0.0087119,1.1449e-05,0.0067239,0.021446,0.013248,0.016776,0.027835,0.045475,0.0078152,2.5268e-09,2.4802e-11
7,0.097615,0.011034,0.030659,0.14205,0.09672,0.12887,0.0026796,0.011515,0.0090049,0.016954,0.010333,0.022646,0.036131,0.032182,0.0033311,2.8873e-06,1.8403e-09,1.3334e-08
7,0.068526,0.050269,0.018238,0.0064811,0.002619,0.005926,1.6599e-05,2.3928e-06,1.6078e-05,0.012585,0.011013,0.0065326,0.010403,1.0175e-06,2.3238e-07,1.3667e-11
7,0.35185,0.082854,0.10556,0.0087734,0.0035011,0.0058034,0.018824,0.0076598,0.011376,0.009337,0.011203,0.0029827,1.4391e-05,4.1048e-06,4.3254e-07,1.8489e-08
7,0.042057,0.01206,0.020671,0.012531,0.0065651,0.014438,0.0069186,1.0788e-05,1.6124e-07,7.2581e-08,1.9979e-06,0.0027104,1.5429e-05,2.2705e-06,2.5143e-07,9.9774e-08,1.4014e-08,1.1101e-09
7,0.069681,0.003122,0.0053456,0.034014,5.0435e-06,3.4518e-06,0.0076519,0.0093408,0.0093422,0.033692,0.039421,0.031965,0.0905,0.043014,0.018059,0.0059651,0.0069609,0.0079385,1.3364e-06,1.0649e-07,2.7175e-10
7,0.35174,0.028416,0.0042309,0.0085407,0.0066186,0.008545,0.0049545,0.0052683,0.0065142,1.3552e-05,3.1356e-07,2.3477e-07,6.7522e-07,1.0966e-07,6.9905e-08,3.296e-07
7,0.23105,0.18948,0.14069,0.029479,0.03243,0.05415,0.073742,0.033896,0.010035,0.0059897,0.0035694,0.0030651,0.0059142,0.0057807,0.01134,0.016026,0.0035706,1.4948e-07,4.5833e-08,1.1643e-07,1.6961e-08,2.573e-09,7.6892e-10
7,0.012096,0.0055345,0.01225,0.044875,0.0058523,0.0055049,0.0038735,9.5379e-06,0.0031301,0.0059821,0.0055221,0.011357,0.018908,0.0045947,1.4878e-05,6.0499e-06,9.6832e-06,8.8192e-08,5.4824e-08,9.0134e-09
7,0.18726,0.30407,0.48659,0.6322,0.24392,0.12685,0.077118,0.07151,0.13298,0.16354,0.12349,0.06197,0.10838,0.19416,0.067784,0.20442,0.15932,0.2087,0.058525,0.0045363,7.169e-07,0.0045722,1.4069e-05,7.4942e-06,0.0034775,0.020547,0.050228,0.073406,0.085514,0.077001,0.011612,0.0060118,0.0094089,0.0046149,0.0031128,0.0027071,7.6044e-07,9.9851e-08,1.017e-09
7,0.011416,0.0032672,0.012572,0.13383,0.12302,0.16073,0.03789,0.0089231,1.6825e-06,0.0045468,0.0049985,0.022218,0.038957,0.092013,0.1261,0.034575,0.26068,0.087687,0.079316,0.19686,0.55621,0.31171,0.24725,0.010871,1.7853e-05,1.8204e-05,0.019388,0.029369,0.016867,0.010474,0.036811,0.038507,0.010742,0.018307,0.029841,0.013267,0.010175,0.0071984,0.0078783,5.4488e-07,2.6829e-06,7.1738e-08
7,0.13251,0.23391,0.18273,0.096273,0.012559,0.010718,0.0059125,0.0052613,0.01357,0.010556,0.0091678,0.0028254,0.016979,0.0084308,0.0059184,1.7556e-05,1.6544e-05,0.0076895,0.017296,0.014942,9.112e-07,3.5018e-06,1.4086e-05,2.9427e-06,0.002842,0.0033308,5.0832e-06,2.0601e-06,9.6064e-07,1.8999e-06,1.7003e-06,2.5207e-06,1.8613e-06,8.6385e-10
7,0.0087631,0.0049768,0.0072584,0.0062302,8.2848e-06,2.4986e-06,1.1556e-06,1.1053e-05,5.4589e-06,0.0038201,0.0096909,0.020616,0.030009,0.011331,0.010645,0.017537,0.0085286,0.0096118,0.0028292,1.9409e-06,1.2355e-05,0.0047472,0.0026877,0.013086,0.0028349,1.0044e-05,2.9761e-07,5.3248e-07,2.6324e-07,1.9649e-07,1.6468e-07,1.5592e-06,4.695e-07,5.8999e-09
7,0.29884,0.20703,0.23001,0.061301,0.018916,0.011502,0.005382,0.010472,0.013345,0.017909,0.017734,0.017216,0.028374,0.0142,0.015354,0.034835,0.030055,0.047245,0.052631,8.4131e-06,0.0070017,0.0053811,0.0041619,0.012126,0.06072,0.060902,0.043669,0.039563,0.011611,0.011302,0.010999,0.0038232,1.3507e-05
7,0.019873,0.030692,0.028188,0.0086417,0.0067155,1.6542e-05,1.96e-06,4.5216e-08,5.9935e-06,1.1268e-05,1.2578e-06,8.266e-08,2.8234e-07,8.5599e-07,2.1216e-07,4.4659e-08,1.0728e-07,3.2764e-07,1.831e-07,1.4672e-08,5.9427e-08,1.3062e-07,2.0412e-08,1.9283e-07
7,0.46073,0.10372,0.21726,0.36297,0.087418,0.074982,0.089677,0.019419,3.6081e-06,0.023319,0.033969,0.016181,0.0091393,0.012646,0.012359,0.0045792,3.1442e-06,8.2634e-07,1.6072e-05,2.7374e-06,0.0073948,1.5437e-05,0.0031092,1.091e-05,4.5675e-06,2.9912e-11
7,0.23188,0.093802,0.027898,0.016162,0.0098032,0.0027649,0.0059562,0.011415,0.0034148,0.0033743,0.0043081,0.0026817,0.0034287,0.0025329,1.6235e-05,7.3798e-06,5.0784e-07,2.3835e-06,8.149e-06,4.1273e-09
7,0.71192,0.68178,0.74774,0.35012,0.39402,0.36496,0.078359,0.032608,0.19449,0.16773,0.098162,0.16973,0.24504,0.029498,0.026608,0.047568,0.079395,0.0063777,9.1337e-07,7.1827e-08,2.2866e-07,3.4469e-07,1.9958e-06,5.9156e-08
7,0.75657,0.61193,0.74533,0.34563,0.5,0.067694,0.032184,1.5399e-05,1.6845e-05,5.9122e-07,1.1444e-08,1.8793e-08,1.3752e-08,1.562e-08,2.8585e-08,2.9139e-08,1.591e-07,2.3316e-07,2.2329e-07,5.0235e-07,1.3208e-06,2.7238e-07,5.9822e-09
7,0.21791,0.099635,0.15526,0.013957,0.0091107,0.0033453,0.0069589,0.088657,0.094668,0.0085969,0.0028066,0.017612,0.017078,9.073e-06,1.7827e-06,1.5391e-06,0.0026756,1.9179e-05,0.0030999,0.0050387,0.0041217,0.006001,0.0030644,1.5945e-05,1.5461e-06,8.3711e-07,5.4486e-07,1.0685e-07,6.2658e-08
7,0.1644,0.14335,0.096459,0.040249,0.0044259,3.6057e-06,1.4764e-06,0.0025635,0.046531,0.15003,0.22223,0.24953,0.10035,0.17888,0.070889,0.0044369,0.0030622,0.008085,0.07492,0.0092062,0.0038348,0.0048383,5.1176e-06,3.1254e-08,3.7604e-08,3.2636e-07,1.2519e-05,0.0042341,6.2611e-06,9.3474e-07,1.6692e-05,6.8144e-06,1.1636e-06,1.5769e-06,8.1191e-08
7,0.12521,0.071015,0.021439,0.018933,0.02258,0.04903,0.025291,0.019579,0.0045042,0.0036903,1.4917e-05,0.0049005,0.012269,0.011302,0.024093,0.015321,0.010305,0.0059022,0.0033328,2.2586e-06,3.9349e-09
7,0.13195,0.16337,0.10929,0.027349,0.030662,0.022582,0.02902,0.091823,0.16711,0.14441,0.1429,0.074668,0.0074717,0.0077917,0.0062816,0.011526,2.3063e-06,1.5745e-05,3.6025e-06,7.1245e-07,6.152e-06,0.0029535,0.0036945,3.3122e-06,1.4153e-05,2.1073e-08,6.2107e-10
7,0.022375,0.0088951,1.2809e-05,0.0057381,0.010652,0.006703,0.026844,0.018482,0.0082404,0.0064215,0.0075447,0.0098865,0.0043533,0.01041,7.6279e-07,1.3925e-06,7.6293e-06,2.3113e-06,3.2999e-07,2.2505e-06,1.2769e-06,8.2507e-06,1.1765e-05,7.7666e-06,1.0376e-05,2.1249e-06,4.3795e-06,6.559e-06,6.3893e-06,1.0387e-06,4.4395e-07,1.0774e-07,1.4603e-07,2.846e-06,3.6396e-09
7,0.046693,0.088029,0.0088678,0.011255,0.0074544,0.011687,0.017045,0.011664,0.0295,0.030941,0.030232,0.025777,0.030506,0.011532,0.022732,0.027384,0.087481,0.14149,0.060901,0.035478,0.074102,0.14142,0.047926,0.025194,0.022462,0.024531,0.031659,0.048245,0.02348,0.029551,0.012284,0.0073595,9.5125e-08,6.864e-10,4.8872e-10
7,0.020294,0.023246,0.017422,0.10426,0.14156,0.0035801,0.0057598,0.028218,0.038273,0.13169,0.064366,0.0075106,5.1724e-06,1.4424e-05,0.0047539,0.0044448,0.003151,0.01169,0.0098657,0.011162,6.6584e-06,0.0032458,0.0026807,1.1432e-05,3.4371e-06,9.1415e-06,2.1221e-07
7,0.36314,0.33142,0.034024,0.044698,0.041497,0.050083,0.011275,0.0031596,0.0041501,0.006304,0.002926,1.8809e-05,1.3336e-05,0.0034557,0.0033779,5.411e-06,3.8557e-06,0.0032202,0.0067865,0.013702,0.049326,0.021297,0.032643,0.077533,0.04392,0.02567,0.040202,0.0074749,2.9386e-06,5.0908e-06,2.1333e-06,1.7064e-06,1.7146e-06,5.1926e-07,2.1337e-08,9.5236e-08,3.1741e-07,7.6995e-06
7,0.053467,0.015133,4.9315e-06,3.9549e-07,1.2134e-07,2.2695e-06,2.4046e-09,8.1745e-07,0.060274,0.022311,0.01676,0.048791,0.016721,0.037081,0.0080238,0.0031548,0.0078089,0.0056216,0.017344,0.027922,0.019306,0.0046021,3.5437e-08,3.8907e-07,1.0102e-06,0.0057652,0.015314,0.016238,0.024401,0.0079935,0.0037164,3.1668e-06,8.5852e-06,9.5454e-06,1.2235e-06,5.4172e-07,1.6887e-06,5.975e-08,1.2089e-08
7,0.036351,1.5374e-07,2.1819e-08,1.2238e-05,0.028522,0.12623,0.20657,0.37426,0.15231,0.085685,0.085307,0.039094,1.1462e-06,1.9437e-07,2.0768e-06,0.03707,0.026318,0.092224,0.35536,0.19576,0.0099338,0.013643,0.0041086,0.21999,0.11643,0.04482,0.022743,0.12069,0.012031,0.0089101,0.0062151,0.0059302,0.0052465,0.0025868,1.541e-05,2.2625e-06,1.1748e-06,6.3414e-08,2.1119e-08,1.033e-09
7,0.0034992,1.585e-05,2.5119e-06,2.8884e-06,2.1766e-06,1.9347e-06,1.2e-05,0.0033885,0.0026271,0.010533,0.023678,0.008059,0.0067521,0.0026322,0.0044401,0.0096758,0.0097167,0.0093779,0.011957,0.0046299,3.1979e-07,6.9664e-06,1.9121e-06,6.289e-07,6.2238e-07,2.7193e-07,7.9445e-10,1.1733e-06,0.017938,0.017774,0.016861,0.025361,0.007112,0.0037685,0.0037931,0.0041011,1.1568e-05,1.6867e-05,1.2516e-07,1.6849e-11
7,0.018,0.002837,6.2067e-07,5.1483e-07,1.2217e-05,1.6272e-06,0.0030226,5.7337e-06,0.0026412,2.5966e-06,4.3594e-06,0.0027196,6.7972e-06,4.3037e-06,6.5201e-06,0.0047415,1.1889e-05,5.3022e-06,7.8e-06,7.2246e-06,1.3648e-05,1.9657e-06,7.5524e-07,2.1239e-06,1.1682e-07,2.6721e-07,2.9284e-06,6.7483e-06,0.0027349,1.8586e-05,0.0041128,0.0079476,0.0051126,0.0052726,1.8214e-05,2.7468e-06,6.4606e-07,1.8731e-06,4.2874e-07
7,0.13513,0.014232,0.003429,0.0052214,0.03341,0.044094,0.0032314,0.0065194,0.0029296,0.040373,0.0146,0.021242,0.019578,0.0058871,0.01066,0.01397,0.0078386,2.074e-07,1.0251e-05,0.0058351,1.9913e-06,5.5587e-07,6.7038e-07,1.3869e-07,1.3525e-07,1.527e-06,4.1597e-07,2.2421e-06,3.4835e-06,1.7736e-06,8.5434e-06,5.4362e-06,0.0202,0.0038433,0.0049652,3.6553e-06,6.9798e-06,1.0257e-05,0.0046569,0.002643,5.0213e-06,1.7495e-06,1.4392e-07,7.8574e-08,4.0138e-08,3.358e-09
7,0.2756,0.025645,0.016196,0.011644,0.0069563,0.035501,0.0095001,0.0047769,0.0038487,0.012067,0.019252,1.2393e-05,3.9699e-06,0.0062324,0.0028527,0.0034587,0.012575,0.026367,0.016268,0.0088791,0.0073241,0.0028751,1.27e-05,1.1736e-05,3.131e-06,0.0029252,0.0041679,0.0032657,0.0044668,0.0082283,0.0045252
7,0.023089,0.024406,0.0064586,0.078421,0.055093,0.0089859,0.012436,0.058217,0.018362,0.0039964,0.011003,0.0047747,1.4875e-05,0.0070429,1.8689e-06,4.9044e-06,0.030225,0.06128,0.12877,0.16609,0.012463,0.0032194,6.2163e-07,8.5618e-08,7.3954e-07,2.5064e-07
7,0.0225,0.15954,0.064675,0.061994,0.0032259,0.016898,8.4751e-06,0.0035094,4.9028e-06,0.003858,0.011047,4.789e-07,7.479e-06,1.1488e-06,1.868e-06,5.3164e-06,0.0046244,5.0194e-06,1.4034e-06,2.8677e-06,0.0030359,0.014142,0.0042078,0.0025842,0.009349,0.014662,0.0077862,0.0035067,6.4573e-06,9.5786e-10
7,0.21826,0.087839,0.0053633,1.7874e-06,1.5157e-06,0.0081976,0.044083,0.029683,0.019018,0.016332,0.11842,0.12684,1.31e-05,0.087993,0.079986,0.097326,0.079549,0.073343,0.0099933,0.0076919,0.0025197,1.243e-06,5.6741e-08,7.4066e-08,1.1973e-07,2.0362e-07,0.0031812,0.0055118,0.009077,0.010299,0.0032998,0.0025706,1.2123e-05,1.241e-05,2.9724e-06,5.3529e-06,1.3198e-06,3.3003e-08,2.8178e-08
7,0.027916,1.8233e-06,2.1696e-06,1.2938e-06,0.0037062,0.0066423,0.0042098,0.0034113,0.010671,0.030689,0.028543,1.4375e-06,0.040761,0.028889,0.017788,0.017692,0.019136,0.017618,0.012589,9.7232e-08,7.41e-07,9.3447e-07,9.7397e-06,1.2299e-05,2.6766e-06,1.1904e-07,1.4147e-08,2.5961e-11
7,0.012198,0.026164,0.017569,0.044794,0.082332,0.11016,0.1276,0.071259,0.049666,0.034925,0.015887,0.0069268,0.0039521,0.0057136,7.0238e-07,5.3319e-07,2.2879e-06,0.002782,1.7934e-05,8.269e-06,1.6189e-05,2.7408e-06,1.5215e-05,1.5782e-08
7,0.15083,0.049317,0.035698,0.028409,0.003561,0.0087363,0.0113,0.014674,0.021583,0.01636,0.0056103,0.0058975,0.021021,0.017002,5.2229e-07,2.9622e-07,3.2576e-06,2.6259e-06,1.122e-05,8.5872e-06,1.3637e-05,7.2839e-07,3.1579e-07
7,0.19536,0.096766,0.04895,0.099011,0.088498,0.032681,0.018183,0.018741,0.021285,0.0033881,0.0027179,3.7323e-06,0.0070222,0.023951,0.12807,0.17661,0.20924,0.2885,0.329,0.23679,9.775e-08,1.6436e-06,4.1643e-08,2.8225e-08,3.2053e-08,2.7657e-06,7.3681e-07,2.394e-06,4.1771e-06,7.294e-07,2.6504e-12
