1,0.0023091,0.00063095,0.0065649,0.0081801,0.29604,0.29066,0.073671,0.098815,0.072734,0.031484,0.036605,0.02651,0.0085417,0.023698,0.016385,0.03101,0.023352,0.0078134,0.0073081
1,0.00041272,0.00014928,0.01144,0.074504,0.26678,0.091607,0.12144,0.15114,0.12981,0.072119,0.042804,0.035518,0.13022,0.24893,0.26506,0.27914,0.21862,0.026458,0.0048913
1,0.0033618,0.006915,0.062648,0.085389,0.020574,0.0095611,0.0081232,0.050952,0.056934,0.1125,0.078425,0.021661,0.0045963,0.0069897,0.00061918,0.00014133,0.018831,0.017664,0.0055863,0.024333,0.01922,0.0038522,0.026239
1,3.7082e-05,6.5375e-06,4.2337e-06,1.9295e-06,0.00050793,0.00059847,0.00056238,0.0005648,7.5875e-05,7.114e-05,1.0731e-05,1.0766e-05,2.5093e-05,0.0049682,0.010971,0.02307,0.12304,0.24305,0.059925
1,0.0045617,0.00077229,0.00075001,0.00034714,0.00058048,0.00056093,0.00075761,0.0012769,0.0049629,0.018645,0.020029,0.10897,0.39085,0.40414,0.12276,0.014828
1,7.6865e-06,1.2576e-06,8.4674e-05,0.0017043,0.0016059,0.0041509,0.0010029,0.00032068,0.00074239,0.0008031,0.0028235,0.0010223,0.0038245,0.01387,0.021118,0.072133,0.054862,0.056168,0.078661,0.1155,0.025913
1,0.0007026,3.411e-05,0.00079421,0.0012934,0.0024402,0.0017333,0.01011,0.013954,0.0038637,0.0043767,0.018988,0.066057,0.054328,0.027136,0.060467,0.13474,0.12365,0.0065922
1,0.00015585,4.6915e-06,6.0529e-05,0.0013983,0.0048943,0.00019011,0.00021465,0.00043529,0.00035141,0.00094372,0.00069241,0.0012943,0.0017121,0.014921,0.047566,0.015338,0.010564,0.024276,0.027735,0.0098861
1,0.0010522,8.2461e-06,0.011004,0.0093888,0.071,0.031855,0.086041,0.025131,0.034849,0.037183,0.060024,0.075859,0.27282,0.59398,0.52048,0.23046,0.060787
1,5.7171e-06,6.5101e-06,2.4851e-05,0.00013527,0.0010435,0.0043717,0.0032836,0.0030635,0.015254,0.012489,0.013811,0.015612,0.012197,0.0064483,0.006663,0.079168,0.07442,0.024928
1,0.00020322,0.00014246,0.00015697,0.00029989,0.00041439,0.0040836,0.0093468,0.0058477,0.028482,0.17116,0.13927,0.058744,0.01698,0.012677,0.050884,0.040507,0.011593
1,0.00097153,0.0012136,0.0017789,0.005534,0.011932,0.0061736,0.0057212,0.0099567,0.011775,0.021729,0.012449,0.0086129,0.033903,0.21257,0.002655,0.0085862
1,4.2116e-05,1.482e-05,3.0599e-05,0.00054605,0.002471,0.010432,0.047108,0.041291,0.030879,0.039891,0.027061,0.069209,0.11737,0.096621,0.11671,0.35758,0.22706,0.042678,0.01309
1,0.0064502,0.0009148,0.00074313,0.0013652,0.04647,0.2845,0.29729,0.10202,0.21051,0.147,0.31333,0.35893,0.18551,0.20277,0.23935,0.72748,0.53583,0.010245
1,0.0053228,0.0020949,0.0058626,0.0084494,0.030156,0.080584,0.096532,0.02666,0.018285,0.012829,0.014196,0.0083081,0.016994,0.021971,0.026281,0.0051127,0.0068846,0.010653,0.0026713,0.0071771,0.0066685,0.058777,0.039721,0.013388,0.0016852,0.00076589,0.00013312,0.0011966,0.0033007,0.0076167,0.025797,0.071521,0.075861,0.030835,0.0077421,0.0056147
1,0.0016669,0.00051377,0.0022769,0.0017573,0.0084687,0.019346,0.047437,0.048339,0.061017,0.024821,0.019037,0.012476,0.037376,0.03182,0.015075,0.0043076,0.0045038,0.0052633,0.16282,0.089916,0.15279,0.18913,0.20169,0.028319,0.006235,0.0072393,0.0064865,0.0097224,0.015817,0.027655,0.028015,0.04545
1,0.00087007,0.0010824,0.0027184,0.0017593,0.0037437,0.0050817,0.0061075,0.007892,0.0099049,0.055338,0.023481,0.0032678,0.0043692,0.0038375,0.0074755,0.0025541,0.0011833,0.00049406,0.0020681,0.0025833,0.001096,0.0033377,0.00082334,0.011168,0.011109,0.011386,0.0041689,0.0028721,0.00015292,0.00042134,0.00037407,0.00039783,0.0043182,0.0057304,0.017407,0.027201,0.0165,0.21638,0.18562,0.0080278
1,0.0007038,0.00031639,0.00032617,0.00013633,0.010054,0.06309,0.13348,0.19044,0.10957,0.065914,0.031752,0.024406,0.026616,0.003297,0.0069158,0.0014563,0.0028211,0.0084848,0.54425,0.1998,0.32284,0.042982,0.043481,0.0094665,0.029239,0.020152,0.030867,0.04754,0.081046,0.087647,0.054582
1,0.011658,0.015613,0.00064907,0.00015752,7.2201e-05,3.5682e-05,1.2518e-05,0.042983,0.064107,0.098444,0.026031,0.022601,0.018508,0.0090468,0.010465,0.0027088,0.0017683,0.00094641,0.014205,0.073407,0.0118,0.0020203
1,0.020904,0.0018719,0.0011185,0.00077491,8.1391e-06,1.1605e-05,5.1638e-06,0.00011651,9.4318e-05,0.0015885,0.0043916,0.0061376,0.0041039,0.0022636,0.0009555,0.0018697,0.0014192,0.0012143,0.00099438,0.0022278,0.0018396,0.0029476,0.038918,0.026832,0.0010904
1,0.0011966,0.001347,0.0013935,0.0016132,0.0040624,0.0074653,0.021498,0.091087,0.092211,0.023027,0.0052946,0.0059855,0.0068487,0.0034489,0.028571,0.0072692,0.014948,0.14939,0.045272,0.0679
1,0.0039141,0.0020253,0.0011555,0.00095869,0.0024031,0.0017083,0.0026017,0.0047019,0.0054668,0.0017041,0.0014868,0.0020781,0.00069381,0.00034895,0.00058467,0.00015929,0.00013434,0.015908,0.34812,0.10077
1,0.014711,0.013595,0.011908,0.0064406,0.014561,0.0050462,0.0020589,0.0041485,0.004432,0.0037195,0.0018741,0.0067849,0.029606,0.25196,0.27866,0.082034,0.0099773,0.00091062,0.00022981,0.00084753,0.0021212,0.013102,0.0077244,0.0028542
1,0.015731,0.0041261,0.0016763,0.0030186,0.0087668,0.014189,0.065908,0.030918,0.014271,0.016329,0.004418,0.0073145,0.0050797,0.012272,0.056769,0.16588,0.1751,0.046077,0.060104,0.10324,0.070942,0.16256,0.21086,0.098368,0.0034684
1,0.030894,0.023191,0.014187,0.06159,0.045919,0.095828,0.043427,0.0061133,0.0078662,0.0013073,0.0027878,0.0022779,0.008725,0.0027658,0.012958,0.008776,0.013641,0.0060689,0.0043257,0.024582,0.037216,0.039669,0.064191,0.12909,0.17883,0.011717
1,0.00012723,4.4691e-05,0.0004547,0.00054295,0.002066,0.0017964,0.00024094,0.00083045,0.00056082,0.0007384,0.00091063,0.0033601,0.011912,0.010879,0.0037162,0.012483,0.027651,0.025924,0.023353,0.016862,0.029968,0.11433,0.19104,0.1388,0.2688,0.1217,0.010568
1,0.01343,0.0014888,0.00071605,0.010237,0.0097264,0.016412,0.018623,0.018621,0.0056189,0.010354,0.0090129,0.037382,0.0048008,0.070134,0.06632,0.30151,0.2035,0.15009,0.077179,0.070479,0.34006,0.49251,0.52316,0.13426,0.076188
1,0.0035676,0.0030148,0.0027884,0.0089303,0.013203,0.033268,0.047243,0.03018,0.028084,0.02202,0.011653,0.0137,0.0082648,0.0015133,0.0018868,0.0037711,0.0062816,0.011225,0.0035933,0.005699,0.011828,0.045797,0.042571,0.26264,0.12685,0.055517
1,0.0016321,0.0016638,0.0024192,0.013076,0.031691,0.04358,0.057053,0.099493,0.047902,0.042899,0.01048,0.0088822,0.011942,0.028912,0.21796,0.31228,0.44189,0.19379,0.15922,0.072016,0.076314,0.048829,0.18819,0.17234,0.24816,0.28532,0.25728,0.10661,0.033698,0.015186,0.0051194,0.019811,0.032972
1,0.055777,0.028223,0.013006,0.051745,0.013724,0.0067291,0.0061028,0.0034297,0.00050124,0.00014803,8.4203e-05,7.0679e-05,0.00017594,0.0024958,0.001999,0.038962,0.10769,0.050299,0.039986,0.0094141,0.0058834,0.0093354,0.03045,0.031709,0.061242,0.085605,0.15761,0.1304,0.12611,0.10349,0.078931,0.025023,0.062037,0.11698,0.0078361
1,0.0061961,0.00099985,0.0018563,0.00077616,0.0011111,0.00028801,6.0507e-05,0.00025925,0.0015484,0.00097797,0.0016993,0.0045857,0.041991,0.0087551,0.0070463,0.040262,0.002383,0.00079469,0.00037526,3.8006e-05,4.3479e-05,0.003376,0.003909,0.0043379,0.001195,0.0013563,0.0013843,0.012377,0.023691,0.030992,0.025393
1,0.00020871,0.00016507,0.00045173,0.012506,0.0048428,0.0020842,0.005789,0.0014304,0.00055032,0.00022838,0.00014961,0.00020037,0.0012616,0.018857,0.009221,0.003638,0.0015134,0.0017672,0.0020144,0.0043093,0.017532,0.0093076,0.0075579,0.07303,0.1362,0.13258,0.10208,0.062502
1,0.0491,0.035873,0.025982,0.02171,0.012022,0.01516,0.059221,0.075588,0.041999,0.0066318,0.0066388,0.0032873,0.0090174,0.0068105,0.0023065,0.0013279,0.0039385,0.015908,0.021809,0.043639,0.059967,0.094135,0.20669,0.05209,0.068833,0.0044375,0.00057991,0.00036669,0.00020412,0.00015774,0.061249,0.1103,0.21411,0.1174,0.14694,0.024749,0.0058371,0.032719,0.0010514
1,0.00026933,0.0002345,0.0071546,0.0042375,0.0021985,0.0012929,0.0013402,0.030496,0.0066272,0.0037708,0.0023684,0.00068988,0.00072355,0.00066096,0.00021337,0.00056163,0.00020454,8.1572e-05,0.00040463,0.0026096,0.0025323,0.0010795,0.00097093,0.0003503,0.00018741,0.00017425,8.4042e-05,0.00021738,0.00011801,0.0016345,0.010605,0.063568,0.051909,0.17199,0.21514,0.33913,0.28582,0.21868,0.14,0.029698
1,0.004119,0.00087303,0.003475,0.0081841,0.0037608,0.023985,0.023401,0.099449,0.10779,0.081667,0.11451,0.25049,0.24951,0.16318,0.088491,0.10598,0.069638,0.026885,0.010616,0.0043751,0.0022446,0.003353,0.0037919,0.0023126,0.0041209,0.001346,0.0064124,0.087656,0.35064,0.20819,0.0399,0.033264,0.004216,0.0073933,0.0050522,0.022314,0.059695
1,0.0075071,0.0079203,0.0048882,0.0055836,0.0033408,0.0010973,0.00068513,0.014076,0.012779,0.0046692,0.0075343,0.0036529,0.00075024,0.0076579,0.011712,0.0024769,0.00019113,6.1365e-05,8.7401e-05,0.00026195,0.0033878,0.0019805,0.015805,0.064157,0.025446,0.038115,0.076148,0.19062,0.12004
1,0.017183,0.024667,0.01347,0.05617,0.08338,0.060954,0.052399,0.091616,0.036584,0.0075242,0.003794,0.00156,0.00015588,0.0010695,0.0019865,0.00067518,0.00039619,0.0002332,0.00053125,0.010135,0.018141,0.024603,0.036395,0.36205,0.32362,0.097256,0.11584,0.24772,0.35978,0.015104
1,0.00015881,5.3796e-05,0.00010439,0.0010484,0.00052382,0.00018772,0.0002463,2.5005e-05,0.020834,0.021078,0.10392,0.033436,0.010638,0.005236,0.011671,0.0055866,0.0033783,0.0088647,0.028773,0.041159,0.078272,0.20293,0.37457,0.27581,0.40314,0.65715,0.5803,0.023286
1,0.046322,0.00037484,0.0070365,0.0062159,0.0057065,0.0031445,0.0015672,0.00076951,0.00026017,0.0072551,0.014002,0.028401,0.084173,0.04927,0.010619,0.0025986,0.00090778,0.00021374,0.0065026,0.0020353,0.0058349,0.028356,0.030351,0.018024,0.028298,0.087087,0.090902,0.22854,0.1703,0.010952,0.002075
1,0.00028416,4.5648e-05,3.3259e-05,2.2379e-05,0.0006591,0.00046586,0.00022271,0.00043335,0.0018294,0.0050153,0.0027051,0.0020539,0.00089767,0.00071188,0.0032444,0.005774,0.14955,0.11098,0.15956,0.25139,0.11548,0.032186
1,0.0091742,0.0027341,0.0044517,0.04436,0.095303,0.058263,0.13875,0.032287,0.01037,0.022694,0.019862,0.01923,0.029367,0.0090935,0.0058689,0.0079118,0.0089297,0.013333,0.039548,0.13912,0.3274,0.080749
1,0.0057191,0.0018645,0.0054545,0.005998,0.070966,0.15784,0.076325,0.056016,0.023697,0.010381,0.0024613,0.0072582,0.00032352,0.00016767,0.00013031,0.00032728,0.0022861,0.013222,0.27706,0.26593,0.30593,0.49349,0.38876,0.10792,0.016214
2,1.4559e-05,1.8433e-06,0.00015706,0.00052664,0.066203,0.010037,0.0037672,0.0011368,8.7065e-05,3.6574e-05,4.4442e-05,2.3991e-05,0.00029921,0.0015006,0.00040414,0.00023796,0.0058117,0.0016994,0.012812
2,0.00012201,2.6875e-05,5.124e-05,0.00018103,0.0042623,0.0030136,0.0031423,0.0013648,0.0026171,0.0058573,0.0085174,0.011137,0.01584,0.038763,0.02374,0.057355
2,0.026888,0.0027424,0.0023299,0.0061828,0.016395,0.010764,0.013162,0.03126,0.0020588,0.00071003,0.00024326,0.00015023,2.4207e-05,0.00025246,0.003121,0.00069421,0.00014453,0.00030046,0.00034573,0.00021801,0.0039925,0.0080152
2,0.067563,0.0024211,0.0022958,0.0017188,0.0048038,0.0027457,0.005747,0.0073694,0.0064489,0.0042992,0.00017786,0.0001447,4.6282e-05,0.00014866,2.2831e-05,3.0319e-05,0.0013665,0.0023171,0.0022239,0.0038633,0.039689,0.11693,0.02335,0.027104
2,8.1133e-07,1e-07,2.4766e-07,1.0762e-06,0.0011799,0.000214,1.8976e-05,4.1497e-07,1e-07,1e-07,1.0768e-06,6.5566e-05,2.3112e-05,2.6266e-05,0.016872,0.017438,0.025214
2,0.0012607,0.00029673,0.00044445,0.00073737,0.0020525,0.0013035,0.0032042,0.0036795,1.9601e-05,5.0123e-06,1.1317e-06,6.7949e-07,2.5241e-07,0.00052434,0.0029206,0.0028979,0.043762,0.079731,0.0046483,0.0027465
2,0.0057532,0.0036928,0.013992,0.020626,0.017807,0.011899,0.011815,0.0041188,0.0074527,0.0041213,0.0085638,0.0028049,0.00027443,0.00014166,0.00011169,8.4221e-06,1.3077e-06,0.00031677,9.7799e-05,6.8579e-05,0.00037749,0.0090202,0.0010279,0.0081212
2,0.074455,0.045386,0.027363,0.024501,0.045936,0.014641,0.0047754,0.011184,0.0040913,0.0055481,0.0037812,0.0052765,0.0048998,0.019804,0.013189,0.044707,0.022417,0.01689,0.031823,0.022835,0.0075976
2,0.023208,0.0015368,0.0018135,0.0011715,0.00041988,0.0003812,0.00028087,0.00049437,0.00078881,0.00042308,0.019834,0.02835,0.14136,0.16636,0.017137
2,1.7289e-06,7.5193e-07,0.001487,0.00089259,0.00035666,0.00062892,0.00037193,0.0033126,0.0028977,0.0022082,0.0082396,0.0082586,0.064199,0.082998,0.19481,0.21566,0.056604
2,0.00077894,0.00010849,0.00099297,0.0012607,0.00030093,0.0015935,0.0024049,0.0002422,0.00086948,0.00046645,0.00052862,0.00021245,0.00074715,0.0054117,0.062292,0.020527,0.011851,0.026927,0.019824,0.045788,0.022262,0.014464
2,9.1263e-05,5.3834e-05,2.342e-05,1.7377e-05,3.6933e-06,1.7737e-05,1.0533e-05,4.5997e-05,6.2094e-05,0.014674,0.0070267,0.011345,0.01344,0.11449,0.0067573
2,2.7601e-05,2.2646e-06,0.0014102,0.0023629,0.0024833,0.0010451,0.00084565,0.00047983,0.00077309,0.00037079,0.00079752,0.0028816,0.028955,0.085181,0.10209,0.27783,0.24145,0.079872,0.029745
2,4.0724e-05,3.3215e-06,0.00026092,0.00082354,0.00062278,0.00081359,0.00084927,0.00060278,0.00023452,0.00022532,7.0134e-05,4.0011e-05,0.00041319,8.2522e-05,7.8306e-05,0.00019185,0.00034737,0.0018631,0.00071763,0.0013921,0.011304,0.037314,0.15971,0.10267,0.0013588
2,0.0074522,0.0013927,0.00044117,1.5722e-05,9.6493e-06,0.00012913,0.00022933,0.0014679,0.0047183,0.039237,0.040201,0.040498,0.14303,0.31888,0.022859
2,0.03149,0.046054,0.060807,0.086911,0.043475,0.067734,0.0043388,0.0064633,0.00031931,9.1554e-05,8.5986e-05,0.00017882,0.00075609,0.0054857,0.0041331,0.065386,0.051498,0.028483,0.032907,0.024802,0.03281,0.023844,0.041762,0.0021587,0.00089891,0.00067912,0.0077805,0.038738,0.0011271
2,8.0924e-05,0.00011908,0.00028823,0.00056205,0.00012113,0.00026367,5.9802e-05,2.2995e-05,1.7236e-05,4.4649e-05,0.00073511,0.00029008,5.3543e-05,1.2574e-05,1.1499e-05,2.4913e-05,0.0084949,0.020185
2,1.3222e-05,7.4178e-06,4.0986e-06,4.347e-06,0.00057181,0.000943,0.0010709,0.00032214,8.5922e-05,0.00043859,0.00098695,0.00041427,0.00048051,0.0057146,0.0029915,0.00044045,0.0021895,0.015418,0.022475,0.046275,0.0059836
2,1.1288e-05,2.6616e-06,3.8892e-06,7.5609e-06,2.9885e-05,6.929e-05,0.00028958,6.0155e-05,9.4256e-05,5.8451e-05,3.7699e-05,2.1241e-05,7.1107e-06,1.455e-06,9.5745e-06,0.12093,0.27608,0.055018
2,0.010247,0.0035835,0.00073689,0.00021029,9.1311e-05,4.9702e-05,4.9963e-06,5.7219e-06,8.3346e-07,5.0187e-07,0.0043156,0.00044451,0.00022292,0.00022691,0.00025531,4.7921e-05,0.00030503,0.00016679,0.00016371,0.0026295,0.0022153,0.0016848,0.002368,0.0079823,0.11393,0.16655,0.023052
2,0.001647,0.00043199,0.00041896,0.0002234,0.00032893,0.0011121,0.00038946,0.00017515,5.2961e-05,0.00014874,0.00070003,0.00022805,7.5788e-05,0.00057654,0.42726,0.14145
2,0.0010019,0.00070614,0.00062142,0.0015148,0.0028212,0.0024859,0.0037885,0.0014362,0.00069062,0.0018435,0.0023176,0.0015968,0.0021771,0.012077,0.0067288,0.0010368,0.0010102,0.0055547,0.045541,0.069795
2,0.001752,0.001037,0.01433,0.028603,0.02054,0.03485,0.029806,0.03296,0.069399,0.059391,0.066819,0.028018,0.035686,0.0087873,0.010599,0.013555,0.014271,0.010449,0.011677,0.0046661,0.018141,0.084305,0.030542,0.028639,0.010283,0.0093668,0.0021778,0.0024395,0.0012131,0.0011814,0.0016082,0.0027924,0.0086667,0.0033154,0.0010655
2,0.00067189,0.0018142,0.0017111,0.0001387,0.00049543,0.0041299,0.0021268,0.006526,0.0057457,0.00072317,7.0743e-05,3.1503e-05,9.2262e-05,6.0857e-05,6.248e-05,0.00014795,5.4836e-05,0.018645,0.0090118,0.00054605,0.00090396,0.00063827,0.0029599,0.002576,0.013512,0.017144,0.014252,0.017719,0.059421,0.0030867
2,0.036566,0.03196,0.025298,0.015149,0.12801,0.12057,0.093122,0.21084,0.13155,0.12074,0.06473,0.071219,0.070819,0.01964,0.014717,0.018096,0.015716,0.098736,0.13104,0.086049,0.015603,0.0081797,0.013067,0.0033338,0.0099294,0.021735,0.030522,0.12346,0.014352
2,4.2752e-06,5.4003e-06,0.00010521,4.4755e-05,0.00014275,0.0007314,0.000549,0.00095722,0.0021235,0.0024242,0.00029215,0.0014537,0.0004074,0.00022734,0.00038198,0.00032415,0.00081405,0.014587,0.012865,0.015776,0.0021641,0.0013618,0.0010415,0.00056141,0.0010429,0.0028062,0.0039841,0.020445,0.013413,0.010253
2,0.061528,0.016209,0.047756,0.090471,0.09464,0.1131,0.14762,0.11134,0.13394,0.34053,0.29516,0.041396,0.058273,0.035749,0.026734,0.022567,0.031826,0.011835,0.0074333,0.011517,0.013148,0.0067976,0.0026701,0.0025505,0.0012261,0.0013329,0.00051752,0.0016916,0.0028972,0.005585,0.0046654,0.002958,0.0091943,0.00090002,0.0032567,0.0047036,0.0053139,0.01262
2,0.00070787,0.00013637,0.00070464,0.00072793,0.00011424,0.00056893,0.00085113,0.0034904,0.0056496,0.0025684,0.00068951,9.3e-05,1.6481e-05,2.6964e-05,0.00016256,0.00017537,0.00010309,8.998e-05,0.00014352,0.013392,0.061797,0.089685,0.029647,0.0040037,0.0029061,0.0012645,0.00031149,0.00033613,0.002081,0.0078174,0.011614,0.009469,0.14127,0.022822,0.02248
2,0.0025733,0.00045352,0.00024285,0.0027525,0.0043178,0.0097761,0.014443,0.013437,0.0017406,0.010304,0.0051873,0.0060129,0.0029526,0.0073381,0.00065468,0.0005038,0.00068469,9.4657e-05,8.7986e-05,0.0001409,0.00014967,0.00042227,0.0008891,0.00025549,0.00018383,6.97e-05,5.4735e-05,0.00013051,0.0019201,0.0013039,0.00073972,0.017281,0.05338,0.060257
2,0.12001,0.12791,0.070288,0.16228,0.17502,0.18713,0.2478,0.060714,0.031312,0.015314,0.076061,0.32991,0.37112,0.39839,0.10087,0.18418,0.021791,0.016954,0.0037994,0.0025498,0.0019238,0.00053651,0.00017422,0.0054951,0.022674,0.2889,0.22942,0.12142,0.07616,0.0098139,0.0030789,0.0073744,0.01627,0.007661,0.012531,0.0067015,0.0034601,0.0071224,0.0029253,0.010964,0.0015241
2,0.14225,0.16357,0.059564,0.019683,0.015215,0.015237,0.011083,0.0096542,0.0017645,0.0026943,0.0016015,0.00045938,0.00040182,0.0075618,0.001977,0.0032469,0.00063901,0.00052698,7.2006e-05,1.3e-05,4.0245e-05,0.028335,0.041904,0.00056259
2,0.056543,0.06914,0.026096,0.016596,0.012406,0.010041,0.011333,0.035704,0.010976,0.029084,0.0080835,0.0053732,0.0048642,0.00020694,2.2106e-05,1.163e-06,1.8156e-07,1.3507e-07,0.0018332,0.0047071
2,0.010963,0.014132,0.028241,0.042698,0.011409,0.019084,0.013094,0.0074283,0.013739,0.017799,0.028818,0.018056,0.0090328,0.0028781,0.0026566,0.00066128,0.00048204,0.00038035,0.00015455,5.8184e-05,0.013771,0.37851,0.02575
2,0.0074818,0.0063345,0.0052777,0.0026786,0.0020015,0.00024036,0.0012179,0.0023364,0.0030282,0.0031166,0.0048281,0.00098525,0.00076925,0.0006318,0.00028762,0.00019427,0.00011133,3.7345e-05,0.00019539,0.064614,0.12052
2,0.011876,0.0070753,0.0028388,0.0020998,0.0013421,0.0008688,0.0016576,0.0020248,0.0026226,0.0023148,0.00061857,0.00080537,0.00024489,3.1552e-05,1.5843e-05,2.7939e-06,3.8998e-06,2.988e-06,4.3631e-05,0.14342,0.30284,0.19084,0.054012
2,0.00096215,0.00022304,0.0031523,0.0013642,0.0025676,0.01337,0.016156,0.0073063,0.0044736,0.0049325,0.0013177,0.00019371,0.00052654,0.00025308,0.00045115,0.0013343,0.0015457,0.0024772,0.00056403,0.003955,0.14358,0.02736,0.0043418
2,0.014405,0.0076364,0.018027,0.026309,0.029311,0.03159,0.012518,0.010183,0.0068713,0.012521,0.0027164,0.0040437,0.0062315,0.0076128,0.0050446,0.0020501,0.0059282,0.0031174,0.0059059,0.13104,0.10391,0.04592
2,0.0094935,0.0013225,0.00030741,0.00015728,0.00055647,0.00085578,0.0001951,0.00016379,0.00011536,0.0038454,0.0014645,0.013383,0.012966,0.014033,0.012568,0.0032541,0.0035589,0.0016557,0.0022529,0.00075041,0.01567,0.0080512,0.0081493,0.0092998,0.0064119,0.0040278,0.1191,0.16954,0.087634,0.1837,0.37256,0.4242,0.081767
2,0.010908,0.0032306,0.0013459,0.00066502,0.0005888,0.0040687,0.012532,0.013659,0.0014474,0.00082512,0.00055829,0.00041628,0.00048981,0.014439,0.021167,0.034454,0.021008,0.097531,0.30171,0.27127,0.37708,0.20866,0.004022
2,0.0014928,0.00014606,0.00013009,0.00041488,0.00061688,0.00015316,0.0040672,0.0014905,0.0004401,0.00029069,0.00060929,0.00076046,0.0013685,0.0026324,0.0030143,0.0036607,0.0023934,0.021579,0.017566,0.014313,0.15703,0.59999,0.011619
2,0.018866,0.010414,0.0080334,0.0063908,0.01098,0.0030381,0.0070412,0.011735,0.016809,0.020645,0.11356,0.013977,0.0079863,0.003787,0.0022848,0.0018942,0.0055442,0.024108,0.01923,0.0074715,0.010109,0.001506,0.008234,0.013684,0.012043,0.025109,0.075432,0.12022,0.045914,0.0039391
2,0.00095458,0.0003696,0.0002311,0.0022297,0.001861,0.0071507,0.014042,0.0082442,0.028348,0.003407,0.010674,0.017535,0.00019433,3.4984e-05,1.2838e-05,2.3109e-05,1.0258e-05,0.00017764,0.00019026,0.00012178,0.0013393,0.0061957,0.0053998,0.028668,0.038558,0.20234,0.2371,0.0073095
2,0.17661,0.088838,0.034562,0.039664,0.073268,0.033429,0.01439,0.015071,0.021273,0.0024368,0.00060633,0.00012663,6.3487e-05,3.6225e-05,8.694e-05,0.0026633,0.00087331,0.00032186,0.00015675,0.000299,0.00016209,0.00022651,0.0013545,0.018707,0.016922,0.0012369,0.0017862,0.0077934
2,1.0535e-05,2.7282e-06,1.9049e-05,3.2977e-05,7.9363e-05,0.0016644,0.0012818,0.00041018,0.00011643,2.3253e-05,3.2769e-05,0.00060114,0.0011854,0.00086926,0.00076432,0.00070136,0.00037527,0.00032105,0.002327,0.0070262,0.0071899,0.0086464,0.011441,0.019353
2,0.061806,0.0072265,0.007879,0.0057462,0.0059595,0.0010149,0.001292,0.0036293,0.0084583,0.015084,0.01433,0.0074108,0.0028073,0.00092811,0.022068,0.15188,0.24698,0.0026028,0.0010037,0.00037789,0.00022101,7.4521e-05,0.060814,0.031342,0.024393,0.023281,0.021741,0.016729,0.017018,0.0074577,0.00093791,0.0023796
2,0.053904,0.032984,0.045223,0.073596,0.085678,0.035836,0.032484,0.041023,0.043415,0.047794,0.059744,0.025026,0.0036996,0.0028389,0.0043796,0.0048719,0.0062599,0.0030602,0.0024344,0.00042433,0.00032946,0.00016793,0.00011641,0.00022082,0.00018696,0.00094808,0.0009129,0.016144,0.0034129
2,0.0046436,0.0010103,0.00053312,0.00036207,0.0024906,0.001302,0.00088574,0.00025303,0.00041418,0.0052921,0.0026693,0.0030969,0.0009275,0.0023225,0.0013264,0.0036578,0.00010584,0.00013417,0.0001205,3.1607e-05,7.0431e-06,0.00097851,0.0055308,0.0064619,0.0045995,0.0045891,0.026754,0.01476,0.0072109,0.01336,0.054892,0.0441,0.0054411
2,0.0022009,0.00025136,4.0832e-05,2.7724e-05,0.00010815,3.9226e-05,0.00011079,0.0010961,0.004001,0.00061955,0.00025385,0.00040835,0.00017536,0.00010926,0.00035644,6.2776e-05,1.2309e-05,7.0361e-05,4.7153e-05,1.7022e-05,3.3439e-05,6.7871e-05,7.0766e-05,0.0017322,0.0051097,0.014849,0.01783,0.006562
2,0.0057527,0.0070513,0.0050244,0.01106,0.01599,0.0084876,0.0019894,0.00012911,0.00033053,0.0027696,0.025757,0.018686,0.013898,0.00088523,0.00014117,4.7867e-05,2.3487e-05,8.6094e-05,0.00022094,0.00010608,2.6351e-05,0.00074527,2.4089e-05,0.00014411,3.3873e-05,4.6103e-05,2.8793e-05,0.00095469,0.0010209,0.018217,0.018662,0.042203,0.014158,0.011415,0.011061,0.028462
2,0.062263,0.027146,0.01744,0.0098136,0.012315,0.020696,0.0089332,0.0097218,0.022053,0.14734,0.10444,0.23212,0.061518,0.02293,0.021247,0.0024212,0.00033246,4.0719e-05,6.4463e-06,1.2852e-05,8.314e-06,6.1724e-06,0.00036483,0.003204,0.0027117,0.0036764,0.0031927
2,0.010444,0.0055404,0.012805,0.021669,0.023284,0.076109,0.109,0.19365,0.22578,0.19529,0.086046,0.044305,0.043269,0.046619,0.01525,0.026307,0.030049,0.014008,0.027525,0.055285,0.038345,0.026824,0.026099,0.014779,0.018101,0.049229,0.069273,0.014368,0.00086392,0.00055108,0.00043147,0.00031562,0.003316,0.12876,0.14986,0.12684,0.082004,0.11215,0.0096337,0.0030259,0.005782
2,0.008804,0.016275,0.032313,0.030103,0.015011,0.02991,0.021018,0.012547,0.013944,0.012892,0.074911,0.042222,0.027985,0.0087841,0.022818,0.032343,0.077013,0.029632,0.014835,0.015922,0.050948,0.090518,0.10548,0.065832,0.0084852,0.00228,0.00056812,0.00041117,0.0001945,0.00021669,2.5183e-05,2.5865e-06,1.7134e-07,1e-07,1e-07,1e-07,6.2165e-06,1.438e-05,0.00049719,0.00096233,0.0045581,0.004425,0.019262,0.028625,0.0087909
2,0.00012254,8.089e-05,0.00061607,0.00034478,0.0016803,0.0015157,0.002363,0.0099276,0.010468,0.0071898,0.018904,0.030587,0.010807,0.0043399,0.0051377,0.00054924,0.0021706,0.00089033,0.0014847,0.0010136,0.00082803,0.00026496,6.1305e-05,2.426e-05,5.0384e-06,2.3931e-06,0.001322,0.0021948,0.0030178,0.0049076,0.014945,0.093761,0.061912,0.017367,0.032637,0.0065016,0.0016902,0.00016742,8.4959e-05,0.00010766,4.0013e-05,8.1307e-05,0.0051249,0.009241,0.10975,0.011231,0.0075688,0.002769,0.0025141,0.0013981,0.0053706,0.0014816
2,5.9818e-05,0.00053967,0.0040154,0.0020449,0.0016622,0.0019002,0.0052767,0.0045698,0.026901,0.017685,0.0057174,0.014928,0.010787,0.027758,0.0097731,0.0093234,0.00064843,0.0056567,0.0066768,0.010212,0.0045068,0.0026252,0.0073275,0.014005,0.0045674,0.00072965,0.00063468,0.0010939,0.0002726,0.00050988,0.012226,0.007431,0.0088662,0.0091148,0.011778,0.032894,0.04705,0.027355,0.024091
2,0.0043711,0.0027832,0.0064998,0.0029538,0.0038031,0.0033899,0.01072,0.028837,0.0090968,0.011559,0.0029243,0.00022291,4.1573e-05,3.2296e-06,9.8318e-07,1.4241e-06,7.052e-06,0.00060432,0.00044617,0.00095319,0.00059026,0.00034122,0.00061611,0.00031202,0.00020145,0.00059595,0.00065467,0.0021926,0.0068869,0.016143,0.026546,0.018242,0.023123,0.023508,0.022416,0.022731
2,0.041464,0.042329,0.014965,0.0102,0.010004,0.0091392,0.031346,0.048698,0.089227,0.089129,0.033001,0.028392,0.031294,0.037307,0.032079,0.0027168,0.0010238,0.0056997,0.0027217,0.0035067,0.0030634,0.0032877,0.00034053,0.00025086,0.00081295,0.00038397,3.2698e-05,1.4254e-05,2.1675e-05,9.8282e-06,5.0322e-06,0.019254,0.096895,0.12394,0.20858,0.17095,0.09965,0.063999,0.063647,0.077209,0.023493
2,0.010905,0.0011451,0.003278,0.0084016,0.025798,0.074063,0.035741,0.028501,0.011543,0.017091,0.020924,0.031821,0.0066188,0.0047806,0.0006956,0.0006533,0.00042943,0.00011996,0.00069189,0.005114,0.0040302,0.0076109,0.014699,0.048975,0.012047,0.0063014,0.079246,0.060074,0.0075775
2,0.11229,0.076226,0.053093,0.086762,0.020534,0.005166,0.002073,0.00068789,3.4886e-05,0.00050427,0.0021993,0.0015507,0.0032833,0.00062066,0.0010854,0.00037803,8.4998e-05,1.9782e-05,3.9776e-06,2.7882e-06,4.2498e-06,5.7985e-06,5.9618e-06,1.2548e-05,0.0077693,0.022891,0.0085455,0.025303,0.13098,0.38995,0.29289,0.018475
2,0.00088468,3.6509e-05,8.0541e-06,2.4376e-06,1.1088e-06,1.8299e-06,6.8918e-06,0.0013674,0.0018476,0.00099258,0.00039171,0.00011456,9.3822e-05,7.5506e-05,0.0043182,0.00095131,4.6288e-05,2.315e-05,6.6677e-05,0.00029172,8.174e-05,2.9813e-05,7.1613e-06,3.7603e-06,0.00023169,0.0010112,0.0021198,0.0040158,0.012854,0.03178,0.017468,0.0064421,0.098726,0.074557,0.059812,0.080472,0.23644,0.1683
2,0.00035693,0.00030083,1.7062e-05,5.5885e-06,1.4693e-05,3.6575e-06,5.2887e-07,9.9881e-06,6.1946e-05,4.6058e-05,2.8079e-05,3.4311e-06,5.4435e-05,6.0515e-05,3.3075e-05,0.00016383,0.0027693,0.0034955,0.0049649,0.019477,0.051101,0.078787,0.17296,0.15059
2,0.0096005,0.0037626,0.0067443,0.0066898,0.0039246,0.021472,0.018264,0.017828,0.018569,0.007139,0.0052579,0.0074209,0.0086237,0.010489,0.0040001,0.012566,0.0038879,0.0016308,0.00097732,7.4099e-05,1.9473e-05,4.3047e-06,8.0256e-07,1.607e-07,6.37e-07,2.4165e-06,4.431e-05,0.00070853,0.00072664,0.0010077,0.019211,0.086506
2,0.049633,0.027314,0.040514,0.1179,0.084035,0.10989,0.11222,0.06018,0.077905,0.071102,0.062443,0.1066,0.061827,0.029208,0.006896,0.0005587,7.9696e-05,8.9958e-06,1.8492e-05,3.7712e-05,2.1113e-05,4.8902e-05,0.00023576,4.0571e-05,4.3228e-05,7.184e-05,0.00012762,0.0064265,0.015023,0.057134,0.28961,0.6956,0.083943
2,0.010733,0.0027426,0.0035686,0.001605,0.001381,0.0027673,0.0016134,0.0068025,0.006691,0.0026392,0.014828,0.0062699,0.00072324,0.00068671,0.00080904,0.00025175,0.0012614,0.0037804,0.0018808,0.015084,0.009747,0.0098129,0.12301,0.19506,0.0010971
2,0.059054,0.024988,0.019979,0.0103,0.0030947,0.000995,0.00069489,0.0002432,0.00033024,0.0002291,0.00012176,9.4202e-05,4.3851e-05,5.1059e-05,0.00014074,0.0020437,0.0013234,0.0019593,0.0026873,0.0016364,0.00025744,0.00026222,0.00023421,0.00026718,0.16463,0.19899,0.14508,0.39341,0.60724,0.36055,0.3547,0.0057656
2,0.011312,0.0095078,0.019301,0.078143,0.084958,0.11671,0.087731,0.069288,0.005037,0.0060608,0.0050552,0.01701,0.03724,0.026447,0.0060945,0.0031962,0.00081471,0.00032225,0.00026221,0.00013401,0.0017916,0.001379,0.0020961,0.0098131,0.12262,0.035569,0.003021
2,0.0047374,0.0032172,0.0042202,0.0007703,0.0020901,0.0019182,0.0004142,9.5134e-05,0.00016007,9.8469e-05,5.8258e-05,0.00019149,4.6714e-05,8.9849e-05,0.00063253,0.003904,0.0050409,0.0039305,0.0038244,0.0019888,0.0016109,0.012969,0.050818,0.022244,0.075941,0.2713,0.15596,0.31315,0.057518
2,0.0021135,0.0020156,0.0039388,0.0009593,0.00055592,0.0006279,0.00027688,1.926e-05,1.8315e-05,3.8674e-05,0.0002636,9.1324e-05,4.1463e-05,1.4265e-05,1.9659e-05,1.2134e-06,0.00026923,0.00022237,5.9117e-05,4.1384e-05,0.0014344,0.0064558,0.020618,0.07749,0.048837,0.018153
2,0.00050503,0.00039458,0.00027042,0.00051683,0.00060325,0.00019532,0.000114,6.2296e-05,0.00035372,0.00027325,0.0011534,0.00026837,0.00051802,0.00052234,0.00016297,7.9827e-05,0.013764,0.048523,0.056546,0.22916,0.55583,0.047729
2,0.011836,0.0027897,0.00083868,0.00079012,0.00040534,6.4588e-05,0.00023405,8.9618e-05,0.00017299,0.0099944,0.0022917,0.0003233,0.00058372,0.0009262,0.0027802,0.019638,0.011484,0.029347,0.091225,0.036723,0.034846,0.0053716
2,0.0009331,0.00086169,0.0008178,0.00064605,0.0010757,0.00047494,7.5342e-05,8.0774e-06,1.2814e-05,2.5474e-06,1.5145e-06,0.00022488,0.00037249,0.00035153,0.00067748,0.00056794,0.00024607,0.0050257,0.013523,0.0062404,0.015948,0.11482,0.042009,0.055267,0.0023439
2,2.8593e-05,4.2892e-06,2.0943e-06,2.0789e-06,2.3275e-06,0.00015213,0.00020121,9.4115e-05,0.00022535,8.9074e-05,0.00041117,0.0017548,0.00068304,0.00010691,4.7423e-05,2.0682e-05,1.944e-05,1.7282e-05,0.00026027,0.0033521,0.0068667,0.0072589,0.0070161,0.018485,0.03816,0.24458,0.051255
3,0.048419,0.0026751,0.0088798,0.025059,0.03716,0.062216,0.15695,0.085778,0.11921,0.21086,0.16381,0.18309,0.092521,0.086811,0.073176,0.054135,0.010436,0.0048619
3,0.0063133,0.0082944,0.0092116,0.075629,0.073073,0.041122,0.06555,0.048359,0.037643,0.0088322,0.0050978,0.0066313,0.012616,0.013129,0.051455,0.069055,0.15111,0.045013,0.0022908
3,0.027763,0.01355,0.00021363,0.00056417,0.0044748,0.010501,0.014119,0.012783,0.024662,0.005496,0.0082756,0.011083,0.0075276,0.045372,0.011331,0.011217,0.0021369,0.0024796,0.0031873,0.0064505,0.0039322,0.008128,0.011396,0.0088683,0.020185,0.011707,0.0094875,0.043825,0.076199,0.060195,0.0084712
3,0.089527,0.036661,0.044806,0.10571,0.18601,0.22907,0.15689,0.096713,0.011362,0.028243,0.015607,0.010405,0.01526,0.019784,0.030075,0.026563,0.01314,0.030221,0.010252,0.0068106,0.0018505
3,0.0027232,0.0040172,0.018865,0.068689,0.020383,0.013484,0.081286,0.1199,0.18098,0.11901,0.071154,0.10895,0.093701,0.086978,0.061041,0.0090443,0.010146,0.015287,0.019962,0.0072,0.0029303
3,0.0064509,0.0011476,0.00097907,0.0012652,0.013506,0.011105,0.0054432,0.0013133,0.00041495,0.00054022,0.00036841,0.0020664,0.0043505,0.0033738,0.003462,0.0033824,0.011507,0.0074375,0.018787,0.01811,0.005658,0.0061925,0.048098,0.0063665,0.0056497,0.0054316,0.022057,0.043802,0.0084157
3,0.05577,0.038967,0.024148,0.038864,0.048437,0.012169,0.0075389,0.0074115,0.0037027,0.00295,0.0010298,0.0018081,0.0027001,0.005953,0.0084963,0.0017366,0.0018873,0.0026436,0.0029356,0.0021693,0.0033293,0.0023719,0.0020319,0.023983,0.14252,0.18302,0.08655,0.056041,0.039299,0.016855,0.018658,0.14628,0.17896,0.0248,0.020653,0.044462,0.066729,0.031283,0.003233
3,0.059719,0.01969,0.051787,0.18137,0.058684,0.05735,0.040839,0.10435,0.03292,0.030454,0.029403,0.024573,0.0060458,0.027521,0.0021195,0.0030441,0.0025654,0.0015831,0.0020114,0.0016879,0.00057078,0.00092039,0.0012108,0.00031438,0.017891,0.050172,0.048099,0.032814,0.0060622,0.0042809,0.02655,0.014632,0.036134,0.018264,0.014942,0.015813,0.12036,0.063745,0.061103,0.11647,0.26058,0.31681,0.34274,0.57533,0.50617,0.26163,0.22455,0.29572,0.12159,0.023273,0.0050883,0.0041528,0.0085669,0.013015,0.013071,0.069458,0.0096825
3,0.11435,0.074592,0.017777,0.15088,0.2309,0.21619,0.1473,0.096335,0.082713,0.11236,0.045839,0.039362,0.021725,0.0096481,0.0030103,0.002135,0.0041051,0.0036324,0.0017829,0.0014078,0.0030818,0.15671,0.21048,0.26957,0.22852,0.16521,0.12799,0.17044,0.14715,0.058393,0.088903,0.094581,0.17716,0.38909,0.060655,0.081456,0.010307,0.02103,0.068324,0.070608,0.14399,0.21069,0.27055,0.091469,0.086589,0.094005,0.089962,0.011492,0.020612,0.045233,0.0085731,0.0088783,0.0087121,0.0026654
3,0.018546,0.008675,0.0029827,0.0058033,0.0031683,0.0033317,0.0060474,0.0029801,0.0035188,0.0094947,0.007517,0.0097393,0.065358,0.038782,0.032092,0.026176,0.063676,0.033031,0.061824,0.043435,0.44101,0.40535,0.30789,0.69546,0.6938,0.19005,0.080478,0.015177,0.0016334,0.00043386,0.002065,0.025962,0.013014,0.0014648
3,0.0093957,0.00024619,0.002099,0.0046638,0.0079106,0.012505,0.0092483,0.022012,0.11324,0.073939,0.10144,0.089848,0.056377,0.034714,0.027871,0.035972,0.046742,0.064679,0.087712,0.2097,0.3092,0.45844,0.38162,0.36116,0.30742,0.096695,0.011224,0.022795,0.014085,0.017419,0.019103,0.023148,0.013199,0.014261,0.0071585
3,0.036582,0.0020882,0.00068041,0.00065344,0.0091359,0.01135,0.010143,0.0052707,0.0053678,0.0020034,0.0109,0.014688,0.023016,0.040153,0.18873,0.055533,0.062336,0.072096,0.13281,0.061305,0.041696,0.053095,0.027162,0.0083483,0.016118,0.046292,0.014761,0.011189,0.0075183,0.014981,0.041611,0.039704,0.057888,0.073041,0.046672,0.022854,0.022896,0.0021801,0.00020998,0.00010233,9.7827e-05,0.0012275,0.0009237,0.001132,0.02064
3,0.041778,0.00012864,0.0013227,0.022796,0.10572,0.080341,0.44396,0.23906,0.15539,0.11605,0.19679,0.2161,0.12168,0.069122,0.05276,0.017467,0.0058696,0.0019409,0.0050552,0.0036746,0.0040055,0.0081866,0.20375,0.34777,0.18466,0.19745,0.13845,0.083595,0.072562,0.13076,0.26626,0.29194,0.26654,0.28526,0.11064,0.057281,0.0098578,0.0023098,0.0021709,0.0022159,0.0034936,0.0021639,0.0041308,0.028152,0.082517,0.19179,0.15041,0.44809,0.21623,0.059837,0.13793,0.095011,0.057283,0.056185,0.11077,0.0056088,0.017139
3,0.015289,0.010099,0.0061635,0.0046414,0.0055052,0.0024604,0.0022661,0.010457,0.10202,0.01884,0.0041947,0.0024126,0.0027329,0.0011038,0.00046158,0.00047488,0.00076265,0.0005574,0.00084614,0.047701,0.079367,0.058821,0.10933,0.023612,0.024559,0.0084638,0.014907,0.0031697,0.0020563,0.0049722,0.0028498,0.0026445,0.035962,0.21056,0.084923
3,0.31838,0.48568,0.23385,0.27699,0.38032,0.17128,0.18097,0.43514,0.32041,0.14274,0.039488,0.018952,0.018749,0.0052117,0.0026652,0.003617,0.009435,0.022592,0.012191,0.0039958
3,0.020949,0.025458,0.032581,0.049948,0.10011,0.014766,0.0069057,0.011933,0.008487,0.0080269,0.010792,0.0054569,0.0043143,0.0026019,0.0039769,0.0046506,0.0017137,0.0029597,0.0061632,0.0077053,0.005387,0.0025615
3,0.019002,0.042422,0.040987,0.031617,0.051505,0.036428,0.0056139,0.0013368,0.0031498,0.033772,0.028048,0.013573,0.018987,0.009735,0.0075722,0.001756,0.0012668,0.00077694,0.0009394,0.00070043,0.0003368,0.00037718,0.0006327,0.00070235,0.00027348,0.0066258,0.022493,0.024154,0.031165,0.030974,0.0064625,0.0068862,0.016939,0.019147,0.0080966,0.0046715,0.0069267,0.0099511,0.042051,0.018576,0.026605
3,0.14382,0.22572,0.034626,0.035435,0.022009,0.0062285,0.0010391,0.0029423,0.0078888,0.010817,0.011736,0.011235,0.024404,0.02126,0.011838,0.01967,0.018309,0.010138,0.021702,0.0083832,0.01143,0.06387,0.28461,0.020874
3,0.0027302,0.0012022,0.0061112,0.026242,0.085652,0.038689,0.0052708,0.0068273,0.00032329,0.00048087,0.00075404,0.0025656,0.01414,0.028293,0.19684,0.080219,0.060752,0.0045902,0.0008411,0.0012267,0.0021271,0.0066936,0.011745,0.05797,0.016883,0.058233,0.10446,0.073515,0.03796,0.086061,0.065545,0.0081529,0.0034117,0.0043333,0.0026875,0.0039153,0.0060646,0.067197,0.05494,0.026713
3,0.19138,0.089861,0.028034,0.044138,0.095485,0.10964,0.029101,0.015694,0.062526,0.079553,0.040659,0.063093,0.12979,0.087103,0.0036158,0.0044081,0.0048039,0.11063,0.10421,0.12953,0.13207,0.11577,0.07861,0.18553,0.16337,0.058487,0.015666,0.023051,0.023238,0.20252,0.072127,0.18862,0.078031,0.016374
3,0.36057,0.10054,0.18607,0.052108,0.041519,0.068648,0.051094,0.031424,0.012997,0.012375,0.012267,0.0067216,0.013428,0.020375,0.050127,0.047016,0.01339,0.0095652,0.017918,0.016345,0.01394,0.0092876,0.00456,0.0044236,0.0030439,0.0025001,0.0025829,0.0037469,0.01304,0.01152,0.082479,0.29295,0.097048,0.080646,0.01818,0.01094,0.033783,0.19037,0.23047,0.12983,0.059828,0.077337,0.12871,0.14328,0.08626,0.03971,0.013586,0.013225,0.01173,0.013908,0.0045633,0.0010904
3,0.0025624,0.00024643,0.00031469,0.00070606,0.0037121,0.0091021,0.0018346,0.0018119,0.002828,0.0044338,0.0044195,0.0019521,0.001817,0.0014523,0.0010407,0.00016167,0.0008493,0.0064883,0.023621,0.036897,0.0062486,0.042036,0.016166,0.01048,0.0072643,0.0043567,0.0035708,0.0068146,0.012124,0.015499,0.012998,0.021905,0.007186,0.0045389,0.002498,0.0016946,0.0012162,0.00094874,0.0010901,0.00071418,0.0012021,0.0013821,0.0014107,0.01414,0.028207,0.061535,0.031884,0.0073701,0.0030549,0.0089491,0.0018297,0.0034317,0.0044694,0.0054455,0.0020934,0.0012564,0.00077926,0.00064288,0.00091271,0.00042815,0.0098862,0.040438,0.022322,0.031947,0.015197,0.019679,0.049383,0.19961,0.10156,0.030688,0.025759,0.0054269,0.004667,0.010885,0.011647,0.018819,0.014582
3,0.015248,0.044365,0.14515,0.080448,0.014606,0.029258,0.086811,0.031351,0.058146,0.04278,0.086546,0.10692,0.15743,0.13314,0.038346,0.011622,0.010786,0.006089,0.00086141,0.018498,0.027211,0.13724,0.075463,0.074014,0.1373,0.14556,0.16068,0.23692,0.66477,0.48826,0.42957,0.096174,0.10167,0.18153,0.044564,0.0021036
3,0.24997,0.5,0.22463,0.091097,0.060083,0.10103,0.16475,0.20484,0.28038,0.19706,0.35018,0.2743,0.22057,0.091453,0.10853,0.13098,0.18673,0.14271,0.14431,0.17751,0.28902,0.1707,0.36447,0.26659,0.27097,0.3525,0.054239,0.037295,0.025712,0.01904,0.021,0.0032178,0.0016282,0.0010847,0.0010429,0.00060287,0.00055958,0.00048114,0.00059231,0.00014036,0.00075597,0.011312,0.013741,0.028341,0.24803,0.15033,0.073554,0.27659,0.13982,0.028473,0.055225,0.12323,0.10184,0.12729,0.25897,0.10053,0.031778,0.0040112,0.0088159,0.0023238
3,0.078785,0.023943,0.041808,0.035291,0.050615,0.01252,0.0050448,0.0054284,0.0099475,0.0035434,0.00101,0.004158,0.010609,0.0092465,0.018254,0.045148,0.029231,0.033108,0.0371,0.039639,0.094315,0.095784,0.05504,0.15633,0.021896,0.023454,0.012188,0.035341,0.088686,0.063026,0.1039,0.086862,0.053148,0.026589,0.0065131,0.011007,0.0034248,0.0036343
3,0.2846,0.10829,0.29437,0.66486,0.22843,0.14687,0.3697,0.44965,0.51694,0.32068,0.37196,0.29879,0.40038,0.4237,0.45068,0.5,0.39872,0.26482,0.25261,0.16183,0.1407,0.10392,0.085389,0.033746,0.027333,0.01285,0.0050363,0.0049905,0.0055524,0.0039194,0.0058378,0.0054697,0.0028023,0.0056488,0.0068015,0.010862,0.045438,0.22249,0.4037,0.071221,0.081605,0.059669,0.019208,0.027285,0.27541,0.3017,0.32951,0.10257,0.067309,0.012318,0.012245,0.01427,0.0096425
3,0.0090412,0.0072527,0.018986,0.023592,0.034748,0.035776,0.032758,0.009286,0.021199,0.040113,0.021554,0.0147,0.019278,0.0023006,0.0014379,0.0011451,0.00079658,0.00056093,0.024971,0.10507,0.078218,0.058628,0.013384,0.012598,0.0045207,0.0045084,0.0026167,0.0042043,0.039185,0.052115,0.040618,0.021043,0.0010107,0.0024408,0.0054047,0.094868,0.12932,0.085223,0.071745,0.048938,0.012268,0.0076231,0.012651,0.0097659,0.0086935,0.0075439,0.0011443,0.0016996,0.00092625,0.0010653,0.00057805,0.00069773,0.00081651,0.0011473,0.00096508,0.0017288,0.023894,0.018071,0.010638,0.022738,0.027429,0.031469,0.011097,0.004533,0.00079333,0.0014388,0.00027477,0.00073631,0.00068696,0.00034217,0.0025026,0.0077748,0.012546,0.024482,0.018989,0.0042317,0.0015951,0.00040639,0.0014403,0.0029553,0.011169,0.06532,0.084358,0.07174,0.036536,0.019144,0.0033112,0.0034334,0.0051104,0.0025059
3,0.11901,0.16778,0.2102,0.16088,0.34738,0.20126,0.18864,0.10966,0.096741,0.094343,0.062147,0.013068,0.0039758,0.00093871,0.0015524,0.0010898,0.0014026,0.0055592,0.094847,0.17312,0.059429,0.026386,0.016255,0.011829,0.007021,0.042289,0.071774,0.15368,0.081709,0.038965,0.034559,0.068491,0.035299,0.055721,0.019547,0.016978,0.0048706,0.0010575,0.00091035,0.0010151,0.00054547,0.00072921,0.0088751,0.11396,0.079801,0.16929,0.17682,0.16962,0.16064,0.1379,0.10551,0.081465,0.1712,0.10546,0.24725,0.22097,0.1469,0.01453,0.01348
3,0.015946,0.034005,0.014064,0.013544,0.013796,0.0030602,0.0019095,0.0031772,0.005428,0.015524,0.0091005,0.0012517,0.0010074,0.00054674,0.0088412,0.013342,0.0099051,0.0027488,0.0018607,0.00060926,0.0021876,0.0055994,0.00088864,0.0017967,0.0075273,0.049131,0.01798,0.020126,0.0095875,0.017986,0.006768,0.0059063,0.011366,0.0099748,0.012579,0.017796,0.047066,0.045427,0.018432,0.016913,0.011751,0.013756,0.0086649,0.0039443,0.0096057,0.0096545,0.0085402,0.060832,0.054047,0.015165
3,0.027383,0.028034,0.029415,0.023484,0.0007323,0.0057171,0.0013144,0.00094311,0.0014902,0.052982,0.31777,0.27533,0.26894,0.073704,0.04022,0.0036582,0.0041218,0.0088214,0.060042,0.044183,0.038429,0.045049,0.030124,0.034627,0.0092783,0.0022304,0.0024452,0.0013958,0.0007027,0.00099381,0.00088209,0.00079348,0.0005042,0.019132,0.054731,0.028503,0.010882,0.0078019,0.0054716,0.0066534,0.031076,0.037622,0.034454,0.017551,0.0077699,0.0042503,0.040521,0.036148,0.047268,0.05129,0.033528,0.0096007,0.0063556,0.0090541,0.016881,0.028936,0.14768,0.10054,0.23984,0.40723,0.47444,0.6596,0.41803,0.28353,0.29966,0.23934,0.12772,0.0059197
3,0.0090751,3.0812e-05,0.0010932,0.0055481,0.024394,0.022925,0.038583,0.0047336,0.013469,0.0098236,0.020338,0.058996,0.034795,0.014963,0.0222,0.012896,0.015149,0.0079468,0.05698,0.22896,0.27128,0.23019,0.13152,0.093704,0.082604,0.044405,0.020372,0.080397,0.12198,0.1392,0.27279,0.27461,0.34261,0.34688,0.22809,0.054199,0.09012,0.054345,0.020408,0.0077378
3,0.048113,0.0087589,0.0075492,0.014417,0.024018,0.0010659,0.090978,0.11226,0.031401,0.015227,0.028989,0.036554,0.045818,0.083149,0.03929,0.021041,0.005911,0.001793,0.0025499,0.0018787,0.0014422,0.0019645,0.0023077,0.0024834,0.0011198,0.0012595,0.0014295,0.00061776,0.061128,0.064649,0.14215,0.10013,0.14359,0.16371,0.086894,0.0565,0.078616,0.0062344,0.010996,0.07503,0.042253,0.044012,0.087448,0.085727,0.060668,0.10734,0.11869,0.036194,0.0058063
3,0.0018043,0.00070415,0.0018043,0.0047286,0.0068611,0.010259,0.010178,0.040048,0.041115,0.061506,0.1268,0.14593,0.035131,0.031878,0.040274,0.12206,0.54913,0.2567,0.060937,0.0078008,0.0062995,0.00054799,0.00020429,0.00035964,0.0002643,0.0031702,0.0081987,0.025648,0.017338,0.020916,0.047463,0.096591,0.011112,0.0073785,0.0021052,0.0024317,0.0074002,0.085712,0.10998,0.085671,0.0095755,0.0075133,0.012859,0.035758,0.043311,0.063845,0.10377,0.24746,0.051651,0.022043,0.029624,0.015971,0.016991,0.03167
3,0.0088664,0.021633,0.01162,0.004322,0.0031812,0.0059528,0.003012,0.0024356,0.0072739,0.016353,0.011222,0.0021272,0.001856,0.0015231,0.0047016,0.0084076,0.0019588,0.0025846,0.0019435,0.00070516,0.00051938,0.00049487,0.00052807,0.00044507,0.00071621,0.00063444,0.044447,0.16868,0.35314,0.22451,0.14356,0.05899,0.016591,0.022653,0.068739,0.092441,0.056622,0.17103,0.17646,0.069512,0.021106,0.011436,0.01437,0.033544,0.031346,0.02563,0.062951
3,0.037746,0.0041277,0.027596,0.030209,0.016003,0.040999,0.026142,0.012166,0.0069449,0.01844,0.0045359,0.0037417,0.011812,0.0036935,0.0060683,0.0033363,0.0021644,0.0022433,0.0015616,0.00047534,0.00062475,0.00067485,0.01848,0.11486,0.20172,0.16836,0.24269,0.17272,0.21764,0.18405,0.20066,0.036536,0.018312,0.015825,0.0086652,0.014088,0.0058375,0.0034447,0.0022406
4,0.006517,0.013197,0.077004,0.41274,0.28626,0.44301,0.26444,0.26584,0.12997,0.15382,0.10986,0.09808,0.052597,0.028953,0.01254,0.018219,0.018827,0.056131
4,0.020468,0.01409,0.029094,0.081024,0.050979,0.10646,0.151,0.14422,0.084507,0.057799,0.017589,0.006631,0.0065624,0.011776,0.015895,0.012024,0.0056548,0.010544
4,0.0040323,0.006524,0.015802,0.10035,0.041789,0.13395,0.2719,0.15847,0.13394,0.085362,0.089467,0.066644,0.066143,0.12237,0.082046,0.034717,0.046035,0.025648
4,0.060508,0.074639,0.14289,0.34682,0.38863,0.2472,0.11005,0.089155,0.044467,0.021363,0.050372,0.069368,0.0928,0.23387,0.027859,0.024473
4,0.087545,0.058544,0.21117,0.28892,0.2246,0.19464,0.16376,0.11908,0.06586,0.024699,0.1037,0.050426,0.095652,0.13108,0.013707,0.0067455
4,0.10417,0.13263,0.059191,0.43255,0.35107,0.16678,0.22311,0.26492,0.37746,0.181,0.22296,0.18831,0.16259,0.077263,0.0086461,0.0064306,0.0012932
4,0.024563,0.0020456,0.036527,0.12293,0.18158,0.22107,0.20543,0.13839,0.1041,0.19508,0.25444,0.43201,0.33654,0.36694,0.1829,0.11916,0.24366,0.1928
4,0.069633,0.037302,0.038278,0.06569,0.2027,0.29678,0.12636,0.23719,0.27201,0.31374,0.16864,0.073761,0.053829,0.25939,0.34243,0.11762,0.11825
4,0.097592,0.00012071,0.00069184,0.0053296,0.011383,0.01037,0.060831,0.059754,0.17925,0.14139,0.36139,0.30715,0.16839,0.17762,0.18835,0.1122,0.068612,0.0018082
4,0.024303,0.02014,0.03895,0.036071,0.24327,0.35701,0.55506,0.47412,0.37966,0.095458,0.039464,0.09335,0.22121,0.013569,0.016896
4,0.76589,0.46354,0.39134,0.40212,0.37441,0.41647,0.42145,0.66556,0.62573,0.39997,0.27666,0.1591,0.1398,0.053639,0.029589,0.0011091
4,0.0028802,0.0030747,0.012022,0.030161,0.021876,0.015885,0.23868,0.15878,0.14416,0.14469,0.39698,0.54197,0.35117,0.34024,0.26281,0.026708
4,0.097505,0.13508,0.13837,0.054327,0.058038,0.090609,0.20172,0.20958,0.14637,0.33182,0.3038,0.48313,0.63734,0.56832,0.4229,0.15855,0.045823,0.013178,0.016789,0.005083,0.0043133
4,0.10671,0.06829,0.025379,0.095107,0.28397,0.2771,0.25804,0.33715,0.42903,0.43914,0.065621,0.015689,0.03626,0.023474,0.014496,0.002269
4,0.018594,0.0093713,0.012372,0.017676,0.035229,0.20706,0.5,0.46016,0.43639,0.4373,0.27129,0.22518,0.28174,0.37475,0.25934,0.19313,0.29487,0.59349,0.20655,0.046052,0.0059053
4,0.14256,0.082555,0.059051,0.39569,0.43491,0.23268,0.46573,0.28976,0.36199,0.57073,0.15419,0.072601,0.069331,0.089009,0.041239,0.013487,0.0052087
4,0.08706,0.55131,0.41273,0.6829,0.21447,0.21168,0.14191,0.18603,0.17823,0.25366,0.22428,0.18759,0.2613,0.24065,0.11963,0.13547,0.10206,0.22337,0.12051,0.82954,0.86269,0.58706,0.47823,0.21267,0.08472,0.16246,0.010022,0.002377,0.0026982,0.0040672,0.00085906,0.0069238,0.0079966,0.017788
4,0.095393,0.15208,0.19095,0.13161,0.29189,0.28585,0.32269,0.29302,0.46099,0.61552,0.51958,0.4368,0.50609,0.13424,0.26443,0.12597,0.07328,0.14588,0.84779,0.79795,0.82094,0.77893,0.76706,0.44021,0.2494,0.31631,0.27337,0.20186,0.24456,0.3565,0.12448,0.045093,0.071372
4,0.024983,0.049367,0.058688,0.19076,0.24848,0.1997,0.081183,0.16833,0.14233,0.23758,0.3554,0.19648,0.20368,0.21477,0.365,0.55993,0.45887,0.6252,0.60306,0.60838,0.73594,0.72822,0.76167,0.25237,0.22372,0.33673,0.083761,0.073696,0.17341,0.17467,0.036007,0.091392
4,0.21083,0.062012,0.059628,0.079182,0.094287,0.11141,0.18755,0.43619,0.33561,0.20905,0.29131,0.28895,0.10164,0.1548,0.11016,0.06026,0.20376,0.33767,0.54532,0.59123,0.39819,0.51991,0.34714,0.18161,0.078569,0.18175,0.086376,0.05169,0.089627,0.052131,0.027051,0.014583
4,0.23525,0.30011,0.21776,0.11922,0.14828,0.21942,0.059617,0.12019,0.080327,0.035957,0.025257,0.021549,0.032815,0.16675,0.066844,0.12729,0.080549,0.27069,0.31472,0.51498,0.35721,0.32012,0.21618,0.14971,0.19455,0.18136,0.10768,0.17964,0.22349,0.14616,0.031043,0.00808
4,0.088156,0.059313,0.050115,0.044418,0.080421,0.045178,0.052426,0.53932,0.35315,0.47201,0.49192,0.33999,0.25432,0.31731,0.27473,0.54268,0.3108,0.251,0.30355,0.60306,0.052298
4,0.16868,0.21428,0.10074,0.13854,0.22413,0.23992,0.39221,0.50986,0.41925,0.17431,0.10366,0.08233,0.13671,0.16723,0.21222,0.16503,0.24621,0.53172,0.1383
4,0.33913,0.13908,0.10266,0.076443,0.019514,0.058202,0.10401,0.11566,0.086413,0.093277,0.093179,0.092052,0.1553,0.34596,0.11097,0.099073,0.38534,0.050976
4,0.020168,0.005878,0.010589,0.10025,0.19086,0.15482,0.24601,0.21007,0.15735,0.39033,0.35527,0.065077,0.17168,0.12326,0.10484,0.022458,0.0044406,0.0039459,0.012268,0.22201,0.12895,0.15414,0.054089,0.0059443
4,0.24232,0.15417,0.37496,0.26597,0.24054,0.1319,0.33337,0.5513,0.57925,0.61731,0.26477,0.20195,0.094086,0.27388,0.21995,0.14053,0.19448,0.38313,0.23398,0.14704,0.067552,0.26632,0.070896,0.025958
4,0.1581,0.12111,0.099835,0.29676,0.19437,0.11461,0.24186,0.17182,0.30954,0.4598,0.73491,0.75145,0.59506,0.57277,0.27435,0.21808,0.17354,0.10702,0.12631,0.10432,0.36112,0.12145,0.020941
4,0.11838,0.16351,0.14082,0.11668,0.23275,0.052428,0.087126,0.18373,0.20049,0.35133,0.54291,0.33446,0.13029,0.14322,0.19347,0.11335,0.093207,0.045191,0.12487,0.059498,0.18391,0.19141,0.13669,0.051379,0.0091669
4,0.33576,0.11557,0.17722,0.68434,0.34621,0.19713,0.13907,0.24701,0.11664,0.052616,0.061779,0.075935,0.030604,0.015774,0.1083,0.05712,0.053291,0.070095,0.10961,0.12097,0.2485,0.16836,0.19369,0.2431,0.11884,0.055427,0.020431,0.01227,0.004324,0.003769
4,0.528,0.31829,0.45434,0.089162,0.035925,0.050194,0.11596,0.10349,0.15003,0.20021,0.45218,0.32939,0.47395,0.31748,0.40831,0.35875,0.23534,0.25143,0.37806,0.5,0.51505,0.57587,0.13295,0.10125,0.049586,0.016291,0.0016404,0.0023117
4,0.59907,0.194,0.27413,0.5,0.25933,0.093652,0.12139,0.17428,0.20646,0.21493,0.235,0.24117,0.156,0.15562,0.25422,0.35226,0.30532,0.36757,0.61628,0.75087,0.61531,0.4751,0.2294,0.2325,0.061222,0.069064,0.0096767
4,0.14213,0.05001,0.017146,0.039975,0.13289,0.084131,0.09332,0.091719,0.10596,0.032779,0.025022,0.0077112,0.0034052,0.01156,0.0067675,0.0026718,0.01009,0.011021,0.0040509,0.024573,0.026638,0.097718,0.060365,0.11534,0.05872,0.083617,0.12437,0.034637,0.019014,0.025602
4,0.11308,0.058446,0.025747,0.068806,0.11132,0.036334,0.025424,0.055522,0.14975,0.091689,0.076952,0.11775,0.14051,0.14542,0.29868,0.12513,0.12772,0.054885,0.095765,0.081571,0.12451,0.10668,0.14717,0.1152,0.13121,0.17576,0.20287,0.19433,0.22486,0.032484,0.049225
4,0.090088,0.031208,0.02003,0.03385,0.01074,0.018796,0.034433,0.099195,0.10892,0.042577,0.033723,0.15726,0.25069,0.24172,0.2841,0.24387,0.2285,0.16107,0.62341,0.63915,0.57704,0.63072,0.40646,0.18865,0.076149,0.04565,0.085761,0.012342
4,0.34254,0.27696,0.23042,0.059137,0.068112,0.064156,0.2297,0.46247,0.42783,0.31536,0.25228,0.48995,0.36077,0.15358,0.098814,0.052258,0.061048,0.098967,0.37991,0.24319,0.18631,0.15787,0.11621,0.031876,0.071959,0.030887,0.042477,0.079116,0.097586,0.16311,0.14145,0.14809,0.19859,0.042787,0.062468,0.030888
4,0.0085438,0.022918,0.2439,0.36849,0.11074,0.12894,0.34134,0.56687,0.61815,0.25423,0.3082,0.29994,0.40092,0.19251,0.54105,0.57827,0.34944,0.28993,0.24707,0.1838,0.12341,0.15264,0.13707,0.05369,0.068539,0.10293,0.077632,0.062713,0.25033,0.56707,0.40936,0.38222,0.3329,0.23587,0.048117,0.027539,0.006149
4,0.086836,0.12642,0.26319,0.16077,0.041525,0.081408,0.12194,0.39123,0.27269,0.18828,0.2703,0.17955,0.17399,0.22051,0.50705,0.31757,0.20411,0.27134,0.077205,0.018849,0.0065049,0.0068781,0.034639,0.080556,0.071492,0.088788,0.16675,0.099809,0.22814,0.51116,0.36064,0.39886,0.19137,0.17029,0.024313,0.040243,0.027011,0.030633
4,0.42205,0.34877,0.14851,0.036284,0.02648,0.038543,0.033765,0.33599,0.34839,0.056402,0.11132,0.073609,0.16716,0.1541,0.3398,0.2344,0.23681,0.38467,0.46012,0.41054,0.5,0.39147,0.26766,0.32876,0.34328,0.33655,0.15015,0.36498,0.6915,0.33749,0.46487,0.15667,0.041899,0.0085347,0.0075176,0.007377,0.0077732
4,0.15514,0.28083,0.10711,0.018104,0.0040476,0.0015904,0.00083076,0.0041431,0.39021,0.20701,0.23694,0.14209,0.20375,0.088776,0.17813,0.2595,0.45667,0.48518,0.66593,0.33214,0.29659,0.1477,0.077663,0.014656,0.0077707
4,0.1264,0.067589,0.055711,0.073482,0.043427,0.11119,0.099631,0.12743,0.23319,0.33751,0.37146,0.26251,0.088322,0.051108,0.016545,0.0019305,0.036564,0.1231,0.19014,0.30566,0.50562,0.24931,0.31249,0.27319,0.24826,0.18301,0.014534
4,0.083446,0.0025566,0.05193,0.080129,0.058265,0.042459,0.032774,0.015709,0.18289,0.3454,0.55636,0.49285,0.25858,0.14494,0.28023,0.1668,0.060027,0.1725,0.1524,0.18815,0.268,0.30671,0.45549,0.38583,0.31948,0.28436,0.21795,0.22671,0.0093937
4,0.072385,0.047963,0.096817,0.068704,0.059936,0.014776,0.021296,0.019382,0.3399,0.12843,0.13216,0.2861,0.2027,0.27147,0.16419,0.078469,0.34437,0.44506,0.32966,0.55851,0.44301,0.34269,0.25171,0.22029,0.060217,0.014916
4,0.1561,0.19402,0.52854,0.43547,0.35731,0.046144,0.046098,0.026549,0.075656,0.35145,0.79256,0.81429,0.66664,0.76956,0.85679,0.55954,0.54832,0.10049,0.074683,0.25683,0.18749,0.024555,0.0025587
4,0.11151,0.16829,0.30612,0.38634,0.34076,0.086787,0.089341,0.14431,0.2742,0.094929,0.15322,0.092321,0.061436,0.02296,0.11465,0.025519,0.2318,0.13863,0.21325,0.23643,0.087792,0.010924,0.0092763
4,0.0058312,0.0089529,0.0091678,0.06252,0.079418,0.036614,0.0232,0.03613,0.088883,0.33471,0.20675,0.4858,0.51099,0.44911,0.38325,0.62902,0.24766,0.37814,0.28521,0.16975,0.35461,0.21014,0.04716,0.02739
4,0.5,0.49484,0.46472,0.42773,0.27164,0.23437,0.21529,0.21081,0.55733,0.92353,0.96374,0.9136,0.86717,0.78632,0.28813,0.10384,0.080035,0.16753,0.31473,0.059724,0.015969,0.001854
4,0.023946,0.034344,0.02902,0.10371,0.13578,0.098958,0.10462,0.12132,0.067613,0.28345,0.79336,0.64658,0.79952,0.67911,0.88265,0.73125,0.72811,0.41891,0.36232,0.44354,0.53796,0.45104,0.28167,0.024395
5,0.019862,0.007351,0.030298,0.028445,0.2648,0.19177,0.14029,0.018757,0.010611,0.0032687,0.00068445,0.00098586,0.010446,0.022966,0.057374,0.12976,0.073051,0.013978,0.0039162
5,0.00060069,5.6157e-05,4.3427e-05,0.0020649,0.0047172,0.24662,0.060757,0.036638,0.020324,0.013973,0.0030851,0.0052491,0.0029718,0.00116,0.00012759,0.0053293,0.051239,0.057922,0.051451,0.12565,0.050353,0.010688,0.13431,0.015887
5,0.0013512,1.2736e-05,0.0075341,0.042054,0.036823,0.012863,0.018321,0.033096,0.033009,0.018567,0.026032,0.023415,0.099175,0.050383,0.03961,0.028037,0.080421,0.016498,0.01366
5,0.033008,0.0053807,0.0036236,0.0062177,0.04201,0.0436,0.12969,0.12835,0.13654,0.069457,0.025508,0.12069,0.15639,0.096321,0.26968,0.054685,0.079478,0.095421,0.094622,0.16838,0.13564,0.086303,0.045228,0.13516,0.084177,0.14194,0.17556,0.049706,0.064589,0.079225,0.021246,0.048779,0.010841
5,7.4186e-05,1.5633e-07,5.5046e-07,2.2273e-05,0.00014857,0.011684,0.03184,0.040428,0.061524,0.072957,0.025663,0.0036289,0.0043074,0.0056718,0.016224,0.078344,0.055783,0.25106,0.21317,0.10571,0.072427,0.0063708
5,0.040529,0.00016772,0.0092069,0.0028204,0.029095,0.022394,0.029464,0.027101,0.010739,0.028741,0.043118,0.028276,0.055599,0.035832,0.023428,0.0069149,0.0034703,0.0051674,0.0038004,0.0073507,0.0050373,0.0039849,0.023219,0.29334,0.42112,0.42714,0.4905,0.29967,0.15665,0.053413,0.082758,0.068162,0.07189,0.0095759,0.032883,0.0064849,0.015784,0.022112,0.020973,0.019991,0.035415,0.0096941
5,0.019361,0.018209,0.032967,0.068748,0.062337,0.027043,0.0056998,0.0026623,0.0018777,0.0041298,0.017106,0.029726,0.047842,0.11241,0.098953,0.016361,0.0082535,0.00092104,0.0026788,0.0084076,0.018609,0.0094339,0.039798,0.022613
5,0.025511,0.010574,0.005694,0.012876,0.013389,0.011585,0.011904,0.012627,0.0062822,0.0040389,0.031655,0.033623,0.011748,0.03369,0.051389,0.030285,0.041967,0.041493,0.061782,0.041905,0.048606,0.02337,0.035726,0.012088,0.012799,0.015797,0.045668,0.043371,0.027849,0.0023325,0.0019755
5,0.031396,0.0085435,4.2122e-06,1.2254e-05,1.5987e-05,4.9816e-06,4.5551e-05,0.00044703,0.0024325,0.0011586,0.002296,0.0016815,0.00073989,0.0093731,0.10244,0.37705,0.26919,0.21765,0.18854,0.14715,0.15032,0.078781,0.023283,0.0017835,0.001711,0.0033721,0.048163,0.044028,0.13152,0.15496,0.044019
5,0.13743,0.17304,0.23821,0.01378,0.037669,0.067211,0.06653,0.040406,0.034125,0.014966,0.026364,0.047888,0.030143,0.030593,0.049066,0.046363,0.05297,0.02711,0.033258,0.045568,0.07439,0.038986,0.028286,0.057222,0.058001,0.010401,0.0043952,0.0010365,0.00035562,0.0065682,0.0029257,0.003238,0.0034582,0.005305,0.0045081,0.023812,0.0068177,0.0089216,0.0092715,0.0041065,0.017789,0.021084,0.015354,0.026902,0.083457,0.13089,0.10756,0.039579,0.048823,0.13562,0.06426,0.013587,0.00746,0.0024518,0.0011865,0.024465
5,0.0448,0.032299,0.24487,0.20904,0.32192,0.44665,0.4412,0.28128,0.10093,0.079941,0.11445,0.22631,0.26404,0.30959,0.32237,0.053414,0.027914,0.058811,0.098001,0.12826,0.064351,0.1337,0.054392,0.019661,0.018826,0.033386,0.0074193,0.010815,0.015404,0.0089202,0.011649,0.0077289,0.027071,0.031813,0.0058457,0.10017,0.29376,0.15997,0.42484,0.32007,0.21514,0.14321,0.0055365,0.017669,0.016018,0.032746
5,0.034769,0.0019558,0.023034,0.042291,0.055194,0.029408,0.02724,0.01179,0.05679,0.1097,0.54707,0.012839,0.0086184,0.0021033,0.0010821,0.0001237,0.001723,0.11322,0.12873,0.14555,0.22765,0.33442,0.15343,0.051232,0.10628,0.36395,0.019068
5,0.010351,0.0073214,0.0023038,0.0049758,0.02847,0.040933,0.057366,0.025873,0.017275,0.0037974,0.0016056,0.00042126,0.00017654,0.00042268,0.00093477,0.015686,0.0012507,0.0016694,0.0058166,0.094716,0.20369,0.074806,0.30092,0.25813,0.29416,0.40057,0.043341,0.0010801,0.00029827,0.0021418,0.0087746,0.0025713
5,0.01385,0.0032438,0.0035038,0.0070235,0.02243,0.061682,0.076269,0.014369,0.0058259,0.0025614,0.0063206,0.064612,0.041414,0.11851,0.17089,0.015367,0.001156,0.00040475,0.00034304,0.00018972,0.00016513,8.4562e-05,0.040051,0.020383,0.036692,0.17959,0.3151,0.1617,0.007226
6,0.027981,0.031172,0.09497,0.11323,0.12332,0.19677,0.011592,0.006754,0.036434,0.0052757,0.0022185,0.0019901,0.0041792,0.00039109,0.0017537,0.0023419
6,0.0013205,0.0020228,0.0060783,0.022385,0.091736,0.088985,0.036793,0.020706,0.0018991,0.00062117,0.00016036,3.7317e-05,0.00052087,0.016164,0.024974,0.073697,0.13936,0.0094278,0.0028051
6,0.065837,0.074262,0.12269,0.11028,0.079812,0.13446,0.13831,0.072986,0.037505,0.005193,0.0071095,0.008275,0.0058249,0.001011,0.0048958
6,0.01759,0.02008,0.023799,0.036694,0.026809,0.029619,0.014667,0.031745,0.0017281,0.00045991,8.3276e-06,3.7906e-07,4.4766e-07,0.00023991,0.00045672,0.0017165,0.00096029
6,0.0028147,0.0027318,0.0074807,0.02398,0.035975,0.021947,0.015885,0.033244,0.0048162,0.0018491,0.0027222,0.0019227,0.04222,0.041995,0.098752,0.039965
6,0.0068769,0.0030216,0.0073316,0.011162,0.0069258,0.0079756,0.0024283,0.00031678,0.00063566,0.00051042,0.00026186,0.019932,0.040657,0.084508,0.033491,0.061593
6,0.013612,0.0065391,0.0096668,0.016461,0.015038,0.038084,0.016905,0.02494,0.07206,0.046352,0.0052373,0.0028121,0.0021919,0.0030741,0.0031885,0.015418
6,0.018294,0.01354,0.033524,0.023424,0.0082055,0.0096697,0.0061028,0.0026165,0.0094877,0.0059666,0.0037029,0.032321,0.019526,0.045227,0.054592,0.032153,0.058272
6,0.0058902,0.00016213,9.4499e-05,0.00030483,0.0055432,0.012335,0.030436,0.014836,0.016486,0.12232,0.056843,0.012084,0.00015213
6,0.020449,0.043299,0.16137,0.41693,0.44319,0.2866,0.057707,0.037569,0.020629,0.0189,0.058335,0.055588,0.081725,0.046238,0.031353
6,0.0017227,0.0032672,0.0084895,0.062163,0.1092,0.12528,0.041525,0.04634,0.061799,0.020133,0.0045505,0.0093429,0.036181,0.0054235,0.0035959,0.0019576
6,0.003194,0.002751,0.0017223,0.0032078,0.0062846,0.0041744,0.0080609,0.010069,0.018779,0.04585,0.021988,0.022625,0.021235,0.41275,0.029358,0.0045073
6,0.0022906,0.00039136,0.0002992,0.00083601,0.0010086,0.0021868,0.0019242,0.0087689,0.00665,0.0042854,0.0014024,0.0014648,0.00405,0.032293,0.01347
6,0.0030864,0.0061714,0.0085176,0.0045122,0.010853,0.019994,0.010089,0.022895,0.0051477,0.00090913,0.0018548,0.0063642,0.006639,0.0063285,0.0013942,0.00076026,0.00033219,0.0049135,0.011828,0.017355,0.033318,0.010977,0.015231,0.0064259,0.0026187,0.0041477,0.0059603,0.010091,0.028942,0.022156,0.022976
6,0.02027,0.0049723,0.002348,0.009592,0.015583,0.036338,0.039977,0.029579,0.010519,0.0030557,0.0018209,0.0024504,0.014581,0.01616,0.054516,0.15454,0.11175,0.025666,0.012001,0.013305,0.0030244,0.0027395,0.0043871,0.014469,0.010124,0.025158
6,0.0056434,0.0026181,0.00061775,0.0027258,0.0038147,0.0047253,0.011278,0.0052879,0.016736,0.060351,0.10293,0.091665,0.101,0.14516,0.098186,0.12623,0.39231,0.57863,0.70879,0.78409,0.4135,0.4019,0.12016,0.047905,0.035853,0.14946,0.077737,0.026859
6,0.020885,0.029953,0.018106,0.035926,0.073656,0.064321,0.061528,0.078464,0.025229,0.0051483,0.0010311,0.0013103,0.008928,0.038144,0.025871,0.046232,0.012837,0.011489,0.010278,0.031958,0.030755,0.51435,0.4368,0.14873,0.050083,0.023477,0.0058051,0.00070797,0.001768,0.0060091,0.0099142,0.04859,0.0049593
6,0.071512,0.03883,0.019234,0.024807,0.026583,0.056772,0.20098,0.11969,0.054857,0.046714,0.0081874,0.013216,0.037089,0.007415,0.0052486,0.0073025,0.0066194,0.0059618,0.013729,0.0063778,0.0023312,0.00028482,0.00033237,0.0037441,0.0031669,0.018858,0.064037,0.0081627,0.0027369,0.0039757
6,0.028032,0.013745,0.00029248,0.00022778,4.2754e-05,9.0499e-05,0.00023701,0.00017696,2.6829e-06,2.3003e-06,7.8493e-05,0.0019084,0.00067455,0.001196,0.0011881,0.0038184
6,0.0093308,0.0048591,0.011158,0.0089158,0.010056,0.01354,0.0215,0.027373,0.029619,0.0013476,0.0012137,0.00072125,0.00034947,0.00026097,0.0003525,0.0028091,0.0075869,0.018071,0.0010869
6,0.20604,0.16346,0.032267,0.03331,0.041096,0.034143,0.044075,0.061954,0.051143,0.048959,0.050641,0.061681,0.046033,0.034794,0.030794
6,0.091236,0.070797,0.0074087,0.0087411,0.00090222,0.00091254,0.01636,0.014254,0.027625,0.0355,0.061073,0.012297,0.0097294,0.01966,0.043407,0.0083122
6,0.025645,0.043242,0.035861,0.018106,0.01202,0.0050325,0.0024419,0.012214,0.009009,0.0064425,0.020614,0.018127,0.028178,0.015896,0.0091181,0.011482,0.021843,0.014648,0.02793,0.026359,0.0051754,0.0026286,0.0022842,0.031328,0.056073,0.18463,0.13761
6,0.0087295,0.0019604,0.0050272,0.042533,0.0032342,0.004064,0.012795,0.0095567,0.0058384,0.0055484,0.025959,0.0099347,0.012505,0.0040981,0.0035198,0.011127,0.0064431,0.0093999,0.036149,0.048156,0.0043046
6,0.01241,0.018341,0.022622,0.059798,0.0057322,0.0083279,0.0095469,0.022916,0.018164,0.008267,0.010145,0.021902,0.0053043,0.0049796,0.04197,0.036012,0.086142,0.16144,0.24471,0.26729,0.015341
6,0.0053861,0.00051285,0.00013465,0.0002846,0.00023931,0.0026168,0.0050668,0.016369,0.0075482,0.042453,0.17282,0.076989,0.026757,0.038682,0.013714,0.017047,0.013908,0.03599,0.05506,0.12607,0.63466,0.27222,0.037135
6,0.0022328,0.00058177,0.00029441,0.0040707,0.001253,0.00013347,0.00020051,0.0012541,0.0036026,0.011153,0.01343,0.013013,0.002988,0.0031828,0.070868,0.088346,0.084525,0.064228,0.0049482,0.0012771,0.0016175,0.00037279,0.00010566,0.00026535,0.00056556,0.0027402,0.0013993,0.0009853,0.0015785,0.0050733,0.021031
6,0.024786,0.048604,0.078837,0.098055,0.0045309,0.0020015,0.0037396,0.0028493,0.0015055,0.0005453,0.0018872,0.00089021,0.0060195,0.0080998,0.0019906,0.0046651,0.027847,0.015513,0.010731,0.0042718,0.0037198,0.0028008,0.003902,0.011154,0.002891
6,0.014307,0.0015378,0.0022704,0.007095,0.0056692,0.0061489,0.010838,0.0092899,0.016123,0.015753,0.0096444,0.0066354,0.0066426,0.0013548,0.00023826,0.0040096,0.00011,0.0078297,0.011285,0.009765,0.016366,0.012117,0.013957,0.0075996,0.0044315
6,0.093532,0.037313,0.0093122,0.0010769,0.0076846,0.01404,0.029368,0.032908,0.096313,0.26627,0.20894,0.19381,0.15367,0.055332,0.026381,0.0049002,0.0050231,0.0035971,0.0038998,0.039405,0.046088,0.032107,0.0014915
6,0.084458,0.12978,0.077967,0.13096,0.16108,0.17321,0.14766,0.16414,0.10947,0.10759,0.15338,0.1459,0.1483,0.050672,0.043555,0.081406,0.054842,0.01336,0.013165,0.01575,0.010091,0.0015256,0.0029407,0.0028612,0.0032024,0.022679,0.17051,0.29193,0.20035,0.30141,0.060833,0.053606,0.023422
6,0.0029143,0.0058945,0.0037528,0.0029446,0.0019185,0.0042679,0.0027186,0.0020836,0.005123,0.0037193,0.0063547,0.0087189,0.0073859,0.02614,0.023201,0.021174,0.0089976,0.009507,0.00046602,6.5856e-05,3.3953e-05,1.0356e-05,4.8038e-06,0.00034613,0.0033148,0.013315,0.017026,0.24638,0.2259,0.25128,0.19703,0.02616
6,0.11076,0.050402,0.041564,0.0011448,0.0031954,0.0039884,0.0055103,0.0017557,0.00083666,0.0028316,0.0060535,0.0030734,0.00054051,0.00027118,0.00041916,9.2585e-05,0.00052111,0.0076603,0.013212,0.014532,0.046962,0.060271,0.062077,0.019756,0.013614,0.019004,0.017449
6,0.31759,0.013056,0.051118,0.014627,0.019697,0.015869,0.02337,0.0045812,0.0073529,0.018594,0.056424,0.034132,0.025626,0.028917,0.010006,0.015776,0.054928,0.3054,0.21537,0.22826,0.18767,0.16572,0.16187,0.17547,0.0066417
6,0.01479,0.033489,0.025602,0.076579,0.062095,0.024669,0.018862,0.010402,0.0053124,0.0022055,0.00047423,0.00021119,0.0015274,0.0048832,0.0069331,0.016328,0.059506,0.082902,0.01644,0.0049
6,0.05563,0.011876,0.017105,0.032034,0.025393,0.02102,0.013372,0.0053384,0.030142,0.0088539,0.030372,0.07409,0.10486,0.093047,0.054551,0.010287,0.017021,0.019794,0.0063425,0.047665,0.11025,0.075412,0.070958,0.11474,0.09055,0.029374,0.055559,0.0023837
6,0.43278,0.18912,0.14158,0.056301,0.037547,0.01441,0.0078275,0.001111,0.0016782,0.00075654,0.00054419,0.0022137,0.003347,0.0027948,0.0027717,0.0037256,0.0013116,0.00082725,0.00025511,0.00012081,4.229e-05,0.025894,0.040846,0.093925,0.13284,0.087365,0.061206
6,0.01155,0.005556,0.0026001,0.0049208,0.0059679,0.0087579,0.0057404,0.0020233,0.0001329,4.3225e-05,0.00012495,3.516e-05,5.5193e-05,0.00089862,0.00054671,0.00085956,0.0021228,0.0026119,0.0094116,0.0025451,0.0016977,0.0018576,0.0046739,0.0027699,0.0090191,0.0093993,0.010488,0.014052,0.0058185
6,0.018517,0.01141,0.0036525,0.0028285,0.0031977,0.0044381,0.0025165,0.04197,0.094587,0.18807,0.083771,0.030015,0.010105,0.010893,0.0081638,0.040998,0.035334,0.082194,0.26448,0.0023561,0.0015273
6,0.12053,0.020541,0.034092,0.021395,0.016393,0.035674,0.048511,0.030751,0.013671,0.0039651,0.014337,0.017942,0.052981,0.13101,0.039074,0.045596,0.062215,0.2316,0.0073591,0.004309,0.022275,0.014116,0.01978,0.0010996,0.00093895
6,0.14018,0.032061,0.04762,0.035976,0.026197,0.010203,0.0052296,0.012426,0.0057151,0.011673,0.00534,0.0071965,0.0018568,0.0013683,0.00096702,0.0087604,0.065163,0.17839,0.231,0.034194,0.053406,0.033604,0.1467,0.023473,0.005447,0.041295,0.037652,0.018319,0.0015244,0.0004963
7,0.070696,0.085789,0.1464,0.13667,0.15729,0.2027,0.44375,0.43134,0.16497,0.070215,0.18755,0.12068,0.06332,0.068383,0.050323,0.10275,0.27575,0.077066,0.17507
7,0.017398,0.013256,0.060856,0.03729,0.065332,0.040576,0.013548,0.037493,0.058225,0.055564,0.051106,0.017579,0.010084,0.045157,0.022207,0.03748,0.015624,0.010862,0.00056503,0.0030534
7,0.0030376,0.0017772,0.0067597,0.019641,0.35501,0.29488,0.28848,0.39764,0.29563,0.13938,0.13249,0.06024,0.15659,0.20834,0.14863,0.19238,0.21774,0.29324,0.13331,0.028364,0.070307
7,0.0034856,0.0028729,0.0048621,0.014115,0.015059,0.018627,0.0028789,0.0169,0.060132,0.0067761,0.0069467,0.0055922,0.0018688,0.00027923,0.0011556,0.0035187,0.0043492,0.00052905,0.0022487,0.0014278,0.0023184
7,0.011286,0.00018887,0.00043787,0.0065802,0.033425,0.04638,0.016663,0.071835,0.076047,0.24176,0.15592,0.16723,0.43339,0.36714,0.76068,0.67012,0.35888,0.01483
7,0.049979,0.25148,0.079962,0.090587,0.11215,0.13074,0.26329,0.26469,0.37,0.14422,0.085654,0.027274,0.039809,0.061281,0.0092902,0.006274
7,0.0022008,0.00010198,0.047729,0.17147,0.11233,0.083422,0.067275,0.20107,0.11428,0.13171,0.078613,0.22648,0.28,0.18354,0.15252,0.044374,0.061206,0.023383
7,0.0063127,0.0085375,0.014872,0.13022,0.034055,0.066503,0.15203,0.225,0.16249,0.39143,0.11774,0.11512,0.063504,0.047897,0.060837,0.0082033
7,0.0029881,0.00014907,0.00053916,0.0042002,0.012696,0.040385,0.10751,0.14219,0.058793,0.16458,0.1288,0.088238,0.084933,0.40762,0.36345,0.086181,0.093027,0.33753,0.1366,0.20633,0.00022061
7,0.003228,0.0013829,0.0045813,0.043274,0.041682,0.051414,0.10611,0.19432,0.036914,0.25259,0.21666,0.21086,0.20055,0.17232,0.17125,0.44314,0.26463,0.10333,0.1554,0.28427,0.12525,0.013122,0.0014586
7,0.01893,0.051394,0.096009,0.098221,0.08404,0.19992,0.36125,0.26178,0.31008,0.30931,0.30142,0.55294,0.65611,0.62574,0.22626,0.092236,0.14139,0.080266,0.020691,0.003555
7,0.029177,0.061594,0.047798,0.055802,0.092534,0.086755,0.10028,0.0182,0.016321,0.035434,0.018803,0.021337,0.02516,0.14366,0.028149,0.07167,0.13321,0.045883,0.03999,0.13637,0.24128,0.03945,0.024557,0.096576,0.065107,0.11681,0.22116,0.19277,0.18135,0.12368,0.12915,0.52067,0.18144,0.13202,0.20663,0.11218,0.01215,0.0069952,0.0030102
7,0.003333,4.6753e-05,0.00013214,0.0033075,0.026852,0.042385,0.068095,0.047855,0.095049,0.11059,0.051268,0.034949,0.23952,0.18119,0.30946,0.29384,0.23807,0.066445,0.083643,0.060393,0.039846,0.087877,0.067701,0.066557,0.19166,0.24037,0.41854,0.55168,0.35313,0.29054,0.1796,0.17812,0.22429,0.058188,0.118,0.08645,0.073935,0.12832,0.13084,0.080869,0.070783,0.071552
7,0.11557,0.076864,0.16986,0.15929,0.21313,0.06381,0.063914,0.027172,0.011644,0.0255,0.026747,0.041862,0.0054636,0.0033955,0.0018548,0.0031281,0.010614,0.091428,0.1504,0.11777,0.11176,0.064901,0.1102,0.12149,0.2216,0.13716,0.64715,0.91849,0.95261,0.77443,0.69258,0.18616,0.12097,0.070309,0.042531,0.015932,0.013676,0.037768,0.019172,0.0035415,0.0037685
7,0.014634,0.0070499,0.0066013,0.03262,0.019682,0.018773,0.034066,0.040446,0.10438,0.21732,0.13567,0.21674,0.1484,0.074605,0.086445,0.22176,0.30827,0.13303,0.54318,0.53608,0.76196,0.83594,0.81587,0.28164,0.12935,0.060413,0.076397,0.043624,0.033916,0.041904,0.059802,0.023347,0.056077,0.006007
7,0.067321,0.24952,0.25672,0.25099,0.34919,0.4176,0.5902,0.43855,0.49174,0.55648,0.3791,0.428,0.42841,0.22992,0.092903,0.1559,0.059891,0.133,0.15323,0.2901,0.66561,0.66564,0.64971,0.59794,0.42945,0.46813,0.37648,0.23694,0.06327,0.061598,0.048301,0.0035182,0.0014426
7,0.12138,0.06058,0.0062078,0.015684,0.031845,0.0084986,0.012236,0.21432,0.12018,0.10753,0.14259,0.07712,0.080919,0.12573,0.10275,0.09577,0.048049,0.087304,0.040389,0.010023,0.011045,0.034126,0.030217,0.0058578
7,0.088644,0.09538,0.068147,0.0026731,0.0037055,0.0074588,0.007435,0.0042187,0.33066,0.14174,0.11016,0.20212,0.20766,0.23473,0.15031,0.17251,0.13376,0.12119,0.08229,0.03248,0.052602,0.022396,0.12558,0.19052,0.019741,0.043807
7,0.11194,0.12094,0.039629,0.025655,0.05475,0.034361,0.058838,0.45154,0.32129,0.29542,0.17133,0.25377,0.20962,0.52963,0.46505,0.086004,0.028033,0.056457,0.024912,0.0016417
7,0.0038749,0.0056366,0.0061783,0.0029035,0.051088,0.030945,0.049439,0.14331,0.16987,0.082221,0.064125,0.14573,0.12928,0.23198,0.2111,0.1316,0.22499,0.13658,0.035947,0.013677,0.044977,0.067299,0.0047363,0.00090537
7,0.018611,0.021817,0.0231,0.05316,0.08143,0.052195,0.097674,0.10832,0.092143,0.042016,0.026115,0.04205,0.068026,0.050999,0.042018,0.086632,0.054549,0.016886,0.027997,0.059333,0.11249,0.073684,0.0024886
7,0.018517,0.010467,0.023289,0.03473,0.032091,0.08827,0.075616,0.11722,0.069487,0.076297,0.02806,0.036229,0.014365,0.0088456,0.011613,0.010152,0.022537,0.0034248
7,0.017964,0.01166,0.014135,0.0093907,0.041029,0.079907,0.080936,0.03186,0.07015,0.040051,0.031046,0.081218,0.19564,0.28702,0.29465,0.10369,0.17699,0.24945,0.22381,0.20248,0.065425,0.067017,0.042495,0.069594,0.058113,0.07205,0.088735,0.049701,0.0042014
7,0.012739,0.008438,0.016477,0.041939,0.093684,0.050757,0.071655,0.10199,0.029707,0.12381,0.090182,0.12491,0.12335,0.28785,0.25038,0.59763,0.35174,0.30016,0.15824,0.23832,0.31956,0.46354,0.30493,0.058879,0.026303,0.0070804,0.0050705,0.063788,0.15987,0.08716,0.065168,0.10058,0.22579,0.1971,0.0152
7,0.15438,0.090903,0.16212,0.17313,0.16523,0.25726,0.1642,0.19486,0.42636,0.61458,0.46969,0.58754,0.33046,0.32973,0.42332,0.17174,0.080129,0.22142,0.06202,0.020813,0.018312
7,0.0078691,0.011914,0.018532,0.029456,0.060031,0.03002,0.028289,0.004534,0.00070103,0.0010338,0.0012996,0.015086,0.17958,0.38067,0.26131,0.19251,0.1342,0.14657,0.054982,0.077852,0.015541,0.0035968,0.0032711,0.0041823,0.0034051,0.0025279,0.0019263,0.0038312
7,0.010984,0.026901,0.028465,0.06134,0.039058,0.063609,0.083757,0.13845,0.26945,0.20454,0.57165,0.43188,0.5976,0.37605,0.21545,0.21657,0.34173,0.34878,0.24026,0.0539,0.05621,0.043431,0.22315,0.11532,0.29901,0.029104,0.028913
7,0.26146,0.075014,0.039037,0.15255,0.2931,0.16586,0.043673,0.049871,0.11146,0.076779,0.079715,0.070334,0.091451,0.19048,0.32828,0.16895,0.23273,0.36321,0.09254,0.17404,0.22712,0.18723,0.3306,0.292,0.3608,0.37896,0.38545,0.18776,0.13851,0.058445,0.048824,0.043538,0.027027,0.0095672,0.0080373
7,0.0061391,0.0037102,0.0037565,0.022336,0.06801,0.10666,0.057966,0.059824,0.06556,0.20215,0.28064,0.1444,0.15946,0.08495,0.17683,0.19991,0.24574,0.24694,0.25599,0.26742,0.27893,0.21356,0.17176,0.30773,0.081924,0.063142,0.071173,0.075827,0.14999,0.13464,0.23246,0.29786,0.11795,0.052762,0.028781
7,0.21254,0.13788,0.11707,0.018726,0.021673,0.028975,0.013409,0.012998,0.016016,0.023658,0.021231,0.11217,0.058188,0.04378,0.21696,0.13293,0.052016,0.20034,0.83227,0.5248,0.61587,0.28358,0.16672,0.11424,0.043472,0.0090134,0.0026962
7,0.030575,0.013092,0.0062461,0.11241,0.33182,0.22644,0.17156,0.1562,0.28808,0.2678,0.196,0.07932,0.094115,0.062425,0.1292,0.06158,0.071467,0.15576,0.15543,0.24174,0.20229,0.15674,0.28634,0.52705,0.31003,0.34584,0.81622,0.73088,0.70512,0.5137,0.24659,0.24639,0.19738,0.094318,0.05015,0.13439,0.1112,0.0054675
7,0.0024953,0.0087757,0.034905,0.048219,0.099908,0.11069,0.30231,0.71005,0.37844,0.3495,0.12199,0.17247,0.39117,0.1576,0.14649,0.19187,0.13016,0.077383,0.11373,0.16281,0.21873,0.35792,0.35394,0.44635,0.37188,0.55604,0.39103,0.42276,0.55428,0.19639,0.1382,0.078994,0.046668,0.0092077,0.0017409,0.0024616,0.0033391,0.0042952,0.0003375
7,0.0016841,0.0021467,0.0045762,0.037693,0.037817,0.044979,0.078438,0.094753,0.050677,0.06463,0.095544,0.15715,0.022003,0.00089185,0.0071569,0.36265,0.17669,0.23877,0.23688,0.15203,0.043678,0.17161,0.11327,0.10245,0.2224,0.116,0.096796,0.55648,0.13408,0.23657,0.37973,0.47907,0.46039,0.4598,0.21016,0.24942,0.10558,0.044147,0.016273,0.0027616
7,0.047797,0.1248,0.28816,0.37007,0.46035,0.66602,0.17136,0.54728,0.20373,0.11964,0.19095,0.45485,0.52523,0.20198,0.53601,0.61224,0.1891,0.2452,0.22486,0.28928,0.64359,0.33644,0.61636,0.745,0.70171,0.29155,0.5,0.28379,0.3795,0.56431,0.43961,0.41244,0.28527,0.19858,0.1092,0.060518,0.056252,0.053389,0.054677
7,0.0601,0.1199,0.11529,0.086827,0.33749,0.12198,0.075594,0.060763,0.6617,0.84466,0.54554,0.30732,0.14791,0.14202,0.065661,0.12736,0.05269,0.037147,0.049046,0.16363,0.18623,0.20449,0.13526,0.12497,0.038534,0.12935,0.24642,0.34057,0.34476,0.28811,0.17027,0.48701,0.32833,0.25354,0.56812,0.59167,0.36346,0.32766,0.28407,0.32823,0.15754,0.091062,0.084459,0.059345,0.19375,0.026596
7,0.28629,0.26793,0.37449,0.30891,0.14418,0.042093,0.04586,0.080463,0.54271,0.53122,0.3189,0.37522,0.33221,0.18337,0.36135,0.28626,0.12789,0.20314,0.12689,0.19137,0.16362,0.20241,0.36719,0.21186,0.22941,0.22075,0.33777,0.22396,0.16241,0.081135,0.1205,0.22008,0.071142,0.098878,0.34982,0.19069,0.10605,0.27662,0.059844,0.054267,0.008159,0.0038023,0.0019555,0.0023227,0.00090308
7,0.038921,0.00046761,0.003607,0.041344,0.062641,0.011151,0.00050476,0.0010479,0.0005534,0.008149,0.16235,0.30257,0.35833,0.2491,0.36454,0.13981,0.17298,0.22627,0.11043,0.21681,0.4679,0.48398,0.47299,0.47567,0.48404,0.48787,0.30476,0.11838,0.2305,0.17135,0.025726
7,0.082966,0.091349,0.34354,0.08074,0.12954,0.15843,0.14797,0.2574,0.25533,0.24499,0.14002,0.10614,0.09413,0.21016,0.021522,0.018796,0.15784,0.13676,0.21911,0.35812,0.25795,0.16413,0.075318,0.089259,0.15491,0.024815
7,0.07519,0.22471,0.30037,0.80994,0.94984,0.31799,0.16197,0.24917,0.2101,0.1748,0.12155,0.62052,0.46125,0.42415,0.432,0.33448,0.064596,0.011848,0.17081,0.38491,0.36308,0.3859,0.64757,0.55928,0.37501,0.1781,0.078923,0.024476,0.0089645,0.010894
7,0.084168,0.026384,0.01188,0.03061,0.075214,0.14663,0.2071,0.05555,0.02407,0.0094483,0.037748,0.02227,0.040666,0.14962,0.16995,0.16745,0.27666,0.11309,0.087772,0.038068,0.030769,0.018577,0.0040782,0.020888,0.022735,0.16067,0.06887,0.06406,0.22031,0.182,0.24415,0.30594,0.25133,0.31355,0.37567,0.30586,0.22855,0.44231,0.03891
7,0.087743,2.1115e-05,0.00052266,0.010802,0.045058,0.012762,0.015278,0.0014984,0.00089168,0.0017441,0.039565,0.15037,0.071057,0.061104,0.06171,0.070955,0.078574,0.01203,0.010656,0.021108,0.038293,0.011633,0.10449,0.15982,0.12488,0.35395,0.36165,0.22122,0.099397,0.052159,0.043372,0.063098,0.033543,0.058287
7,0.025584,0.00026328,0.066335,0.088181,0.10595,0.081049,0.060988,0.032232,0.061035,0.041182,0.021585,0.21067,0.076822,0.29838,0.29135,0.31829,0.33083,0.58631,0.5,0.91133,0.79249,0.68825,0.53648,0.53389,0.50582,0.68078,0.5,0.28369
7,0.15922,0.16556,0.35956,0.33565,0.43815,0.52043,0.36268,0.22741,0.364,0.82486,0.82008,0.6706,0.55387,0.72634,0.86667,0.87259,0.64798,0.3744,0.38541,0.39065,0.428,0.16362,0.024956,0.011617
7,0.099864,0.25504,0.37662,0.21212,0.2698,0.383,0.29487,0.12157,0.11339,0.86406,0.87654,0.91821,0.86501,0.83829,0.19591,0.211,0.061069,0.094557,0.11369,0.13522,0.31058,0.045815,0.014605
7,0.22371,0.10024,0.16047,0.20146,0.31483,0.061457,0.2174,0.072781,0.12879,0.11539,0.086991,0.025888,0.015455,0.010313,0.0047587,0.0027476,0.033239,0.26399,0.42574,0.68212,0.65665,0.9115,0.91415,0.89076,0.76359,0.48814,0.32856,0.25399,0.19104,0.41591,0.25029,0.024532,0.021531,0.0086416
7,0.021299,0.019458,0.040041,0.052621,0.075456,0.062347,0.090711,0.047938,0.16567,0.26984,0.18352,0.043018,0.055073,0.15798,0.28305,0.47398,0.4172,0.80014,0.80981,0.82697,0.82809,0.59617,0.34732,0.19243,0.54568,0.25745,0.1988,0.2515,0.24063,0.15061,0.0051619
