1,0.11351,0.060351,0.37777,0.47326,0.009782,0.0035437,0.0029844,0.0029131,0.0049571,0.0063166,0.0042755,0.0064377,0.0060272,0.009898,0.010405,0.0052259,0.0043527,0.0030576,0.017349
1,0.7492,0.71321,0.89514,0.96581,0.90809,0.68445,0.8077,0.47509,0.72842,0.65295,0.22112,0.10611,0.44501,0.53998,0.45634,0.023967,0.0024872,0.0083573,0.015399
1,0.45798,0.23804,0.0088117,0.011938,0.067603,0.10403,0.26019,0.30324,0.57839,0.24107,0.11496,0.16045,0.1321,0.066562,0.14504,0.17186,0.10533,0.11414,0.046216
1,0.2292,0.28544,0.30352,0.42872,0.5,0.055703,0.051676,0.044689,0.033111,0.035014,0.29997,0.26096,0.36761,0.05146,0.045248,0.014766,0.0047531,0.006927,0.0093691
1,0.061345,0.0088424,0.00724,0.02137,0.024469,0.037645,0.070548,0.061777,0.027407,0.02269,0.015337,0.01205,0.0034809,0.0028934,0.0025034,0.025695
1,0.65465,0.43314,0.14311,0.031847,0.01107,0.030589,0.096834,0.14923,0.081865,0.27946,0.24017,0.10798,0.56742,0.80054,0.46702,0.1746,0.039107,0.012924,0.0041757,0.0010383,0.007585
1,0.16483,0.033621,0.021483,0.074126,0.046124,0.032199,0.0068207,0.061269,0.026462,0.047527,0.034796,0.014201,0.005036,0.0016294,0.00060144,0.0031406,0.0068005,0.013517
1,0.042801,0.025899,0.016135,0.011043,0.0075782,0.0098469,0.01863,0.0061887,0.022333,0.13983,0.12279,0.23179,0.1771,0.012113,0.003195,0.0017099,0.0015231,0.0022129,0.0094227,0.013243
1,0.3372,0.52916,0.54068,0.46273,0.53872,0.15529,0.13917,0.063013,0.0052054,0.017941,0.045862,0.030906,0.17099,0.10508,0.093814,0.025985,0.058764,0.007384
1,0.18718,0.23133,0.35956,0.36825,0.45156,0.076467,0.098844,0.15865,0.050778,0.049309,0.060659,0.079009,0.084077,0.080688,0.015105,0.0090302,0.028918
1,0.43508,0.47125,0.58868,0.61655,0.024441,0.020379,0.49284,0.64559,0.63492,0.82708,0.72619,0.267,0.038307,0.010963,0.0086429
1,0.072905,0.11281,0.051109,0.040114,0.011575,0.015848,0.0090223,0.013583,0.010787,0.0087122,0.014383,0.017723,0.012193,0.012176,0.0062711,0.020082
1,0.55634,0.78046,0.68546,0.31451,0.070048,0.024279,0.069471,0.066321,0.022877,0.02859,0.077746,0.07312,0.030272,0.14886,0.087084,0.021066,0.011042,0.013679,0.049211
1,0.060917,0.064154,0.21332,0.18086,0.14154,0.056837,0.026027,0.0085523,0.010052,0.014038,0.034138,0.079604,0.03574,0.026502,0.029129,0.0093543,0.15057,0.25909,0.16437,0.11436,0.009418,0.00081437,0.0021516,0.0031341,0.013935,0.01238,0.019286,0.021718,0.065275,0.10325,0.20698,0.071198,0.059438,0.13322,0.062946,0.036928
1,0.029251,0.011944,0.026719,0.039263,0.015049,0.012573,0.0096086,0.0066827,0.0022456,0.0034554,0.003297,0.0016145,0.0044464,0.036959,0.022954,0.042789,0.072774,0.018645,0.00048215,0.0012001,0.0011965,0.00062069,0.001481,0.001059,0.00071269,0.017089,0.047344,0.10547,0.065756,0.022272,0.036376,0.01125
1,0.052129,0.036935,0.12631,0.16286,0.21436,0.16298,0.09028,0.35549,0.14076,0.05925,0.03933,0.020379,0.0054528,0.057872,0.066506,0.028691,0.066062,0.1315,0.050898,0.033127,0.048597,0.19571,0.035991,0.015702,0.02974,0.042272,0.052146,0.17268,0.17359,0.041501,0.043101,0.050531,0.08188,0.069604,0.12415,0.093927,0.066991,0.010853,0.057446,0.025551
1,0.0024381,0.0025763,0.038913,0.047272,0.05607,0.069727,0.061372,0.00032884,0.00055235,0.0013047,0.0016023,0.012001,0.013051,0.052361,0.05241,0.11079,0.12127,0.039721,0.010124,0.008725,0.010779,0.014103
1,0.018087,0.0090972,0.0070159,0.012286,0.035642,0.038446,0.042274,0.13156,0.14089,0.027932,0.0094344,0.017383,0.024809,0.052705,0.1751,0.10576,0.035904,0.035603,0.045392,0.074245,0.05185,0.044882,0.028527,0.0057097,0.0055814
1,0.020789,0.0052666,0.036801,0.040326,0.010633,0.014012,0.022247,0.0091407,0.007266,0.05842,0.45345,0.23245,0.39603,0.57105,0.48514,0.45236,0.11301,0.047695,0.0096327,0.0075568
1,0.0012859,0.0017673,0.0030922,0.0012979,0.0016238,0.0023039,0.001156,0.0024356,0.0048465,0.0078721,0.022776,0.019939,0.010848,0.0093639,0.0089856,0.0077311,0.013836,0.016964,0.042822,0.015179,0.0041222,0.0013418,0.0028299,0.01594
1,0.0090554,0.0039947,0.003936,0.0077112,0.0025886,0.0043745,0.0034424,0.0032903,0.00107,0.002291,0.0028024,0.0012035,0.001724,0.0015581,0.00025877,0.00019191,0.00026672,0.00047599,0.0014601,0.0096518,0.02171,0.038143,0.036374,0.0058582,0.032161
1,0.14517,0.016793,0.025675,0.022351,0.077447,0.053755,0.038166,0.020609,0.020658,0.18416,0.17245,0.1129,0.20205,0.32157,0.067156,0.1379,0.044245,0.016867,0.038001,0.018445,0.014453,0.01099,0.0032837,0.0056965,0.0033465,0.021815
1,0.053234,0.019017,0.012997,0.0061161,0.028567,0.028873,0.044362,0.0088414,0.010568,0.0095582,0.015578,0.022631,0.024176,0.017362,0.01928,0.048277,0.010616,0.022223,0.034703,0.06053,0.081914,0.045066,0.012497,0.011139,0.0037174,0.0031041,0.024661
1,0.016776,0.0029581,0.015656,0.011371,0.011899,0.073996,0.031554,0.024066,0.06132,0.11217,0.038749,0.011703,0.016277,0.027526,0.041192,0.11866,0.053882,0.041754,0.014294,0.028744,0.032765,0.01828,0.0034024,0.0044422,0.0060013,0.01351,0.0045368,0.0061957,0.0052035,0.0099366,0.0042048,0.024085,0.020399
1,0.017711,0.019533,0.01608,0.0135,0.016874,0.03076,0.028862,0.0088151,0.045978,0.19019,0.22909,0.15085,0.16246,0.064118,0.0052194,0.012864,0.01229,0.025455,0.0086926,0.0074732,0.035173,0.039115,0.0099417,0.0075339,0.0109,0.0078834,0.0035358,0.0036683,0.0021773,0.0033851,0.0029517,0.0096394,0.0046188,0.004513,0.025414
1,0.16264,0.070654,0.059855,0.062113,0.039754,0.037991,0.024424,0.082303,0.0090886,0.019258,0.085251,0.21974,0.17965,0.043925,0.034483,0.032547,0.035318,0.03764,0.081526,0.26485,0.31957,0.11532,0.08854,0.08267,0.19055,0.18899,0.081482,0.0063707,0.0065484,0.0065125,0.0017972
1,0.0073005,0.0017817,0.0031277,0.0024052,0.0013458,0.0035048,0.0052308,0.0058565,0.072587,0.063053,0.052732,0.021548,0.031232,0.078919,0.11045,0.21782,0.28778,0.33363,0.41248,0.40885,0.3845,0.42479,0.62731,0.5628,0.0039724,0.027905,0.021738,0.02314,0.020326,0.01481,0.0060102,0.013414
1,0.20777,0.013345,0.0024768,0.0011366,0.0011572,0.00055721,0.0016417,0.0080925,0.012466,0.030624,0.012785,0.037582,0.025184,0.018991,0.016473,0.065724,0.081822,0.01274,0.014676,0.0072728,0.0045911,0.0082329,0.0043784,0.017582,0.011201,0.046848,0.097288,0.17037,0.18794,0.42775,0.020261,0.012712,0.043715,0.046035,0.071577,0.028859,0.011065,0.069294,0.028003
1,0.63753,0.011596,0.0085478,0.0045815,0.0045574,0.0041321,0.004541,0.0035445,0.0030049,0.055816,0.053831,0.097209,0.030336,0.073121,0.075481,0.10106,0.071893,0.0081568,0.015183,0.0059029,0.26712,0.15057,0.43913,0.81724,0.87917,0.76288,0.021981,0.0074712,0.021411,0.044887,0.024183,0.027723,0.0086133
1,0.054517,0.0077612,0.0020194,0.0017969,0.0027707,0.003181,0.015091,0.0021421,0.022375,0.079016,0.44422,0.56449,0.7576,0.60263,0.21361,0.12067,0.11767,0.027874,0.01802,0.10445,0.21088,0.07789,0.10323,0.38393,0.49114,0.66033,0.58446,0.7477,0.48247,0.09175,0.013823,0.065315,0.1378,0.078912,0.029322,0.041059,0.027962,0.038544,0.0054506,0.021297
1,0.07485,0.010018,0.099171,0.21053,0.16339,0.073121,0.071556,0.003102,0.011843,0.0126,0.026731,0.1127,0.1592,0.017559,0.028376,0.11435,0.69071,0.020731,0.018352,0.029123,0.0014046,0.0058698,0.0044687,0.0099816,0.0072796,0.025056,0.01928,0.014356,0.0076618
1,0.065023,0.0053279,0.0061898,0.0083839,0.0047313,0.002365,0.002845,0.0024489,0.018604,0.020787,0.025669,0.036087,0.040452,0.015018,0.064527,0.09134,0.15409,0.10032,0.039798,0.0017576,0.0022673,0.002629,0.002425,0.0018479,0.0016712,0.0018129,0.0040943,0.0060302,0.0030506,0.015855
1,0.14832,0.026154,0.040571,0.063053,0.2886,0.18097,0.28879,0.27614,0.33882,0.022819,0.018316,0.012372,0.0059398,0.1829,0.17674,0.1486,0.050399,0.080452,0.0043236,0.010345,0.01961,0.020222,0.0070387,0.095516,0.097402,0.029967,0.054175,0.094793,0.06474,0.02663,0.014475
1,0.66387,0.4092,0.43855,0.46971,0.070189,0.039306,0.088688,0.67407,0.49152,0.12274,0.10104,0.30263,0.24446,0.28479,0.12779,0.026202,0.0047327,0.0030594,0.0032979,0.0018886,0.0049612,0.010776
1,0.0086499,0.0018312,0.0026096,0.0016732,0.00093196,0.0024176,0.0030105,0.0051149,0.010571,0.1114,0.053769,0.029665,0.0066175,0.0042202,0.0027906,0.0031622,0.0017258,0.0020214,0.0022298,0.0032916,0.0020472,0.0020896
2,0.71826,0.65362,0.83737,0.77048,0.17533,0.38429,0.63274,0.60318,0.1994,0.34674,0.30008,0.47068,0.74434,0.67432,0.68758,0.64031,0.020067,0.05985,0.020864
2,0.71948,0.66085,0.81608,0.79388,0.53299,0.46146,0.56525,0.87611,0.75479,0.85076,0.90243,0.84633,0.11014,0.14057,0.86538,0.85667,0.81548,0.80593,0.22548,0.26523,0.07283,0.051425
2,0.91652,0.88862,0.79097,0.72123,0.61907,0.88041,0.66603,0.93062,0.79892,0.56925,0.86544,0.16074,0.18718,0.10382,0.016275,0.0075062,0.0096893
2,0.54098,0.3472,0.060823,0.028458,0.010447,0.035357,0.064556,0.068003,0.45608,0.24264,0.54995,0.5,0.68454,0.69077,0.77821,0.047793,0.13284,0.28002,0.27524,0.28545,0.11066,0.075777,0.054572,0.026873
2,0.82959,0.58843,0.72923,0.7153,0.1934,0.61284,0.70111,0.75405,0.088248,0.093415,0.3216,0.30949,0.29203,0.73767,0.54441,0.40954,0.079584,0.022092,0.0098826,0.022186
2,0.72558,0.2953,0.22773,0.29745,0.14275,0.031829,0.045357,0.37513,0.27979,0.57566,0.59293,0.84645,0.3593,0.77342,0.80986,0.91525,0.067892,0.54908,0.33384,0.23857,0.069294,0.0108,0.039974,0.011542
2,0.37599,0.071674,0.17521,0.3346,0.26658,0.64931,0.48436,0.26334,0.41727,0.27324,0.21635,0.35231,0.58838,0.31021,0.29009,0.19062,0.11484,0.064483,0.012254,0.0064798,0.011446
2,0.1174,0.032885,0.050077,0.15138,0.56541,0.65041,0.86876,0.84554,0.94342,0.97969,0.33792,0.17021,0.050255,0.0061661,0.0089905
2,0.63954,0.68417,0.46345,0.60332,0.73286,0.74074,0.74087,0.40371,0.47322,0.46931,0.30369,0.22503,0.14117,0.067819,0.068308,0.015409,0.018246
2,0.74596,0.16245,0.02294,0.10416,0.063618,0.042993,0.39212,0.35315,0.093327,0.2321,0.52213,0.42561,0.30941,0.34048,0.21016,0.082681,0.061207,0.047592,0.034012,0.014621,0.0044257,0.027452
2,0.1145,0.011622,0.035262,0.22661,0.26453,0.50806,0.841,0.9058,0.84841,0.87063,0.86041,0.095354,0.065666,0.061126,0.012277,0.0086337,0.011627
2,0.47406,0.45313,0.73174,0.88346,0.86823,0.9581,0.91823,0.87212,0.90922,0.075625,0.056432,0.063326,0.09299,0.038168,0.023416
2,0.91777,0.51477,0.12491,0.035717,0.27709,0.1958,0.63328,0.25747,0.74206,0.080096,0.16125,0.26574,0.15023,0.12225,0.7285,0.65736,0.54077,0.40775,0.1959,0.26671,0.32038,0.030739,0.01452,0.012613,0.01012
2,0.39152,0.1174,0.27611,0.61563,0.7426,0.57572,0.63916,0.6733,0.7994,0.67251,0.63378,0.34564,0.10661,0.014789,0.038991
2,0.42306,0.62644,0.81309,0.75406,0.80523,0.089311,0.090821,0.061851,0.03172,0.16294,0.22089,0.37254,0.46978,0.64819,0.39367,0.35424,0.035625,0.0090454,0.016214
2,0.073025,0.14745,0.16731,0.53957,0.2483,0.42637,0.24586,0.15777,0.3755,0.72406,0.5227,0.50928,0.23661,0.16163,0.1648,0.2067,0.29004,0.37505,0.17314,0.11595,0.10154,0.22591,0.033506,0.12485,0.31828,0.29163,0.14298,0.016739,0.029017
2,0.46289,0.6643,0.9455,0.62282,0.40127,0.25271,0.40284,0.44198,0.8263,0.91219,0.56634,0.55192,0.54966,0.62076,0.5536,0.33106,0.041168,0.0072257
2,0.44363,0.54517,0.84481,0.84375,0.77504,0.74809,0.58074,0.61123,0.56689,0.10874,0.024553,0.23151,0.32245,0.43914,0.53161,0.7324,0.70491,0.29801,0.029544,0.0064018,0.016898
2,0.67274,0.67806,0.21538,0.21829,0.5,0.14414,0.58703,0.60895,0.28121,0.11256,0.020316,0.11252,0.2242,0.3964,0.47681,0.23856,0.29284,0.38928,0.3049,0.42229,0.50509,0.79755,0.21958,0.088692,0.020197,0.020884,0.010874
2,0.49073,0.62025,0.57936,0.62694,0.71594,0.56079,0.76521,0.68854,0.38739,0.39069,0.59621,0.71456,0.66966,0.27967,0.0090528,0.0057564
2,0.46563,0.42463,0.56862,0.25238,0.23358,0.34922,0.44822,0.38823,0.5,0.45165,0.26488,0.5,0.46447,0.65741,0.8193,0.85694,0.83034,0.59726,0.10737,0.014304
2,0.88283,0.22101,0.44243,0.35409,0.45165,0.43144,0.32921,0.3837,0.60921,0.48935,0.6586,0.64212,0.34427,0.5999,0.46294,0.2371,0.23528,0.55566,0.12516,0.042123,0.064827,0.019414,0.065342,0.022853,0.085879,0.055615,0.019011,0.036321,0.25632,0.76444,0.58001,0.34578,0.061771,0.0081072,0.0068932
2,0.70628,0.47265,0.46082,0.5,0.29967,0.08251,0.14654,0.12033,0.063147,0.06141,0.051139,0.037352,0.23636,0.24861,0.27311,0.33412,0.14473,0.11333,0.19514,0.28544,0.34422,0.3359,0.11354,0.10677,0.17223,0.13183,0.099357,0.047907,0.015866
2,0.63613,0.75255,0.69959,0.78426,0.7891,0.84267,0.80291,0.73496,0.28676,0.12689,0.22697,0.4177,0.72985,0.82879,0.62661,0.62193,0.55652,0.12202,0.051966,0.38514,0.59958,0.23105,0.21852,0.8738,0.89108,0.72937,0.57227,0.1261,0.036839,0.011408
2,0.76221,0.82656,0.76594,0.73757,0.84582,0.19828,0.10686,0.061253,0.033687,0.017354,0.035124,0.011492,0.0070197,0.036913,0.040605,0.64709,0.86512,0.93199,0.92913,0.88524,0.083937,0.017812,0.035991,0.056893,0.13593,0.098583,0.31216,0.35606,0.44124,0.15266,0.16139,0.036294,0.024842,0.017344
2,0.34638,0.24429,0.42886,0.39174,0.44254,0.18371,0.11818,0.10177,0.14834,0.21782,0.13955,0.13462,0.064878,0.06997,0.054099,0.33281,0.7202,0.47363,0.57531,0.54308,0.13509,0.010585,0.21096,0.23791,0.35072,0.53437,0.57724,0.66617,0.68949,0.83384,0.82114,0.73858,0.66774,0.17803,0.010909,0.016864,0.010062,0.017286
2,0.75914,0.85285,0.87854,0.77208,0.90254,0.82382,0.84991,0.91113,0.81123,0.73074,0.41241,0.57654,0.55705,0.5639,0.85049,0.90793,0.86219,0.7249,0.47914,0.037955,0.0034691,0.017143,0.060651,0.12773,0.24687,0.56363,0.61631,0.44053,0.66184,0.6602,0.44121,0.26893,0.067092,0.038716,0.015464
2,0.77152,0.38346,0.66166,0.86387,0.54697,0.58053,0.88324,0.71252,0.51448,0.17384,0.031416,0.067307,0.076721,0.65995,0.87635,0.80519,0.71132,0.81235,0.18197,0.10315,0.091019,0.41379,0.30647,0.35648,0.35679,0.63998,0.20186,0.12533,0.15636,0.02781,0.011935,0.0091521
2,0.48668,0.23403,0.1559,0.18803,0.168,0.058619,0.044297,0.081652,0.51826,0.33343,0.27461,0.30653,0.13587,0.065824,0.16133,0.60697,0.68654,0.63952,0.62,0.35125,0.25629,0.41401,0.58942,0.80299,0.75895,0.67291,0.63519,0.64646,0.26326,0.39858,0.55283,0.41858,0.095348,0.030062
2,0.40002,0.41675,0.19513,0.13223,0.20781,0.36854,0.476,0.5,0.5,0.61121,0.2651,0.11964,0.17002,0.21233,0.082532,0.071287,0.028026,0.024468,0.31961,0.60476,0.72695,0.32273,0.21115,0.01585,0.0041656,0.015038,0.040504,0.045916,0.062394,0.033067,0.060956,0.034324,0.1574,0.30592,0.2569,0.080699,0.058877,0.06934,0.020066,0.011774,0.019656
2,0.0066415,0.0064579,0.010431,0.025112,0.10272,0.017578,0.026152,0.046308,0.055394,0.26733,0.30295,0.56818,0.78053,0.67421,0.35881,0.17619,0.18507,0.43397,0.51652,0.59479,0.5132,0.037063,0.023694,0.011163
2,0.0074516,0.0018295,0.0050064,0.063248,0.032914,0.020466,0.12468,0.16609,0.061325,0.23707,0.62318,0.64813,0.10942,0.43911,0.64849,0.44698,0.23397,0.62007,0.026294,0.0051435
2,0.22805,0.090339,0.094457,0.12881,0.095691,0.091881,0.15126,0.64435,0.7784,0.80207,0.9713,0.97053,0.91742,0.21473,0.48988,0.46604,0.41213,0.2324,0.19423,0.0082873
2,0.018285,0.0078885,0.010893,0.0098234,0.025819,0.066378,0.10508,0.046934,0.013841,0.026935,0.039204,0.057093,0.43816,0.61279,0.5493,0.42374,0.59216,0.82886,0.79219,0.75092,0.40458,0.010053,0.023753
2,0.059886,0.025986,0.033974,0.020877,0.012963,0.012863,0.032852,0.12285,0.049093,0.19197,0.11728,0.3497,0.33514,0.18238,0.28211,0.52298,0.64153,0.54965,0.47583,0.0494,0.0090291
2,0.30866,0.27218,0.093598,0.077608,0.17515,0.082377,0.048252,0.086689,0.1886,0.14764,0.33284,0.43851,0.35469,0.43241,0.52949,0.73851,0.71422,0.8423,0.6319,0.36207,0.095905,0.021953,0.037764
2,0.011809,0.0045,0.0028632,0.0056669,0.006962,0.0095637,0.004288,0.0046631,0.09105,0.047318,0.040181,0.084864,0.3232,0.28462,0.53975,0.4669,0.64096,0.75787,0.76662,0.4457,0.10912,0.0066324,0.0068827,0.014019
2,0.59359,0.060941,0.44099,0.035545,0.0077467,0.018454,0.06507,0.031684,0.25401,0.11246,0.45471,0.15503,0.024857,0.06225,0.023947,0.031303,0.10983,0.39158,0.16629,0.076307,0.02879,0.0029547
2,0.58831,0.6563,0.85953,0.88885,0.8083,0.68819,0.080655,0.074161,0.32907,0.59334,0.68916,0.54409,0.75779,0.20926,0.25484,0.15337,0.28528,0.25067,0.21096,0.20158,0.060571,0.023645,0.017728
2,0.070159,0.12443,0.12563,0.23996,0.25415,0.26775,0.01929,0.1617,0.33783,0.27806,0.34809,0.60106,0.40193,0.31658,0.43638,0.22863,0.35486,0.39385,0.29269,0.16104,0.053647,0.0048732,0.018747
2,0.40556,0.11644,0.73201,0.61079,0.33191,0.061081,0.078307,0.46782,0.61433,0.32841,0.5427,0.43461,0.063813,0.061433,0.022378,0.059673,0.064566,0.051499,0.034062,0.058774,0.0046848,0.012989
2,0.22259,0.026581,0.095747,0.050465,0.10067,0.16029,0.022119,0.0040681,0.0037672,0.003926,0.0020028,0.10591,0.35355,0.56767,0.57355,0.51855,0.29907,0.059413,0.062172,0.023948,0.058899,0.030006,0.032709,0.27056,0.27698,0.097168,0.07669,0.026199,0.0086291,0.016026
2,0.70226,0.72822,0.71513,0.74465,0.65397,0.11376,0.017308,0.038005,0.0072005,0.0034861,0.0040043,0.013263,0.087905,0.1375,0.45485,0.51513,0.65156,0.89904,0.85332,0.39435,0.10997,0.086826,0.15869,0.42041,0.43757,0.058115,0.0080317,0.013757
2,0.065665,0.062984,0.045535,0.061274,0.066385,0.040117,0.015625,0.053093,0.038729,0.18649,0.56805,0.78389,0.83291,0.77295,0.74591,0.19591,0.26077,0.28369,0.31291,0.077952,0.65239,0.6474,0.1302,0.012684,0.013123,0.019734,0.012653,0.021989
2,0.57723,0.41943,0.10225,0.42424,0.55625,0.23579,0.39859,0.86455,0.93289,0.92164,0.91211,0.697,0.66693,0.79759,0.78572,0.79914,0.61206,0.58711,0.32069,0.13434,0.044424,0.082247,0.055099,0.023441
2,0.56678,0.48236,0.33789,0.28609,0.112,0.058956,0.028189,0.022231,0.0033813,0.0090534,0.019397,0.02662,0.17744,0.18378,0.079456,0.057983,0.10571,0.084437,0.29563,0.20632,0.48157,0.58435,0.45416,0.33919,0.02879,0.027467,0.017713,0.012243,0.01006,0.02148,0.097189,0.016286
2,0.54349,0.33252,0.19668,0.13792,0.10827,0.26686,0.14934,0.087052,0.09551,0.13795,0.47262,0.68888,0.48101,0.73161,0.50931,0.4748,0.46408,0.46878,0.31497,0.49295,0.36714,0.61682,0.5397,0.68688,0.69954,0.69379,0.55125,0.020293,0.011244
2,0.3882,0.48582,0.53089,0.6537,0.30752,0.12902,0.37221,0.04216,0.054682,0.02788,0.021421,0.029128,0.1262,0.20016,0.35731,0.33688,0.672,0.60438,0.39592,0.44815,0.46609,0.32804,0.23255,0.4337,0.22757,0.26502,0.077865,0.051004,0.17409,0.065258,0.040183,0.003181,0.018265
2,0.67112,0.44375,0.30166,0.20006,0.37799,0.42721,0.60482,0.229,0.071892,0.088183,0.38782,0.28143,0.62111,0.69928,0.30128,0.30143,0.83504,0.69874,0.88736,0.64613,0.75582,0.80278,0.50974,0.015058,0.020003,0.10006,0.016856,0.026577
2,0.23469,0.30412,0.13939,0.18775,0.080967,0.091226,0.022525,0.011007,0.0138,0.037102,0.065561,0.17698,0.22049,0.13112,0.0067529,0.0054082,0.0069201,0.062989,0.050367,0.05258,0.049197,0.038281,0.010542,0.0055839,0.030945,0.01382,0.0064878,0.010436
2,0.15473,0.55381,0.26692,0.42859,0.48969,0.60671,0.39986,0.26187,0.41347,0.59901,0.65597,0.9623,0.88303,0.72158,0.065039,0.024006,0.19417,0.12143,0.045867,0.061997,0.076783,0.050055,0.082515,0.086326,0.039972,0.0077996,0.017782
2,0.092995,0.056668,0.029846,0.038757,0.017436,0.010516,0.0096614,0.015029,0.011315,0.011337,0.015275,0.030138,0.06264,0.093629,0.07873,0.11696,0.2628,0.40351,0.1941,0.65058,0.63854,0.58467,0.081355,0.05844,0.15573,0.034707,0.012322
2,0.91015,0.071827,0.014827,0.026889,0.012046,0.0094231,0.046136,0.025454,0.023374,0.10964,0.083921,0.16474,0.10181,0.19966,0.12842,0.036959,0.017112,0.068411,0.34485,0.20639,0.31674,0.44454,0.34781,0.023292,0.034868,0.035905,0.04173,0.20763,0.42135,0.49161,0.75815,0.94786,0.43022,0.062696,0.18602,0.219,0.28244,0.045059,0.11773,0.075017,0.010802
2,0.52474,0.10709,0.023146,0.025626,0.029944,0.012513,0.043337,0.1097,0.1826,0.61228,0.87957,0.86307,0.6455,0.05949,0.3296,0.36974,0.1463,0.36564,0.21419,0.3974,0.61213,0.63499,0.36504,0.21926,0.27546,0.25351,0.70463,0.53159,0.40808,0.015403,0.0088998,0.015572,0.013068,0.015544,0.0067793,0.011983,0.028849
2,0.040978,0.031613,0.092685,0.091541,0.39011,0.47774,0.63696,0.47033,0.61686,0.086567,0.021816,0.036212,0.025985,0.021307,0.052752,0.043397,0.056486,0.048286,0.01474,0.038703,0.082183,0.095366,0.11757,0.13301,0.14393,0.22332,0.067072,0.058278,0.10761,0.061826,0.036203,0.044768,0.06067,0.084965,0.065998,0.22542,0.86583,0.70247,0.64311,0.46568,0.073926,0.035597,0.048072,0.07026,0.074438
2,0.41915,0.40985,0.1042,0.063831,0.030742,0.035298,0.041346,0.042258,0.057058,0.11611,0.151,0.11038,0.086109,0.15552,0.29285,0.39794,0.12908,0.20195,0.17985,0.09408,0.27851,0.23464,0.11056,0.11444,0.049351,0.070097,0.45729,0.51047,0.14958,0.30298,0.19144,0.046851,0.023935,0.09647,0.021091,0.035204,0.079128,0.37638,0.62054,0.86887,0.89712,0.83076,0.023254,0.018572,0.015026,0.014902,0.01066,0.01547,0.0070408,0.0086651,0.012646,0.0072841
2,0.91501,0.23192,0.020042,0.016085,0.12459,0.14488,0.22826,0.60469,0.3233,0.2538,0.39192,0.34013,0.11335,0.082643,0.048612,0.036133,0.03424,0.4128,0.13939,0.038785,0.068252,0.045719,0.02065,0.059675,0.097548,0.24149,0.47126,0.47819,0.76392,0.78851,0.24524,0.23218,0.33113,0.24666,0.21112,0.15632,0.34343,0.0885,0.02307
2,0.14416,0.03922,0.013895,0.011185,0.033718,0.046969,0.16708,0.22215,0.3035,0.1877,0.35829,0.34333,0.39203,0.24783,0.28136,0.33154,0.23763,0.20868,0.43865,0.22251,0.057977,0.045696,0.036097,0.13288,0.14613,0.31626,0.28936,0.11524,0.017124,0.034423,0.028012,0.048763,0.039782,0.047997,0.054224,0.022754
2,0.31278,0.074779,0.091696,0.15768,0.33067,0.18009,0.31529,0.42836,0.26017,0.2478,0.3886,0.19034,0.23369,0.23641,0.19184,0.36856,0.62526,0.61747,0.71324,0.752,0.76995,0.24752,0.24333,0.078255,0.046799,0.060058,0.034617,0.0061627,0.0095372
2,0.43045,0.11109,0.26702,0.5882,0.15569,0.055458,0.093099,0.16258,0.76192,0.8037,0.86934,0.71383,0.7212,0.82904,0.84549,0.78253,0.67087,0.059003,0.0073886,0.0068578,0.010769,0.01709,0.063478,0.036179,0.0203,0.0094144,0.01373
2,0.18933,0.047362,0.093506,0.1411,0.55719,0.62552,0.70629,0.13644,0.010127,0.13962,0.16996,0.18315,0.51677,0.67324,0.23903,0.54144,0.43322,0.68012,0.50935,0.12286,0.16535,0.23274,0.35145,0.48816,0.30661,0.38766,0.071315,0.34915,0.36441,0.26807,0.27019,0.24331,0.12162,0.14526,0.13732,0.16204,0.095079,0.0095507
2,0.31194,0.2794,0.16479,0.1275,0.13424,0.17167,0.16584,0.5,0.49163,0.78326,0.62445,0.56713,0.61043,0.76033,0.65488,0.56837,0.54951,0.34373,0.20583,0.066557,0.057697,0.059477,0.046363,0.015669
2,0.021265,0.016589,0.029442,0.020219,0.019176,0.061224,0.059606,0.070188,0.11402,0.060255,0.010933,0.0078654,0.062962,0.25961,0.35978,0.57657,0.81659,0.77676,0.91347,0.685,0.82398,0.21173,0.11282,0.17531,0.17939,0.19921,0.42113,0.654,0.70887,0.68145,0.70316,0.038791
2,0.50578,0.097236,0.43923,0.92459,0.96061,0.89303,0.8974,0.78157,0.31475,0.24614,0.21677,0.088206,0.41425,0.7921,0.81261,0.81465,0.67942,0.48915,0.23239,0.19437,0.35701,0.36776,0.16015,0.043385,0.011187
2,0.5661,0.55374,0.68363,0.74141,0.33671,0.38514,0.70978,0.86101,0.70318,0.096006,0.015671,0.4148,0.29953,0.13866,0.11639,0.4325,0.0086704,0.0099653,0.011483,0.0068187,0.0050103,0.0065661
2,0.12867,0.22701,0.12097,0.050091,0.12079,0.3039,0.49158,0.36711,0.26243,0.365,0.17081,0.20543,0.30343,0.57771,0.56419,0.54653,0.60647,0.72556,0.3571,0.31486,0.53536,0.43017,0.47334,0.31037,0.056922,0.012506,0.010022
2,0.454,0.27902,0.23488,0.42028,0.47352,0.4108,0.48408,0.46599,0.56745,0.54902,0.60581,0.81414,0.70929,0.76714,0.4243,0.15652,0.082481,0.035368,0.025648,0.046503,0.049118,0.066108,0.061385,0.27265,0.28244,0.22257,0.054085,0.014883,0.011151
2,0.40019,0.27488,0.12767,0.14256,0.76185,0.60889,0.84849,0.91855,0.8896,0.27609,0.24879,0.24614,0.21979,0.47713,0.30987,0.043648,0.28558,0.36634,0.35635,0.5,0.38326,0.02711,0.048818,0.025976,0.012573,0.02138
2,0.22046,0.16711,0.25507,0.30991,0.22689,0.39328,0.37977,0.84135,0.87878,0.31859,0.12308,0.40018,0.5,0.41588,0.30271,0.39994,0.042785,0.06003,0.059166,0.046271,0.016733,0.01196
2,0.33508,0.42915,0.81877,0.7979,0.67666,0.79597,0.88731,0.58852,0.20871,0.028689,0.083322,0.039918,0.049886,0.051208,0.18206,0.026582,0.073443,0.065315,0.059432,0.060305,0.027219,0.018794
2,0.85031,0.88854,0.77718,0.88784,0.9047,0.32151,0.28463,0.57224,0.36484,0.19602,0.09395,0.01368,0.076256,0.077924,0.16662,0.16888,0.14301,0.25062,0.079813,0.17645,0.10078,0.06194,0.022881,0.0082647,0.017886
2,0.13672,0.15572,0.19085,0.20536,0.25281,0.18741,0.3509,0.42109,0.54041,0.87413,0.60269,0.073662,0.13143,0.32786,0.51473,0.21446,0.25013,0.4046,0.094741,0.010975,0.023771,0.062589,0.15083,0.18668,0.052983,0.072914,0.012249
3,0.0045673,0.0148,0.0070284,0.0027184,0.0024535,0.0022713,0.00079332,0.00063391,0.0006662,0.0012044,0.0023284,0.005393,0.0029889,0.0020747,0.0023215,0.0032146,0.0029569,0.022372
3,0.0065843,0.003409,0.0034382,0.0020069,0.0010922,0.001189,0.0019444,0.002029,0.0011844,0.0014766,0.0035604,0.01505,0.015292,0.015822,0.02405,0.0034265,0.0012322,0.0025078,0.0059747
3,0.00061533,0.0009639,0.0012464,0.0014083,0.00083733,0.00086279,0.00090182,0.00048609,0.00093241,0.00048318,0.00071286,0.0008601,0.0015824,0.0013703,0.0018688,0.0018163,0.0024757,0.002014,0.0008894,0.0022507,0.0072595
3,0.0039428,0.0028209,0.0021445,0.0017275,0.0011104,0.0012679,0.0012166,0.0012809,0.0011667,0.00081844,0.00082621,0.00090181,0.0015744,0.00080326,0.0009053,0.00074611,0.00087148,0.00061113,0.0013272,0.01572,0.0099025
3,0.0041529,0.0017646,0.0018545,0.00077095,0.00060613,0.00047396,0.00056766,0.00051358,0.00073741,0.0023592,0.0017557,0.0019397,0.0033594,0.0030249,0.0019484,0.00072984,0.00077279,0.0040038,0.0012872,0.0014058,0.0014405,0.0013703,0.00097415,0.00074058,0.00099748,0.0018275,0.0010532,0.0012833,0.0091691
3,0.00087353,0.0010288,0.0031839,0.0013981,0.00073901,0.00079759,0.00096742,0.00047069,0.00090344,0.0012646,0.0012074,0.0021778,0.0017481,0.001155,0.0020412,0.0012511,0.00074358,0.0052239,0.010521,0.0089521,0.0018005,0.00066932,0.00088182,0.00073058,0.0012721,0.00065651,0.00089201,0.0012591,0.0016104,0.0022478,0.0014046,0.00090763,0.00056402,0.0004924,0.00037686,0.00050887,0.00048102,0.00054107,0.00091602,0.00066249,0.00081167,0.00062368,0.00077859,0.00082612,0.00080877,0.00056034,0.00058197,0.00067271,0.0020885,0.00067553,0.0019175,0.0048781,0.011237,0.0065378
3,0.0038922,0.0039606,0.0047539,0.0029705,0.0017032,0.00075475,0.00046579,0.0004715,0.00072331,0.00036231,0.0003701,0.00068026,0.00045784,0.00034709,0.000402,0.00038342,0.00033451,0.00035723,0.00042972,0.001549,0.0017761,0.00099066,0.0010554,0.0010631,0.0003079,0.00026926,0.00030881,0.0003178,0.00039278,0.00053008,0.0012448,0.0011283,0.0033646,0.0029817,0.0011582,0.00077085,0.00062965,0.003026,0.0049702
3,0.0037932,0.0032123,0.0064156,0.0046718,0.0050784,0.0041559,0.0043138,0.0037498,0.0078114,0.0038228,0.003024,0.0034594,0.00099499,0.00063941,0.0018838,0.0017566,0.0011535,0.0013297,0.0013345,0.0020646,0.00073553,0.00086282,0.00090527,0.0028538,0.00066955,0.0083779,0.0072316,0.012826,0.029681,0.22908,0.054476,0.0046187,0.0060038,0.028824
3,0.0045012,0.011697,0.0068089,0.0030961,0.0016173,0.003358,0.0034721,0.0034663,0.0021798,0.0023317,0.0013159,0.0010341,0.0010441,0.0008598,0.0010273,0.00073163,0.0009421,0.0015487,0.0017035,0.0017696,0.00096647,0.0010873,0.001106,0.0019373,0.0019361,0.001746,0.0026979,0.0027319,0.0018004,0.007886,0.016515,0.0055609,0.006362,0.0097939,0.022417
3,0.00079662,0.0052315,0.0082163,0.012506,0.0041415,0.0035072,0.0041937,0.0031012,0.0020438,0.0033507,0.003644,0.0022651,0.0015957,0.0013751,0.0006134,0.00034513,0.00026043,0.00026611,0.00037472,0.00032912,0.00035848,0.0010009,0.0012934,0.0019042,0.0007595,0.00078679,0.00043799,0.00038368,0.00039125,0.00051187,0.0012856,0.0020143,0.0017301,0.0018761,0.0012432,0.0017146,0.0032953,0.0038875,0.015268,0.20771,0.10358,0.011525,0.0020843,0.00081929,0.0072307
3,0.0013453,0.0051387,0.0081246,0.0061375,0.0038134,0.0043227,0.0012383,0.00035831,0.00037013,0.00072884,0.0018639,0.0046816,0.0031434,0.0055668,0.0017456,0.0014788,0.001465,0.01314,0.010689,0.014324,0.01632,0.00088358,0.00044362,0.00049681,0.00033878,0.00023524,0.00027027,0.00059238,0.00059631,0.0018336,0.0025476,0.00099337,0.00069737,0.00063934,0.00045411,0.00046956,0.0013448,0.0035205,0.011334,0.011386,0.01011,0.011464,0.0045182,0.013941,0.0063992,0.0038139,0.002042,0.0012029,0.00084943,0.0014806,0.0015558,0.0031297,0.0042534,0.0039239,0.0048296,0.11258,0.0083517
3,0.023259,0.022207,0.014067,0.013139,0.014313,0.0040928,0.0010846,0.0036122,0.0011453,0.00076554,0.002195,0.0011239,0.00038896,0.0015885,0.0011221,0.0023539,0.0015741,0.0013505,0.0006798,0.002127
3,0.0023239,0.0021505,0.0013562,0.0017744,0.00087063,0.00047322,0.00036527,0.00020313,0.00024221,0.00029106,0.00051722,0.0010704,0.0012217,0.00068352,0.00067257,0.00062061,0.00084811,0.0017993,0.013641,0.02161
3,0.0041174,0.004517,0.0074419,0.0057502,0.0086872,0.0073852,0.0085206,0.0044027,0.00304,0.0018988,0.0014604,0.0014304,0.0013002,0.0023128,0.0014779,0.00088041,0.0010696,0.0010124,0.002568,0.0022493,0.0020019,0.0052321
3,0.0030656,0.0061827,0.0097892,0.0051837,0.0059006,0.0058939,0.0095552,0.0024002,0.0005066,0.00029161,0.00046864,0.000634,0.0012319,0.0020351,0.0021681,0.0038405,0.0053253,0.0056713,0.010538,0.0093168,0.0063134,0.0040646,0.0018852,0.0076026
3,0.012728,0.014112,0.015255,0.011434,0.006583,0.0048601,0.0076117,0.0050874,0.0028433,0.0018207,0.0018805,0.0016658,0.00092476,0.0006846,0.00035909,0.00028611,0.0003302,0.00032759,0.0024259,0.0065833,0.0012939,0.0012363,0.0018646,0.0025926,0.0031972,0.0026687,0.0026133,0.0025773,0.0025324,0.0019414,0.0023315,0.00083035,0.00081817,0.0010334,0.0028217,0.00079819,0.0016679,0.0011151,0.004552,0.0068185
3,0.0015437,0.00044501,0.00048136,0.00036109,0.00015426,0.00018593,0.00039702,0.00044879,0.00022816,0.00065384,0.00017265,0.00028128,0.0014595,0.0024761,0.0028105,0.021392,0.033842,0.0053086,0.011647,0.011184,0.0028935,0.00080074,0.0009251,0.00056522,0.00051827,0.0012832,0.0016025,0.0026209,0.051992,0.0056015,0.004085,0.0037836,0.0067403,0.0072552
3,0.0064504,0.002144,0.001081,0.00096358,0.0003938,0.00047365,0.0007614,0.002574,0.0011177,0.0004248,0.00036763,0.00059531,0.00046957,0.0014338,0.0018601,0.0022173,0.00092894,0.0011487,0.0017481,0.0037005,0.0051196,0.0068531,0.011876,0.01289,0.013063,0.012446,0.010937,0.010645,0.031586,0.009675,0.00091308,0.0015902,0.0065641,0.013453,0.011555,0.0098328,0.010301,0.013028,0.0029798,0.0014148,0.00073489,0.00076083,0.0003969,0.00041952,0.00039491,0.00046616,0.0010123,0.00072444,0.0023137,0.0039474,0.012331,0.01744
3,0.0052182,0.0038341,0.0026131,0.00090114,0.00031734,0.0003496,0.0003264,0.00063612,0.0044201,0.00037613,0.0012445,0.0020634,0.0021811,0.0042254,0.004763,0.010043,0.0031805,0.0032457,0.0050029,0.0035949,0.0010977,0.0013246,0.0014886,0.00046951,0.0019184,0.0012488,0.00064032,0.00047592,0.000504,0.00029784,0.0002274,0.00027853,0.00014871,0.00013932,0.00026276,0.00068885,0.006963
3,0.00053094,0.00035878,0.00043384,0.00047731,0.00040114,0.00071356,0.0025331,0.0049871,0.0014224,0.00065124,0.00017371,0.00021748,0.00036226,0.00039489,0.00044731,0.00090871,0.0010664,0.0014295,0.001962,0.002893,0.0047813,0.0013962,0.0010224,0.0011665,0.0011762,0.0014815,0.0054759,0.0015662,0.00057862,0.0002204,0.00025594,0.0003495,0.0004969,0.0012849,0.0045933,0.014526
3,0.0060695,0.008402,0.014658,0.01478,0.010971,0.0043839,0.0026241,0.0024167,0.001185,0.0024168,0.0033857,0.0050461,0.0038096,0.0098952,0.011464,0.0042044,0.0019164,0.0012915,0.001942,0.0027919,0.0027606,0.015607,0.0025211,0.0016012,0.0015499,0.0020925,0.0040734,0.006538,0.0035537,0.0036017,0.0023884,0.0015579,0.00137,0.0011723,0.0012265,0.0010026,0.00062373,0.00051828,0.0023066,0.0023178,0.0045291
3,0.00057684,0.00091723,0.00052753,0.0004995,0.00033262,0.0004297,0.00030203,0.00021967,0.0002563,0.00025167,0.00028556,0.00018934,0.00041633,0.0005469,0.00091444,0.0015177,0.0014608,0.0012812,0.0004728,0.0010416,0.00080299,0.00062304,0.00022861,0.00021694,0.00028164,0.00031654,0.00017376,0.00011898,0.00012281,0.00011691,0.00013446,0.0004261,0.0059705,0.0042834,0.0054191,0.0067604,0.0083902,0.0088861,0.0075917,0.0040248,0.00054628,0.00023383,0.00028579,0.00030563,0.00029702,0.00046332,0.0013169,0.0015778,0.001694,0.00067613,0.00064598,0.00036066,0.00047927,0.00035599,0.00031887,0.00022286,0.00018542,0.0019999,0.0051087,0.011998
3,0.0026494,0.0011457,0.0010438,0.001137,0.0013684,0.00067873,0.00059174,0.0006241,0.00048263,0.00057982,0.00074699,0.00055561,0.00072493,0.0013542,0.002269,0.00061341,0.00090034,0.0009521,0.00078197,0.00067191,0.00039161,0.00051216,0.00050907,0.00043874,0.000456,0.00082863,0.0008872,0.0012254,0.0013503,0.0010378,0.0077524,0.0038171,0.0038794,0.002898,0.015431,0.0069337,0.0065299,0.007363
3,0.0032963,0.00070096,0.0028105,0.0015247,0.00053839,0.0005762,0.00071305,0.00046837,0.00044633,0.0006034,0.0009756,0.0011475,0.0016813,0.0021561,0.0015401,0.0012025,0.0014435,0.002746,0.0014833,0.002737,0.0015532,0.00062956,0.00092873,0.0017185,0.0021521,0.0033343,0.0091369,0.0094478,0.0089373,0.011161,0.013405,0.01132,0.011082,0.010445,0.01344,0.019531,0.0027592,0.0046414,0.0025335,0.0011469,0.0012572,0.0032545,0.0039162,0.0054476,0.0054016,0.008401,0.0039073,0.0027652,0.0031243,0.012088,0.017123,0.014527,0.02219
3,0.0019632,0.0007502,0.00035449,0.00030633,0.00024871,0.00025461,0.00023429,0.00046374,0.00031269,0.00022346,0.00035657,0.00092693,0.0012236,0.01099,0.0093942,0.008501,0.013788,0.027603,0.0026199,0.00097325,0.0038685,0.0032751,0.0038181,0.0059899,0.015848,0.046529,0.0093223,0.0045456,0.0042151,0.0034519,0.00071044,0.00068741,0.00054467,0.00060014,0.0048013,0.0046362,0.0060168,0.0027838,0.0096143,0.010061,0.010079,0.0078788,0.0024313,0.0054914,0.0069407,0.004046,0.0036198,0.0023941,0.0029437,0.0020008,0.0019058,0.0019646,0.00035679,0.0014635,0.0012703,0.0021349,0.0039258,0.063578,0.0074428
3,0.0021484,0.001676,0.0041909,0.0077987,0.0097022,0.0098206,0.012401,0.0045114,0.0020858,0.00067293,0.00071327,0.00046858,0.0010755,0.0010914,0.0017118,0.0021194,0.001809,0.001906,0.0018457,0.0022226,0.0041035,0.0045313,0.0058518,0.0029298,0.0024087,0.0010957,0.00096189,0.00071446,0.0013108,0.0017241,0.002167,0.0027306,0.0027639,0.0021569,0.0016336,0.00087779,0.00096979,0.00079094,0.00083194,0.0016809,0.0031282,0.0036563,0.0047682,0.002728,0.002039,0.0017894,0.0015321,0.00052028,0.0009717,0.0045674
3,0.010943,0.028893,0.0081732,0.0099459,0.0033937,0.0040031,0.0022151,0.0028466,0.00060721,0.00070917,0.00073895,0.0030749,0.00050359,0.00064215,0.00067245,0.0011477,0.0027073,0.044484,0.0048853,0.0012929,0.0016183,0.00054,0.00045184,0.00047185,0.0012768,0.0013788,0.0010102,0.00060664,0.00047898,0.00063341,0.0013774,0.00087248,0.0023322,0.0034127,0.0027143,0.0050498,0.0025739,0.0018429,0.0043922,0.010438
3,0.0011246,0.0021016,0.0019813,0.0027617,0.0018213,0.013336,0.0014212,0.0013555,0.0021098,0.0013099,0.0012364,0.0033892,0.0026142,0.0021441,0.00098145,0.0023114,0.0011351,0.0055561,0.007768,0.0081519,0.0044173,0.0065008,0.013388,0.015404,0.010733,0.009119,0.011449,0.0013414,0.0017316,0.0010607,0.0010812,0.0028091,0.002157,0.0014538,0.0033082,0.0027167,0.0026073,0.0086959,0.0041357,0.00089108,0.00088717,0.00066566,0.00068932,0.00094859,0.0031814,0.0041708,0.0085796,0.0050335,0.0082954
3,0.00075764,0.0015528,0.0037461,0.0057932,0.0025182,0.0018458,0.0023981,0.001127,0.0011212,0.001868,0.0014629,0.0018376,0.0020804,0.001147,0.0009724,0.0027665,0.0049453,0.00041407,0.00070218,0.00063836,0.00074476,0.0009793,0.003587,0.003781,0.0035342,0.00049938,0.0022616,0.0022537,0.0047581,0.0045445,0.0038188,0.0031093,0.0027674,0.0030554,0.0027672,0.0023258,0.0016832,0.0099344,0.0073454,0.0040993,0.0038026,0.0022772,0.0012398,0.0011298,0.00092112,0.0011886,0.00056385,0.00043811,0.00042851,0.00026962,0.00021482,0.00059926,0.00052619,0.0038348
3,0.0026078,0.0048829,0.00091676,0.0013063,0.00062158,0.00048506,0.0016675,0.0015181,0.0011257,0.0019841,0.0026737,0.0035956,0.0018267,0.0022621,0.0015267,0.0016769,0.0021912,0.0026228,0.0019196,0.0055849,0.0059082,0.0013751,0.00067855,0.001401,0.0014886,0.0014577,0.0012016,0.0013862,0.0085499,0.0031435,0.0045133,0.0015886,0.0017257,0.0010048,0.00081128,0.0007387,0.00059391,0.0014571,0.0037723
4,0.021304,0.016764,0.0073633,0.013711,0.0032654,0.0068937,0.015972,0.0064094,0.0052718,0.0026512,0.0010209,0.00066007,0.00087102,0.00055669,0.00054138,0.00062611,0.0057767
4,0.00087929,0.0003509,0.00077465,0.00027252,0.00019694,0.00026463,0.00045462,0.00028798,0.0013398,0.0012176,0.0031228,0.0062919,0.047017,0.0049151,0.0052027,0.022236,0.011686,0.010695
4,0.055111,0.064546,0.04651,0.0025924,0.0008271,0.0022329,0.0027698,0.0031823,0.0036449,0.0048177,0.0097533,0.026197,0.022414,0.0083536,0.0082534,0.011281,0.010728,0.017002
4,0.0061416,0.005795,0.0092574,0.0052779,0.0041946,0.049192,0.17045,0.10104,0.0444,0.16178,0.030041,0.004038,0.0015806,0.0037994,0.017636,0.016103
4,0.0024542,0.00086972,0.00063145,0.00011419,0.00011558,0.0017747,0.001398,0.0048918,0.0094632,0.047431,0.0066311,0.012226,0.0019865,0.0018326,0.01071,0.01476
4,0.075275,0.073022,0.09429,0.0019641,0.0013891,0.0020634,0.011054,0.0067266,0.0030599,0.013859,0.011205,0.026866,0.019647,0.015047,0.013351,0.029609,0.0062001
4,0.0027583,0.00089225,0.00053622,0.00062402,0.00098068,0.00023898,0.00044279,0.002933,0.0018175,0.0088664,0.032989,0.037727,0.033845,0.030293,0.034652,0.02754,0.027424
4,0.014733,0.025512,0.012028,0.0032216,0.0035641,0.0058104,0.0024067,0.00081674,0.0017204,0.0024867,0.0016737,0.003178,0.0066122,0.0082781,0.010981,0.023073,0.0088147,0.017294
4,0.008038,0.0048884,0.0012647,0.0016977,0.0019463,0.0004144,0.0013554,0.0022001,0.0090303,0.0092737,0.0062256,0.0040557,0.0012375,0.0044506,0.013932
4,0.024355,0.0074675,0.010911,0.0059244,0.0059405,0.0053965,0.0040505,0.0081932,0.015164,0.01801,0.0054336,0.0066953,0.0028704,0.0038524,0.010897,0.018122
4,0.067,0.10917,0.059604,0.051476,0.08647,0.03222,0.0020389,0.030071,0.049399,0.038351,0.013353,0.017777,0.0023063,0.0014218,0.0032058,0.017256
4,0.0035136,0.0018342,0.015439,0.012529,0.0024015,0.0011288,0.0021573,0.00068367,0.0019384,0.0046779,0.0038702,0.0016603,0.0021465,0.00068934,0.00046502,0.00033119,0.00089354,0.0065204
4,0.0011334,0.0010764,0.00038458,0.00054642,0.0010123,0.0011364,0.0018684,0.0016587,0.00084585,0.0016784,0.0010599,0.0011951,0.0013685,0.0022419,0.0016728,0.00077987,0.0019972,0.007345,0.0044004,0.0026948,0.010853
4,0.0053703,0.0020791,0.001698,0.0049118,0.0012587,0.0010109,0.0015348,0.00095885,0.0027518,0.0025631,0.0092055,0.021652,0.011883,0.0040991,0.0028456,0.0085414
4,0.00047679,0.00053703,0.001916,0.00058373,0.00049486,0.00082838,0.00087888,0.0013654,0.0022853,0.0021694,0.00061929,0.0011947,0.0019646,0.0018223,0.0030054,0.0079787,0.036061
4,0.00055983,0.00068651,0.001254,0.0015862,0.00051444,0.00037449,0.00073206,0.0017116,0.0018801,0.0014375,0.0010875,0.0007883,0.00027288,0.00025464,0.00027478,0.00061924,0.0013429,0.0011713,0.0014759,0.0056883,0.0061423,0.0034196,0.0054187,0.0017495,0.00090639,0.0004741,0.00034182,0.00067721,0.003034,0.00090389,0.0075479,0.0050656,0.015574,0.016628
4,0.015994,0.0091533,0.016869,0.0052065,0.00066723,0.00043382,0.0006126,0.00079595,0.00091487,0.00034706,0.00095611,0.0014123,0.0010953,0.0013694,0.0023615,0.0053261,0.0023579,0.00193,0.0027558,0.0022505,0.0033757,0.0038275,0.0039827,0.0015595,0.0020611,0.0022346,0.00448,0.006774,0.0048901,0.0064448,0.0058868
4,0.16032,0.065946,0.10088,0.02292,0.023511,0.019907,0.021616,0.021625,0.0040663,0.0053402,0.0033031,0.0082338,0.0093924,0.014356,0.0081306,0.0057002,0.0057298,0.0035652,0.0027454,0.002494,0.0031488,0.0044207,0.0057676,0.010848,0.0098113,0.013854,0.029149,0.059686,0.034794,0.025565,0.026867,0.017311
4,0.0096164,0.0046079,0.010434,0.0069776,0.0027277,0.0019899,0.0020779,0.00079779,0.00031798,0.00079965,0.00036971,0.00018071,0.0004437,0.0014733,0.0015094,0.0064425,0.0038782,0.0029696,0.00026136,0.00054023,0.00057485,0.00076941,0.00088487,0.00032214,0.00034485,0.00064016,0.0019113,0.026781,0.021896,0.010719,0.041626,0.0071794
4,0.01071,0.010234,0.024597,0.032745,0.044348,0.036477,0.054168,0.012322,0.0060785,0.00070317,0.00083636,0.00065336,0.0024834,0.0037707,0.0092617,0.015572,0.0061205,0.0042313,0.0025816,0.0028225,0.0015171,0.0026517,0.0016801,0.003029,0.0021951,0.0028219,0.0057704,0.0079006,0.0044798,0.014047,0.033822,0.0061252
4,0.015133,0.010503,0.007365,0.0086211,0.0049834,0.00056321,0.00049499,0.00036277,0.0004075,0.0011287,0.0012041,0.0013877,0.0016462,0.0010661,0.00099613,0.0013631,0.00093639,0.0012239,0.0079518
4,0.00025549,0.00028462,0.00054345,0.00067309,0.00079212,0.00067949,0.00034656,0.00023688,0.00017795,0.00031171,0.0012264,0.0011128,0.0010462,0.0023486,0.0037178,0.0021167,0.0034208,0.0028733,0.004294
4,0.0016709,0.0022191,0.00088137,0.00081215,0.00074676,0.00020683,9.5641e-05,8.6296e-05,0.0006896,0.0034923,0.0045373,0.013622,0.0071888,0.003251,0.0013295,0.0021229,0.0017792,0.0036121
4,0.0019824,0.0022413,0.0037601,0.0057835,0.0084788,0.014283,0.0016014,0.0011757,0.002843,0.0039421,0.0066227,0.0024704,0.0033518,0.0021358,0.00063265,0.00039067,0.00067735,0.00098068,0.003018,0.0024075,0.0039816,0.0011463,0.0010143,0.0017706,0.0064823
4,0.0030316,0.0019517,0.0012118,0.0024149,0.0011367,0.0007442,0.00070561,0.00097239,0.0021654,0.0051118,0.0060833,0.0063593,0.0066182,0.00098088,0.00075533,0.0017638,0.0031506,0.0025728,0.019856,0.0071074,0.0050159,0.0015521,0.0017592,0.014794
4,0.0031965,0.0023279,0.0024966,0.0011797,0.0011492,0.0015216,0.00048116,0.0005373,0.00080523,0.0015481,0.0012154,0.0020838,0.0011892,0.0004711,0.00017406,0.00018925,0.00046355,0.0007467,0.004102,0.0081662,0.0012296,0.0032095,0.010837
4,0.0049044,0.0024497,0.0022188,0.001522,0.0018647,0.0023253,0.0021082,0.00088936,0.001139,0.00071003,0.00051229,0.00024484,0.00033644,0.00032125,0.00039651,0.00045047,0.00060965,0.001247,0.0050865,0.006878,0.003851,0.001892,0.001737,0.0018605,0.013192
4,0.0052042,0.0028615,0.0017352,0.0022655,0.0040823,0.0031855,0.0015862,0.00045872,0.00031749,0.001161,0.00068707,0.00043655,0.0012506,0.0027892,0.026108,0.03618,0.018609,0.013518,0.0052869,0.0010313,0.0010168,0.0015889,0.0015856,0.00056479,0.0014526,0.0020614,0.0015778,0.0026183,0.0060878,0.015073
4,0.0038871,0.0022153,0.0035748,0.0012823,0.00038926,0.0017182,0.0011375,0.00079309,0.00043549,0.0014795,0.0015757,0.00054596,0.0011786,0.00055709,0.00029587,0.00032574,0.00063456,0.0012886,0.00086035,0.00094191,0.00067788,0.00059125,0.00028941,0.0003855,0.00087223,0.001446,0.0027303
4,0.0015689,0.0011424,0.0021423,0.0017378,0.0013806,0.00056442,0.00028273,0.00018517,0.00025176,0.00045829,0.00046461,0.0011927,0.00063737,0.00098271,0.0005572,0.001107,0.0020245,0.0015965,0.00043803,0.00026288,0.00025816,0.00033183,0.00029927,0.00034118,0.0007967,0.0045421,0.0062104,0.016285
4,0.25577,0.15213,0.15171,0.065655,0.045478,0.016856,0.0050851,0.0017657,0.0042458,0.0062648,0.016795,0.084522,0.13484,0.062566,0.059209,0.034327,0.056154,0.053843,0.010178,0.0025749,0.00087042,0.0019051,0.002486,0.0011731,0.0061094,0.0071144,0.0053211
4,0.12781,0.13181,0.13798,0.05436,0.020184,0.018525,0.011175,0.0054751,0.0032847,0.0061857,0.015561,0.0041872,0.0030784,0.0057001,0.032457,0.024641,0.017419,0.017836,0.036801,0.037636,0.0056687,0.0036808,0.0029842,0.0040641,0.0061341,0.01037,0.017087,0.071243,0.061857,0.017889
4,0.009004,0.0045448,0.0078757,0.0075156,0.011708,0.0038038,0.0021334,0.0024105,0.0025786,0.0029733,0.0019231,0.0010567,0.00050673,0.00040171,0.00054069,0.0012244,0.0028335,0.0031612,0.0023597,0.0017988,0.00082242,0.00081129,0.00060775,0.00036591,0.00072955,0.0020129,0.0037522,0.010957
4,0.0013885,0.0024541,0.0020052,0.0027802,0.0034158,0.0055526,0.0010821,0.0011763,0.0012508,0.00062199,0.001066,0.00099664,0.00081323,0.0034628,0.0017276,0.0010793,0.0013597,0.0021381,0.0013506,0.0018208,0.0027768,0.00274,0.0051054,0.0042543,0.0024783,0.0026553,0.001643,0.001245,0.000969,0.0051516,0.0039491,0.0046698,0.0045784,0.015264,0.014023,0.0054605
4,0.061471,0.021583,0.007506,0.00050692,0.00048906,0.0056007,0.0070168,0.004916,0.00084645,0.00074505,0.00050926,0.0011976,0.0010437,0.0012413,0.0012393,0.0019427,0.0016955,0.00091667,0.00069912,0.00036242,0.00030213,0.00082248,0.00099924,0.0029364,0.0031568,0.0072726,0.01328,0.020908,0.01539,0.0071553,0.018534,0.0055706,0.0061522,0.0049275,0.03769,0.012236,0.0063849
4,0.0012346,0.0025056,0.0020473,0.00090224,0.00078552,0.00075603,0.00042521,0.00023394,0.00022636,0.0003083,0.00056289,0.001235,0.00085331,0.00047477,0.0008692,0.00086508,0.00080593,0.00065315,0.001643,0.0010969,0.0010168,0.00036464,0.0003884,0.00070155,0.00067225,0.0013324,0.0024689,0.0016673,0.00099327,0.00083814,0.00039625,0.0006889,0.0006507,0.00085078,0.00052677,0.0022232,0.01258,0.010267,0.012036
4,0.042504,0.0091341,0.0070337,0.018414,0.011485,0.0067808,0.009318,0.0029307,0.0091992,0.014566,0.035455,0.16948,0.083744,0.050213,0.017077,0.014609,0.0080436,0.0060657,0.0040583,0.0043104,0.0032319,0.0029352,0.010766,0.013639,0.021309,0.078048,0.24849,0.054761,0.016209,0.054823,0.042521,0.070984,0.067395,0.20739,0.062333,0.050331,0.025691
4,0.01532,0.010676,0.024991,0.037902,0.04202,0.061984,0.1133,0.055809,0.0064562,0.0029359,0.0017594,0.003076,0.0040295,0.0090171,0.015302,0.011586,0.0022781,0.0036374,0.0015602,0.0019343,0.0025306,0.012496,0.0054856,0.0064689,0.018037
4,0.010899,0.0041191,0.0014971,0.0029115,0.0024419,0.0025071,0.0027397,0.0050904,0.0033431,0.001624,0.0011238,0.0007794,0.00063387,0.0017482,0.0082374,0.01446,0.0044572,0.0022292,0.0017757,0.0028676,0.0017792,0.0011206,0.0015997,0.0044046,0.003655,0.0089601,0.012468
4,0.008944,0.0027267,0.0036914,0.023406,0.023114,0.026928,0.0057273,0.013507,0.0065695,0.0013143,0.001185,0.0005174,0.00089752,0.00073904,0.0020956,0.0070577,0.0053999,0.0089734,0.015479,0.003366,0.0024797,0.003264,0.0034091,0.0048263,0.013083,0.010706
4,0.0023461,0.0010148,0.00081047,0.00073801,0.00067676,0.00065132,0.00078843,0.0048299,0.0018894,0.0003928,0.00061328,0.00049858,0.00027536,0.00049627,0.00064326,0.0007818,0.0020204,0.0010284,0.00094415,0.00064676,0.00044981,0.00051531,0.0013977,0.0016208,0.0036103,0.0028288,0.007494
4,0.0026783,0.0014289,0.00060371,0.0011029,0.0013596,0.010161,0.0094026,0.022311,0.030332,0.016261,0.0019717,0.0036255,0.0037475,0.0034503,0.0048634,0.0015729,0.0011698,0.0017669,0.0036122,0.0028188,0.0017895,0.007012,0.0069065
4,0.00063857,0.00047084,0.00084274,0.00074018,0.0014151,0.0033326,0.0041575,0.0052241,0.0026437,0.0036452,0.0033277,0.003276,0.0031041,0.0025169,0.0036241,0.0019369,0.0012225,0.003086,0.0025806,0.011196,0.011529,0.0085775,0.022692
4,0.0034408,0.0012557,0.00090322,0.0074573,0.0034037,0.0037342,0.016558,0.013857,0.003585,0.001631,0.0023532,0.0039569,0.0052895,0.0050966,0.0044154,0.0026635,0.0025754,0.0052764,0.0099278,0.0052396,0.0051307,0.0062811
4,0.015609,0.0038105,0.0031415,0.0043485,0.0081389,0.0080654,0.038688,0.027512,0.013049,0.0062226,0.0022238,0.0015403,0.0023249,0.002642,0.0019318,0.0022436,0.0031939,0.0020179,0.0024727,0.0019964,0.0031146,0.0013053,0.0014324,0.0082228
4,0.00051933,0.00029307,0.00029943,0.000422,0.00047835,0.00075247,0.0051647,0.012746,0.003278,0.0040306,0.0021706,0.0011276,0.00093164,0.0027786,0.0025979,0.00066939,0.00045642,0.0001581,0.00018238,0.00026178,0.0009122,0.0035741,0.015979
5,0.12985,0.53821,0.24132,0.056414,0.040393,0.015123,0.0073811,0.036146,0.094962,0.048815,0.020789,0.02109,0.02728,0.093551,0.1569,0.44504,0.061033,0.57937,0.61548,0.69564,0.68581,0.39778,0.016442,0.014697,0.008119,0.0096141,0.014856
5,0.055196,0.025173,0.0059488,0.0035709,0.00070656,0.00068678,0.0016788,0.065018,0.089669,0.097285,0.20824,0.12291,0.12469,0.061693,0.01506,0.009847,0.012287,0.012882,0.014158
5,0.11753,0.11087,0.078112,0.02808,0.0060239,0.00052601,0.0092471,0.016364,0.062343,0.040616,0.07332,0.030097,0.063167,0.08736,0.16353,0.031332,0.023845,0.024983,0.015913,0.011281,0.060403,0.052656,0.0068192,0.010724
5,0.32106,0.024029,0.0093574,0.0069469,0.0081649,0.017954,0.0098665,0.01007,0.012282,0.0026171,0.00095257,0.0018872,0.13347,0.40548,0.5348,0.84663,0.86207,0.41112,0.034951,0.016764,0.0086165,0.0057751,0.0019886,0.012608,0.015245
5,0.074481,0.050332,0.077376,0.11312,0.22107,0.19683,0.045255,0.37503,0.4044,0.3021,0.026902,0.010946,0.0064286,0.0010445,0.0015258,0.014706
5,0.0039303,0.027711,0.0092509,0.0027093,0.003602,0.0039121,0.0014971,0.00061878,0.003208,0.0029909,0.018124,0.023975,0.0083288,0.014243,0.0022995,0.0007965,0.00056922,0.00058673,0.0017406
5,0.016749,0.0084207,0.012151,0.027972,0.026698,0.023602,0.012337,0.01397,0.0064577,0.0064763,0.0098197,0.0069656,0.010212,0.0061938,0.0050253,0.0029818,0.0006721,0.0017413,0.002765,0.0079993,0.011039,0.0073567,0.021374,0.092553,0.08657,0.088778,0.053806,0.013994,0.0046204,0.0033258,0.0051234,0.0025259,0.00718
5,0.19845,0.032152,0.028166,0.019038,0.016762,0.0032445,0.002901,0.002793,0.0030417,0.0041453,0.0027528,0.0042179,0.0035794,0.010007,0.0059275,0.0074516,0.0075258,0.0027557,0.002349,0.0011827,0.0028728,0.016021
5,0.021312,0.026253,0.025396,0.01285,0.0029518,0.0026725,0.0051995,0.0048185,0.015072,0.016182,0.0036713,0.0018495,0.0029421,0.0006991,0.0018703,0.0032472,0.0022229,0.0033721,0.013344,0.010593,0.0063305,0.0017792,0.00016129,7.678e-05,0.00014414,0.00012178,0.00086211,0.00097703,0.000493,0.00056165,0.00071075,0.00069724,0.0066934,0.01723,0.02669,0.24905,0.26676,0.17968,0.12745,0.31816,0.040628,0.0099907
5,0.038462,0.072969,0.028686,0.24901,0.45745,0.34238,0.090276,0.013338,0.0080087,0.0033556,0.0032183,0.0089764,0.0085717,0.004366,0.0061385,0.0062396,0.0043051,0.0024012,0.0021391,0.0029421,0.0015374,0.0010995,0.0010187,0.00097892,0.00076183,0.0016094,0.0018789,0.054108,0.06322,0.059889,0.12799,0.038767,0.00077821,0.00064178,0.0010086,0.0012685,0.0015219,0.002959,0.0020612,0.0056899,0.015092,0.0054169,0.0026613,0.0083746,0.033566,0.091156,0.26333,0.047062,0.021388,0.0083696,0.012698,0.011701
5,0.013618,0.0059524,0.001154,0.0014991,0.0035211,0.0030031,0.0039014,0.038917,0.015295,0.03961,0.070764,0.014147,0.005612,0.0064004,0.014043,0.0065271,0.0051485,0.012542,0.0047249,0.0017615,0.0032909,0.0043351,0.0033884,0.016729,0.039605,0.10129,0.0928,0.042036,0.27024,0.18244,0.14724,0.049677,0.015863,0.0076849
5,0.17051,0.18668,0.10586,0.050785,0.0861,0.091876,0.1747,0.13036,0.17519,0.060493,0.1057,0.11707,0.13995,0.042895,0.040924,0.0053108,0.0047072,0.051527,0.28608,0.16911,0.11829,0.12557,0.069135,0.053132,0.044621,0.038652,0.034704,0.018411,0.091771,0.065718,0.14521,0.20263,0.24718,0.25032,0.15095,0.17605,0.020718,0.01462
5,0.014865,0.0085009,0.010098,0.024878,0.014313,0.050857,0.030188,0.020476,0.013001,0.018492,0.0041616,0.0055317,0.012925,0.007064,0.0060927,0.011099,0.014585,0.017001,0.017736,0.049757,0.0099892,0.030798,0.015381,0.0045897
5,0.0052771,0.00097614,0.0012705,0.0012588,0.0016823,0.0086903,0.007542,0.0080509,0.017058,0.013353,0.0075113,0.0049442,0.0049575,0.0011608,0.0022409,0.010711,0.004054,0.0029314,0.0055832,0.004793,0.00098836,0.0010675,0.0016165,0.0068825,0.023903,0.084728,0.009458,0.012168,0.0086187,0.015749,0.0084853
5,0.016871,0.011303,0.028131,0.017071,0.016879,0.024991,0.011488,0.01348,0.038956,0.021239,0.015383,0.019627,0.020191,0.0018403,0.00098195,0.00049249,0.0022513,0.0007107,0.00080368,0.0022464,0.0050648,0.0064415,0.0085415,0.070445,0.059786,0.047483,0.0021335,0.00045185,0.00062604,0.0010293,0.0093528
5,0.074642,0.037484,0.011864,0.0062567,0.0024133,0.0013947,0.00761,0.013525,0.045232,0.075519,0.016201,0.0016254,0.00029353,0.0003101,0.0002039,0.00087555,0.00084377,0.0012149,0.0027022,0.0022123,0.0034225,0.0046586,0.062277,0.12859,0.21807,0.24411,0.31314,0.37899,0.24978,0.02471,0.037073,0.015984,0.017499,0.03142,0.016521,0.34544,0.056594,0.065693,0.067431,0.03973,0.026098,0.041821,0.034581,0.022282,0.006209,0.0014979,0.0066481,0.0018041,0.0018312,0.0016418,0.0041331,0.01573,0.059872,0.026572,0.032787,0.018051
5,0.14399,0.0054587,0.0041769,0.0027798,0.0031521,0.0017748,0.0065297,0.008462,0.0066464,0.011192,0.021199,0.019672,0.025611,0.080572,0.078249,0.0147,0.012348,0.015252,0.0073875,0.0030993,0.0078405,0.11898,0.21078,0.21479,0.19125,0.18856,0.015644,0.007335,0.11324,0.14926,0.095283,0.026051,0.29264,0.25373,0.12593,0.35723,0.37683,0.25267,0.1024,0.031763,0.0076508,0.011175,0.015228,0.012176,0.011454,0.0036222,0.002855,0.0055841,0.0058566,0.0090238,0.011808
5,0.0172,0.0016977,0.00036737,0.00033155,0.00089,0.0005469,0.00040738,0.00022274,0.00037019,0.00069841,0.0056302,0.0036534,0.0038813,0.0020539,0.0017853,0.00085099,0.00048659,0.00061128,0.0010165,0.0021329,0.006627,0.011572,0.0084229,0.0060241,0.0044888,0.0019373,0.0010177,0.0088007,0.008275,0.0051936,0.14798,0.028758,0.014214,0.0069325,0.0073149,0.00076994,0.00026664,0.0034537,0.0043421,0.0032476,0.0072556,0.022765,0.052215,0.032582,0.034055,0.014797
5,0.0086867,0.0065597,0.013707,0.0092321,0.011883,0.0092745,0.011178,0.0064768,0.0032002,0.0068527,0.014939,0.01667,0.020074,0.018441,0.0089659,0.004083,0.0097084,0.0032583,0.014155,0.021371,0.0095028,0.0087519,0.015275,0.038908,0.12547,0.12073,0.061909,0.020325,0.063345,0.061541,0.074659,0.013209,0.0015678,0.00085665,0.0016407,0.0021425,0.0035243,0.0095718
5,0.0046721,0.0047188,0.0014786,0.0011964,0.0015852,0.0010586,0.0022143,0.0032036,0.0024255,0.0029732,0.0011505,0.013049,0.013607,0.034097,0.071347,0.085772,0.0033336,0.001164,0.00079295,0.00091635,0.0015235,0.0030851,0.001461,0.0030527,0.0089345,0.015451,0.020174
5,0.0021077,0.0034725,0.003491,0.0019852,0.0011336,0.00092835,0.00058659,0.00035938,0.00041438,0.0012193,0.0080868,0.052117,0.035501,0.039213,0.025864,0.0043298,0.0036939,0.010593,0.0075548,0.0019551,0.0012313,0.00052811,0.0011778,0.0080305,0.010301,0.0076642,0.0059809,0.0044134,0.0079804,0.0057207,0.0068192,0.013086
5,0.021948,0.0031677,0.019626,0.0079477,0.0093683,0.0041973,0.013144,0.017489,0.038986,0.050183,0.016314,0.0038945,0.0014987,0.0014163,0.0029905,0.0087915,0.03131,0.043178,0.016719,0.022734,0.020537,0.010271,0.00092969,0.0052534,0.013837,0.0057462,0.0039478,0.0066855,0.010863
6,0.0026211,0.0011524,0.0010759,0.001046,0.0013487,0.0020762,0.0131,0.015055,0.0091765,0.010918,0.12502,0.074558,0.039561,0.041053,0.019907,0.016887
6,0.0039704,0.0017924,0.001474,0.00087168,0.00065302,0.0013159,0.0017083,0.00176,0.0056465,0.012029,0.05327,0.00984,0.011478,0.0050688,0.034032
6,0.10821,0.053261,0.054443,0.0060602,0.0042938,0.00086765,0.0016385,0.0020234,0.077347,0.29309,0.40644,0.12052,0.084769,0.0031978,0.0012188,0.0056863,0.0084805
6,0.21138,0.074795,0.1055,0.051525,0.027094,0.26094,0.53017,0.50594,0.40654,0.72759,0.63673,0.12595,0.013906,0.013693,0.018013,0.009554
6,0.046232,0.0054585,0.0050881,0.0097624,0.022633,0.01806,0.02677,0.010748,0.0030082,0.0028438,0.002866,0.0023085,0.0042667,0.0099832,0.012556,0.01593
6,0.0051632,0.010677,0.014981,0.011528,0.0077849,0.0058912,0.0081845,0.015211,0.0076044,0.0012882,0.0010742,0.0050048,0.023506
6,0.010119,0.0063856,0.0026291,0.002068,0.00064327,0.00093598,0.0014549,0.013381,0.012678,0.02303,0.027863,0.012023,0.0054792,0.0038407,0.011729
6,0.014268,0.011918,0.023161,0.0099807,0.0038281,0.006073,0.012181,0.037548,0.052557,0.045001,0.067375,0.026487,0.011062,0.012193,0.019916,0.02237
6,0.087512,0.016756,0.01827,0.0037536,0.0026536,0.0053094,0.004971,0.010966,0.012861,0.0043457,0.0042225,0.0025425,0.002381,0.00085176,0.0019821,0.014399
6,0.017636,0.014627,0.027324,0.030128,0.015741,0.025805,0.03369,0.036923,0.027162,0.031846,0.088466,0.045486,0.014435,0.0066855,0.010036
6,0.0066112,0.0048338,0.021848,0.032269,0.032371,0.021431,0.017932,0.017892,0.0069774,0.0020851,0.0064069,0.0049115,0.029851,0.039408,0.047411,0.029157,0.017932,0.0070258,0.0022847,0.0069415,0.0014444,0.001769,0.00097489,0.0014006,0.0016459,0.004354,0.011584,0.023964,0.020085,0.024561,0.045066
6,0.055117,0.021196,0.013152,0.0031899,0.0021192,0.0013235,0.0026403,0.0015463,0.015488,0.0036733,0.005608,0.0069018,0.005266,0.00081547,0.00071371,0.0019887,0.0015629,0.0014413,0.00092661,0.0024099,0.005091,0.0056164,0.046554,0.017081,0.059531,0.023204
6,0.026394,0.027527,0.03148,0.032139,0.0090591,0.0045041,0.0036105,0.0059554,0.0029097,0.0016653,0.00084972,0.00063585,0.00087146,0.00094782,0.0011773,0.0015682,0.0017897,0.01858,0.0026655,0.0027713,0.0027447,0.002561,0.021965,0.048939,0.091001,0.049145,0.011736,0.014279
6,0.030803,0.011569,0.065362,0.05954,0.023606,0.0046189,0.012269,0.0085371,0.0059838,0.0040219,0.0025767,0.0091055,0.0034701,0.0088721,0.0059342,0.0056312,0.00668,0.0045701,0.010249,0.0222,0.0062303,0.00068092,0.00029465,0.0006525,0.00056202,0.00039478,0.00038772,0.0015626,0.0048235,0.0021603,0.04302,0.0097035,0.01636
6,0.0088293,0.014731,0.013481,0.010501,0.010726,0.016239,0.013123,0.010883,0.0049325,0.0017694,0.0021455,0.0022696,0.0014458,0.0070133,0.0075219,0.014647,0.026473,0.053321,0.025565,0.046262,0.033088,0.030462,0.028933,0.0043394,0.0056786,0.0068065,0.0036725,0.0087696,0.0096655,0.025999
6,0.016658,0.010192,0.016011,0.012929,0.012563,0.0065991,0.0053663,0.0045543,0.020443,0.026614,0.013561,0.006357,0.0090744,0.0060006,0.0096712,0.0048912
6,0.083258,0.0060897,0.015506,0.022246,0.0095317,0.0067094,0.006969,0.0065108,0.0077085,0.01836,0.082772,0.15362,0.46827,0.55844,0.32173,0.03754,0.020718,0.036264,0.016048
6,0.0015831,0.00077589,0.00055457,0.00029879,0.0004513,0.00045177,0.0016017,0.044575,0.031981,0.063727,0.0873,0.09395,0.013807,0.0086624,0.0047943
6,0.0099593,0.0075914,0.0057495,0.0028931,0.0013233,0.0011541,0.00019194,0.00035168,0.001263,0.0032911,0.013215,0.022324,0.035172,0.016055,0.016371,0.013235
6,0.052694,0.0075554,0.0076735,0.013829,0.0054246,0.0033477,0.0022292,0.0022521,0.0038588,0.0019361,0.0019703,0.0025208,0.003483,0.0027226,0.0057591,0.0045396,0.007221,0.015825,0.0048139,0.0067515,0.0027881
6,0.0056351,0.020418,0.064763,0.045643,0.032045,0.049419,0.030546,0.012063,0.031011,0.042543,0.1011,0.058794,0.035135,0.047306,0.0067879,0.014086,0.029058,0.012564,0.0077556,0.0058972,0.021422
6,0.011186,0.0084937,0.0060316,0.0025988,0.003308,0.0012117,0.001471,0.0023079,0.0051707,0.0020601,0.0067503,0.0069143,0.0049574,0.0027394,0.0043351,0.0063815,0.0099652,0.017126,0.026825,0.012036,0.0055115,0.0016786,0.01524
6,0.021121,0.010761,0.0083832,0.0030372,0.0011702,0.0033973,0.0041252,0.0030864,0.0023184,0.0048045,0.012081,0.0042542,0.0021254,0.0042798,0.00035798,0.00093769,0.0014552,0.0018007,0.0040541,0.012539,0.0058187,0.012886,0.014357,0.0095986,0.0094363,0.0019377,0.0049454,0.035882,0.013372,0.013667,0.014732
6,0.062165,0.0084366,0.0065985,0.0034879,0.0014593,0.0047824,0.0042867,0.0049821,0.0096772,0.0341,0.017277,0.0081393,0.0064648,0.0051674,0.0057277,0.0062141,0.0029527,0.00070209,0.00058334,0.00045591,0.0011668,0.0012797,0.0044598,0.00062532,0.022351
6,0.026688,0.039047,0.022472,0.012872,0.0061219,0.0090265,0.0011803,0.0013678,0.0032287,0.0054143,0.014242,0.04609,0.012136,0.01408,0.021185,0.0078717,0.018454,0.0019236,0.00063162,0.00093363,0.00023609,0.00042873,0.001016,0.0069618,0.0075966
6,0.0042508,0.0012727,0.00068053,0.00042697,0.00026537,0.0001262,0.00030023,0.00028687,0.00070332,0.0021461,0.0057696,0.0026726,0.0025748,0.0037799,0.026118,0.0097528,0.0056696,0.0042106,0.0063204,0.00044754,0.00071952,0.0045702,0.00686
6,0.00094185,0.0015467,0.0013583,0.0013777,0.00088482,0.00057786,0.00029318,0.00037812,0.00079986,0.00079069,0.0012267,0.0014512,0.00068116,0.00033093,0.00085947,0.00066444,0.0018546,0.011566,0.0092094,0.014016,0.040134,0.009966,0.0056944,0.011149,0.011375,0.0073662,0.003757,0.0054803,0.0025894,0.0004243,0.002431,0.0076298,0.018969
6,0.014434,0.013237,0.013092,0.010612,0.010324,0.0076235,0.012753,0.0099281,0.0098126,0.0086064,0.010049,0.014604,0.02378,0.027393,0.027321,0.043857,0.027745,0.0080931,0.0019611,0.0020342,0.0007747,0.00040953,0.0006657,0.0039345,0.0015218,0.0080727,0.0081055
6,0.015168,0.0032291,0.0013217,0.0038673,0.0034916,0.0010529,0.031271,0.01919,0.016053,0.014465,0.011366,0.0014337,0.0018854,0.0028396,0.0086159,0.010507,0.0083338,0.0021858,0.0026385,0.00083472,0.0011037,0.0022254,0.0030031,0.0017826,0.0065189
6,0.0015306,0.0020277,0.0011735,0.0018439,0.001405,0.0017341,0.001707,0.018477,0.0175,0.017158,0.033554,0.020029,0.0049541,0.0064533,0.0084313,0.0018683,0.0019337,0.0019028,0.003085,0.011553
6,0.0094261,0.003137,0.0075948,0.021191,0.051663,0.034815,0.041034,0.030516,0.04237,0.016351,0.002816,0.003885,0.011255,0.0021227,0.0019658,0.0015316,0.0040038,0.0017133,0.0038813,0.0016456,0.00098926,0.0025213,0.0016022,0.0074897,0.0099444,0.016237,0.010913,0.01274
6,0.0046962,0.0019223,0.0016817,0.0022219,0.0023435,0.003485,0.0029658,0.0025595,0.0029343,0.0027692,0.0011822,0.00096407,0.001911,0.0015541,0.0058401,0.0023916,0.0053225
6,0.17437,0.062067,0.071735,0.0034418,0.0019309,0.0029444,0.0052047,0.047799,0.19727,0.65964,0.75187,0.27419,0.03454,0.01147,0.0073379,0.005185,0.0057701,0.0063536,0.0040212,0.016317,0.019631,0.011773,0.013989,0.0112,0.059862,0.048412,0.021541,0.021099,0.015674
6,0.034221,0.012351,0.036705,0.077483,0.10124,0.057587,0.10191,0.0067139,0.0075962,0.0034713,0.02847,0.039701,0.047731,0.029215,0.05731,0.0061933,0.0034496,0.0049292,0.001062,0.0020704,0.013947
6,0.00063049,0.0015477,0.0016352,0.0015002,0.0020416,0.0013396,0.0016697,0.0062605,0.012224,0.0081321,0.001161,0.0011946,0.0062943,0.0081224,0.0053443,0.012166,0.0071385,0.0083436,0.000894,0.0015082,0.002524,0.0042599,0.0081628,0.016445,0.0098367
6,0.00061024,0.0012938,0.00068136,0.00054445,0.00040731,0.00057374,0.0013674,0.0016465,0.0044084,0.010235,0.0076225,0.004653,0.0042631,0.014492,0.0095619,0.0028791,0.0054998,0.005739,0.0027856,0.0032228,0.0059749,0.0050945,0.0025868,0.00074506,0.0011621,0.0014779,0.0022783,0.0048303,0.0079247,0.022003
7,0.00040073,0.00032482,0.00047871,0.00025868,0.00016894,0.00027412,0.00030782,0.00032918,0.00024522,0.00061261,0.00094747,0.0010579,0.0080533,0.031568,0.040243,0.032718,0.034972,0.02262,0.027142
7,0.0022967,0.0023875,0.0010361,0.00072263,0.00052471,0.00064909,0.00065843,0.0008057,0.0011513,0.0008837,0.0013176,0.0017225,0.0023442,0.0027774,0.0059786,0.0015541,0.0019752,0.00371,0.0034277,0.0044967
7,0.006412,0.0034056,0.0030547,0.0029849,0.0047987,0.0034966,0.0039622,0.0012935,0.00063993,0.0012527,0.0016086,0.0011608,0.0064425,0.027423,0.040278,0.0024498,0.0071958,0.036612,0.011594,0.014299,0.0076714
7,0.0091664,0.0024384,0.0013976,0.00021553,0.00044337,0.00044563,0.0036012,0.010432,0.025306,0.0041332,0.0032721,0.0010026,0.0011282,0.0030102,0.0026905,0.012978
7,0.0023678,0.00087233,0.00052655,0.00054597,0.00083159,0.0004488,0.0010052,0.0021845,0.00099957,0.0014678,0.001076,0.0013944,0.0013498,0.0011789,0.0020603,0.0073709
7,0.14289,0.025529,0.0051359,0.0012878,0.00068395,0.00018172,0.00017397,0.00037805,0.0013881,0.0037102,0.006134,0.0064462,0.0034438,0.0012518,0.0011309,0.0027249,0.0056635,0.014039
7,0.00035233,0.00094886,0.0037259,0.0018425,0.00077712,0.001084,0.00083117,0.00072536,0.00039975,0.00056189,0.0015978,0.002763,0.0030146,0.0011774,0.0011978,0.0040297
7,0.00054182,0.00083176,0.001491,0.0019941,0.00030473,0.00023534,0.00022899,0.00045632,0.00047562,0.00050499,0.0010181,0.00093559,0.00080625,0.00093098,0.0025576,0.0052514
7,0.0058896,0.0093869,0.010986,0.00088528,0.000715,0.0002637,0.00025293,0.0010243,0.0012041,0.00089715,0.0006579,0.0011726,0.0014554,0.0018368,0.0029179,0.0012039,0.0014908,0.0025043,0.002233,0.002856,0.003695,0.0055692,0.010098
7,0.0054854,0.0049924,0.0048889,0.0032711,0.0034631,0.003769,0.0051762,0.0031115,0.0021679,0.0023656,0.0019382,0.008537,0.0019704,0.0020513,0.0027153,0.0028435,0.00099646,0.0020606,0.0040754,0.01284
7,0.0070124,0.0043761,0.029735,0.031499,0.0029153,0.0021991,0.0026135,0.0030216,0.0036211,0.0088386,0.008429,0.023078,0.0072718,0.0048597,0.0024095,0.0024929,0.0054032,0.011549,0.017187,0.003486,0.0032876,0.0013462,0.0022055,0.0052964,0.0089497,0.012079,0.03301,0.010511,0.0023924,0.00087363,0.0021213,0.0046184,0.0037042,0.0077002,0.0061118,0.0053141,0.029545,0.0097138,0.014766
7,0.05294,0.020029,0.044007,0.0081631,0.0048293,0.0016086,0.0010196,0.0044181,0.003052,0.0032936,0.0017123,0.00065328,0.00057917,0.00050416,0.00087644,0.0012683,0.0026818,0.0028665,0.0014337,0.0005693,0.0024782,0.002022,0.0013773,0.0012654,0.0011899,0.0011109,0.00092385,0.002782,0.0064518,0.0094533,0.0076348,0.0068078,0.0098769,0.0050247
7,0.002645,0.0015439,0.0027455,0.0032169,0.002632,0.0021588,0.0014976,0.0012139,0.0053775,0.0034666,0.0041817,0.028276,0.016165,0.0046948,0.0067554,0.00078581,0.00064607,0.00074263,0.00098644,0.00083881,0.0013294,0.0013693,0.0017374,0.002462,0.0028746,0.0016363,0.0055648,0.010846,0.0080912,0.0047078,0.0054171,0.0018016,0.0010631,0.001065,0.0053237,0.0080792,0.02313,0.014487,0.011178,0.021191,0.0095847
7,0.074921,0.049399,0.050262,0.016453,0.0082051,0.002855,0.0054359,0.0043548,0.0020441,0.0016628,0.00038851,0.0004787,0.00032583,0.00046866,0.00039329,0.0011819,0.002944,0.0018902,0.0024081,0.0023392,0.0017384,0.0018514,0.0021997,0.00082181,0.0013732,0.0075723,0.0069003,0.010113,0.018796,0.014377,0.0070808,0.0082915,0.010815,0.016989
7,0.0012526,0.0013044,0.001099,0.00092134,0.00082012,0.00081734,0.0025469,0.0029528,0.0022529,0.0018941,0.0021233,0.00098677,0.00038234,0.0003353,0.00033873,0.00044852,0.00090634,0.00077621,0.0010194,0.0014859,0.00058003,0.0012757,0.00075236,0.00068883,0.0015787,0.002193,0.0036624,0.0037903,0.018036,0.011958,0.0046859,0.01249,0.0083388
7,0.0013516,0.0021334,0.0035766,0.0036658,0.0033923,0.0022268,0.0020347,0.0026857,0.0011579,0.00091246,0.0015299,0.001552,0.0020239,0.0008542,0.0018541,0.0011469,0.0011006,0.002233,0.0016858,0.00080008,0.0016709,0.0017301,0.0022116,0.0023222
7,0.0029569,0.00067685,0.0002863,0.00055301,0.0004779,0.00051487,0.00063089,9.7669e-05,0.00018443,0.00010464,0.00016639,0.00017591,0.00039764,0.00049516,0.00084218,0.0016004,0.0065061,0.003288,0.0023455,0.014773
7,0.0089142,0.0019892,0.0024214,0.0037877,0.00093001,0.0010099,0.00095633,0.0010667,0.00073802,0.0011207,0.0044998,0.0034531,0.001823,0.0039536,0.0045118,0.0055856,0.0078642,0.004541,0.0047711,0.0051296,0.001479,0.0010322,0.0044644,0.010169
7,0.0067136,0.0029429,0.0036676,0.0043294,0.002139,0.0022129,0.00036822,0.00032021,0.00039683,0.00045373,0.00096001,0.0018562,0.0024787,0.0024826,0.0025914,0.0051876,0.0073017,0.0019074,0.0019284,0.0012957,0.0015092,0.0015306,0.010208
7,0.0006493,0.00083961,0.0012174,0.00051633,0.00072703,0.00020439,0.00016755,0.00023726,0.00046913,0.00065802,0.0010824,0.0018042,0.0011881,0.0035993,0.0027676,0.0025994,0.0019369,0.006191
7,0.00060933,0.0008009,0.0019472,0.0021777,0.0027185,0.0014918,0.001434,0.0026397,0.00054225,0.0011709,0.00070135,0.00031362,0.00081914,0.00073981,0.00081936,0.00066029,0.00044614,0.00054106,0.00057629,0.002711,0.0065342,0.005842,0.071513,0.072527,0.0045654,0.0036488,0.005287,0.0021943,0.0033445
7,0.00015747,0.00015281,0.00025798,0.00061189,0.00092175,0.0010391,0.0004593,0.00051028,0.00026163,0.00029467,0.00038248,0.00067655,0.00061867,0.00074121,0.00087004,0.0015666,0.0056975,0.0035129,0.026284,0.0028474,0.015898
7,0.0011748,0.0017213,0.0030312,0.0045601,0.0032381,0.0026791,0.0027114,0.0067381,0.0065971,0.004949,0.0047878,0.0035991,0.0042628,0.0024393,0.0027545,0.00066628,0.0010774,0.00030273,0.00041381,0.00070411,0.0012289,0.002673,0.011262,0.0024484,0.0035869,0.0032224,0.0046995,0.013278
7,0.023846,0.0039204,0.0029311,0.0010872,0.0020343,0.0046715,0.016977,0.011984,0.010905,0.016473,0.0043806,0.0043073,0.0025956,0.0022313,0.0010591,0.0014068,0.0031688,0.0018908,0.002939,0.0073481,0.007399,0.010053,0.0027976,0.0031371,0.0036204,0.0053301,0.010289
7,0.0078735,0.0037227,0.0044841,0.0013099,0.00082306,0.003357,0.0012829,0.00089833,0.00032483,0.00034213,0.0002185,0.00093218,0.00072964,0.00070206,0.0016356,0.0016536,0.0011947,0.0014239,0.0029807,0.0027198,0.0044114,0.0049843,0.0028984,0.0015673,0.0021832,0.0021559,0.0036547,0.0032887,0.0044092,0.0043524,0.0058797,0.0046308,0.0052169,0.0030025,0.011095
7,0.0044434,0.001682,0.0026987,0.0026924,0.001994,0.0015892,0.001553,0.00063681,0.00047719,0.00096021,0.0010067,0.001062,0.0010042,0.00085848,0.00082781,0.00065495,0.0012659,0.00054239,0.00042456,0.00015541,0.00023011,0.00032165,0.00080336,0.0015256,0.0020458,0.0019405,0.0071559
7,0.0065187,0.0038713,0.010462,0.0036605,0.0011632,0.00095805,0.00071877,0.00088415,0.00069137,0.0024009,0.0023569,0.0078621,0.007446,0.0061694,0.00072355,0.0010765,0.0010013,0.00064826,0.00085583,0.0017163,0.0039469,0.0047155,0.0091129,0.0088576,0.012589,0.0057983,0.0010505,0.0011919,0.0014428,0.00091613,0.00091678,0.0012223,0.0010357,0.0017579,0.0029231,0.0040412,0.0066231,0.0058217
7,0.012323,0.0025119,0.0032991,0.0054965,0.0051095,0.0024152,0.0085894,0.0066605,0.0018269,0.001975,0.0031438,0.0018428,0.0011993,0.0013237,0.0019895,0.0054965,0.0037343,0.0022907,0.0015719,0.0012885,0.00049618,0.00077078,0.0011204,0.0014662,0.0017134,0.0020048,0.0010795,0.0011371,0.00056341,0.00085993,0.001967,0.0040821,0.0044217,0.0042027,0.048535,0.015703,0.010525,0.030176,0.017043
7,0.017332,0.024141,0.020786,0.0046798,0.0062805,0.0027109,0.0026961,0.0010756,0.0028291,0.010114,0.011665,0.0062076,0.011593,0.022316,0.030469,0.010244,0.0061128,0.0015285,0.0024827,0.0021522,0.008883,0.010302,0.0049211,0.0033615,0.0024465,0.0058639,0.0086637,0.0039966,0.009347,0.010952,0.0077608,0.0076545,0.010428,0.0069251,0.0043514,0.0038988,0.0060102,0.022618,0.015816,0.010663
7,0.0023067,0.0044295,0.0054575,0.0057267,0.0026849,0.00093376,0.00067902,0.00019765,0.00039901,0.0001446,0.00017902,0.0009519,0.0009023,0.00093417,0.0021875,0.0015516,0.0013,0.0012783,0.0015459,0.0014507,0.002444,0.00091577,0.00066744,0.0015504,0.00063415,0.0012896,0.0023749,0.00039124,0.00035116,0.00028456,0.00015667,0.00016007,0.00047942,0.0013027,0.0015081,0.0020176,0.0022312,0.0025595,0.0083658,0.010333
7,0.0022326,0.0018977,0.0027638,0.001513,0.0010574,0.0014429,0.0005981,0.00044685,0.00068049,0.00058924,0.0013145,0.0020382,0.0028093,0.0013095,0.0020394,0.0019389,0.00092052,0.00059221,0.00060124,0.000628,0.00079787,0.0019108,0.0021551,0.0022072,0.0026108,0.0013094,0.0013964,0.0013237,0.0015856,0.001428,0.0019284,0.0040107,0.0031315,0.0039629,0.0057674,0.021055,0.011914,0.0017123,0.0031605
7,0.014767,0.0020554,0.00046647,0.00074918,0.00071477,0.00099373,0.0010941,0.00069158,0.0006073,0.00058195,0.001238,0.0018809,0.0060229,0.020625,0.017162,0.0043854,0.0026818,0.0013651,0.00089791,0.00078917,0.00045248,0.00035407,0.00050754,0.00083228,0.0027589,0.0016041,0.0019188,0.0023392,0.0018754,0.017482,0.014778,0.025941,0.061856,0.033154,0.00089292,0.0015068,0.0062066,0.010151,0.011681,0.0069298,0.013224,0.02616,0.013828,0.016664,0.0081838
7,0.010434,0.016683,0.013292,0.0063787,0.016178,0.024364,0.038508,0.039976,0.068394,0.022224,0.002405,0.0011091,0.0011123,0.00025308,0.0004813,0.00072365,0.0010182,0.0022848,0.0020488,0.0028583,0.0020046,0.0047764,0.038727,0.0099666,0.014708,0.0075685,0.0066866,0.0061152,0.0040832,0.0037431,0.0073738
7,0.014109,0.0013298,0.0033787,0.001436,0.00081478,0.00094166,0.0015444,0.00088645,0.00086743,0.00077157,0.00042011,0.00049263,0.0006237,0.001146,0.0028806,0.0011457,0.00051717,0.00045842,0.00065991,0.00049522,0.00085428,0.001992,0.0039536,0.0040293,0.0032819,0.0036227
7,0.01101,0.0079229,0.0071841,0.0013774,0.0040362,0.003711,0.0023879,0.0018883,0.0038059,0.0041144,0.0012817,0.0014071,0.00044809,0.00038006,0.00034762,0.00055954,0.00084694,0.00083477,0.0010664,0.00056657,0.00069078,0.0010013,0.00089331,0.0012866,0.0010521,0.0024151,0.0028626,0.0041349,0.0083176,0.032392
7,0.0016381,0.024388,0.0091445,0.00087223,0.0011034,0.01424,0.017285,0.012461,0.014718,0.016089,0.0032468,0.0020231,0.0011172,0.0010786,0.0005212,0.00067092,0.00070943,0.00087585,0.00057718,0.00080165,0.00091287,0.0025571,0.0031039,0.0025351,0.0026076,0.0045425,0.0018933,0.001793,0.0024625,0.0082606,0.0070582,0.0047424,0.0057198,0.0052343
7,0.0028095,0.00080259,0.00084521,0.0012289,0.0011604,0.00089828,0.0021714,0.0014476,0.0018924,0.00098796,0.0010074,0.0023777,0.0019195,0.0034433,0.0030034,0.0027613,0.0034255,0.0018527,0.0016495,0.0021755,0.0018438,0.0045382,0.0014418,0.0080935
7,0.0011966,0.00017216,0.0001463,0.00018212,0.0002463,0.0003346,0.00047443,0.00093026,0.00075116,0.00070002,0.00077695,0.00080585,0.0005563,0.00084924,0.0016184,0.0013523,0.0017507,0.0031581,0.0023936,0.0043427,0.0045079,0.0027409,0.002717
7,0.0019505,0.0011385,0.00099761,0.0010514,0.0010524,0.00083435,0.0019733,0.0041614,0.0048642,0.0051375,0.0031182,0.0022724,0.0018268,0.0013847,0.0019319,0.0098379,0.00040292,0.0012431,0.0013113,0.0009506,0.00046781,0.001246,0.0017007,0.0018338,0.0013156,0.001019,0.0012078,0.00072013,0.00083849,0.001469,0.0012013,0.0046208,0.0086964,0.013357
7,0.0050889,0.0018165,0.0023055,0.001242,0.0065097,0.0039208,0.0074215,0.020811,0.012452,0.0047053,0.0049882,0.0061342,0.001274,0.0019256,0.0027196,0.0039502,0.002276,0.0012105,0.0018791,0.0032968,0.0051641,0.0051945,0.0099456,0.0092786,0.0043203,0.00067303,0.00073459,0.00073568,0.00058212,0.0011213,0.01501
