1,6.2449e-06,1.2118e-05,1.8723e-05,1.6766e-05,0.00055118,0.00058656,0.0011448,0.00089759,0.0003701,0.0008811,0.0015026,0.0024574,0.0092646,0.020977,0.0067448,0.0038625,0.0025469,0.0015412,0.0025073
1,2.0088e-05,4.8387e-05,7.5854e-05,2.9193e-05,4.9696e-05,0.00018668,4.8845e-05,3.9623e-05,3.7306e-05,2.8614e-05,0.00038428,0.0022741,0.0001011,0.00014896,0.00012058,0.00027894,0.0013213,0.0042146,0.48946
1,9.227e-06,1.3869e-05,5.6493e-05,0.00016875,0.00013026,0.00024748,0.00016245,0.00012449,4.2995e-05,7.116e-05,0.00016153,0.00025375,7.2967e-05,0.00078533,0.00077061,0.00047126,0.0011469,0.0024749,0.0055663
1,0.04627,0.032177,0.00080572,0.00012992,1.7334e-05,1.0884e-05,1.5753e-05,1.073e-05,1.1474e-05,1.8917e-05,1.2572e-05,3.3053e-06,1.0752e-05,2.2242e-05,0.00049982,0.0031684,2.1325e-05,0.0008758,0.00017392,0.00012266,0.0034663,0.0031616,0.0057876
1,1.3138e-06,1.7474e-06,9.6051e-07,6.6316e-07,8.3095e-06,1.4816e-06,2.4753e-06,2.2568e-06,2.1032e-06,2.6125e-06,1.1976e-05,5.3915e-05,2.0478e-05,0.00024311,0.00015599,0.00010471,0.0001887,0.00058211,0.00059601
1,7.0296e-06,4.1983e-05,0.00036261,0.00013152,6.8222e-05,4.7675e-05,1.2624e-05,7.7109e-06,4.7645e-05,3.1797e-05,7.1823e-05,0.00015499,0.00055274,0.00021479,0.00021293,0.00032727,0.00019487,0.00011005,8.9898e-05,0.00073436,0.0025796
1,1.536e-05,0.0063451,0.00068077,3.2468e-05,1.3197e-05,9.828e-06,4.3017e-05,1.501e-05,3.9564e-05,0.00010063,0.00023984,0.00030331,0.0006618,0.00083605,0.0013969,0.0029077,0.0024521,0.00083612
1,6.6728e-05,0.22145,0.1193,0.0016731,0.0014533,0.00041898,0.00025313,0.00017055,4.8414e-05,4.7265e-05,6.8616e-05,0.0013758,0.0005774,0.0013154,0.0015281,0.0017751,0.00090413,0.0028653,0.002814,0.001077
1,1.2588e-06,0.045439,0.00057753,9.059e-06,4.0271e-05,3.469e-05,5.833e-05,0.00018711,0.0004983,0.001101,0.0039158,0.0061172,0.0020311,0.0011425,0.0011515,0.0013645,0.18867
1,1.8409e-05,9.5868e-06,3.1818e-05,5.4135e-05,7.2185e-05,0.00020238,0.00017087,0.00039534,0.0017787,0.00042029,0.00051431,0.00024197,0.00012267,0.00014466,0.00022706,0.00030459,0.00092303,0.0015536
1,3.4141e-06,2.069e-06,1.7659e-05,9.6644e-06,5.0377e-06,2.9521e-05,2.3713e-05,2.1394e-05,7.4931e-05,0.00068869,0.00059618,0.00066272,0.00031299,0.00071642,0.0010663,0.0012144,0.002606
1,3.1823e-05,4.0801e-05,5.3526e-05,0.00029989,0.00052867,0.0013916,0.00019112,0.00025216,0.00020492,0.00010545,8.4938e-05,0.00038678,0.00085372,0.00089616,0.0010232
1,6.9586e-07,7.4831e-07,1.3431e-06,3.2097e-05,0.00024274,0.00024022,0.00025264,0.00010788,0.0007295,0.00075322,0.00084947,0.00051085,0.00038477,0.00018111,0.00092705,0.00084868,0.00072703,0.00052958,0.0018066
1,9.2696e-07,8.9241e-07,6.6753e-07,2.4265e-05,0.00029969,0.00063056,0.00055489,0.0011926,0.0015441,0.0017772,0.0012392,0.00023706,0.00017489,0.00012786,0.00026553,0.00034397,0.00055282,0.0014723
1,0.00034679,0.00046247,0.0007159,0.0005138,0.00022899,0.00020296,0.00015358,0.00030231,0.00045509,0.00031364,0.00030513,0.00012513,8.9958e-05,6.5366e-05,5.7057e-05,0.0001935,2.5748e-05,1.7217e-05,1.1683e-05,7.2724e-06,4.2004e-05,0.00053872,0.00046757,0.0014458,0.00040105,0.00014623,5.9471e-05,3.7309e-06,2.8316e-06,0.00010536,0.00065046,0.000293,0.00037539,0.00056913,0.00055497,0.080795
1,0.00062515,0.0045989,0.00051957,0.00016884,0.00021935,0.00039798,0.00015703,9.2038e-05,0.00047707,0.00035658,0.00020823,0.00079787,0.00015212,9.5488e-06,1.3657e-05,7.5778e-06,2.1381e-06,8.7465e-06,5.9349e-05,0.00058525,0.0013092,0.0010321,0.00049234,0.00475,0.0059227,0.00060869,0.00071777,0.0032384,0.0024812,0.0014763,0.00057232,0.0028454
1,2.2084e-05,4.835e-05,1.421e-05,5.6096e-06,3.7784e-06,7.8893e-06,6.0108e-06,9.8927e-06,2.7503e-05,4.3904e-05,8.1388e-05,0.00012331,0.00016956,7.4978e-06,9.9379e-06,1.7148e-05,1.4234e-05,3.2882e-05,0.00021333,0.00024479,0.00045841,0.00011868,0.00017517,0.00029187,3.9298e-05,1.5481e-05,1.0484e-05,6.2754e-06,5.1953e-06,0.00023771,0.00027507,2.1311e-05,2.2091e-05,2.6113e-05,0.000157,0.00014329,0.00014014,0.00025096,0.00026899,0.085458
1,3.4646e-06,6.8313e-06,4.788e-06,3.0169e-06,1.3522e-05,1.8781e-05,9.3899e-06,7.9375e-05,0.00011485,0.00011947,0.00016704,0.00041714,0.00035997,3.5116e-05,5.1162e-05,4.0313e-05,4.0415e-05,4.5902e-05,0.00049256,0.00070691,0.00021091,5.9524e-05,0.00018951,5.3925e-05,2.5952e-05,0.00012213,0.00056683,0.00040667,0.00038355,0.001068,0.0012363
1,0.0098795,0.011197,8.6302e-05,3.474e-05,1.2953e-05,3.8014e-06,4.4799e-06,5.8539e-05,0.00018716,0.0002981,0.00017512,5.5592e-05,0.00011317,4.5617e-05,4.3882e-05,5.4537e-05,0.00010918,6.5651e-05,0.00065799,0.0032412,0.008762,0.37502
1,0.00023628,0.0044459,0.0037878,0.0045902,0.099926,0.015535,0.016412,6.2608e-05,6.0363e-05,0.00033418,0.0001767,0.0001919,0.00018133,0.00012779,2.8584e-05,1.8272e-05,5.3224e-05,4.0927e-05,3.5005e-05,9.1077e-05,0.00016817,0.00032704,0.00048619,0.0087773,0.0073066
1,0.00021575,0.00079176,4.2431e-06,2.0701e-06,1.0269e-05,1.5003e-05,3.5657e-05,0.00024171,0.00029098,4.3494e-05,2.754e-05,1.0476e-05,4.4816e-06,5.2819e-06,2.5918e-05,4.0484e-05,0.00024299,0.001223,0.0011994,0.0013426
1,0.00028472,0.0025019,0.00016919,0.00016201,0.0001349,0.00013973,6.7567e-05,0.00032189,0.00071263,0.00037352,4.8947e-05,3.4319e-05,1.0437e-05,8.8958e-06,6.1422e-06,9.1479e-06,1.6802e-05,7.5419e-05,0.00029157,0.0011439
1,0.0031887,0.059004,0.03676,0.0014152,0.0015827,0.00091066,0.0010991,0.00054034,3.7359e-05,3.3723e-05,4.8734e-05,6.8629e-05,3.0591e-05,3.1776e-05,0.00011426,0.00013073,0.00017019,0.00010701,5.0098e-05,4.131e-05,4.3221e-05,0.00035367,0.003684,0.015615
1,0.00019249,0.00085688,0.0011016,0.00048447,5.3189e-05,7.9081e-05,0.00016082,0.00028704,0.00049226,1.7874e-05,1.5332e-05,8.7209e-05,2.776e-05,7.9589e-06,4.5123e-05,0.00015647,0.00029759,0.0001831,0.00013062,9.8404e-05,0.00012211,0.00015956,0.00026656,0.00078378,0.00082437,0.0011343
1,0.0001675,0.001415,0.0010215,0.00078592,1.5369e-05,1.3025e-05,1.1709e-05,1.7381e-05,1.7486e-05,3.101e-06,6.2659e-07,2.3661e-07,8.2477e-07,2.9329e-06,4.233e-05,0.00016412,0.00098576,0.00023742,0.00024638,0.00023495,0.00031558,0.00048834,0.0003436,0.00061916,0.0019748,0.0010902,0.18578
1,1.8209e-05,0.00069507,0.0022579,5.6836e-06,2.5018e-06,2.617e-06,3.6444e-05,2.8901e-05,5.3494e-06,6.0707e-06,1.0225e-05,0.00011867,4.3299e-05,0.00067897,0.0007208,0.00010579,0.0002853,0.00017901,0.00020296,0.00030673,0.00058237,0.00087765,0.0017261,0.001495,0.0013421
1,5.3341e-05,4.2218e-05,1.9052e-05,8.4771e-06,3.6273e-06,9.7317e-06,8.2329e-06,2.795e-05,3.4307e-05,2.1511e-05,4.6584e-06,9.617e-06,0.00010412,2.728e-05,0.00015948,0.00020048,0.00012145,2.2108e-05,2.4355e-05,1.6756e-05,0.00042831,0.00032816,0.00081191,0.0014406,0.0022968,0.28088
1,2.1438e-06,1.7122e-05,2.6076e-05,0.00011854,0.00022191,7.0132e-05,0.00010987,0.00021752,0.00040206,0.00022524,0.00027798,0.0011262,0.0010333,0.00059341,0.00073728,0.00027853,0.00023569,0.00016931,0.00019731,0.00024883,0.00070716,0.00015754,0.0011261,0.00072717,0.0002683,0.00020972,0.00082843,0.0015341,0.0032774,0.0061085,0.010256,0.00745,0.004226
1,5.4215e-05,8.796e-05,9.6062e-05,0.00035155,0.00014846,0.00010523,0.00010653,0.00018882,6.0148e-05,0.00014295,0.00017285,0.00027182,0.00056767,0.0017098,0.0015255,0.0017863,0.00020836,2.3871e-05,3.0114e-05,2.0335e-05,1.1429e-05,1.2627e-05,0.00036097,0.00034616,0.0011274,0.0028195,0.0018853,0.00083557,0.00097246,0.0010168,0.0008988,0.0012485,0.0012454,0.000777,0.19308
1,9.4457e-05,0.00028019,0.00014197,5.8076e-05,4.5835e-05,3.1084e-05,0.00011748,3.4889e-06,4.9213e-06,8.83e-06,8.0845e-06,8.8619e-06,8.0371e-05,1.4675e-05,1.5844e-05,1.0301e-05,1.8508e-06,1.4301e-06,3.8486e-06,3.0673e-06,7.5586e-06,3.9258e-05,0.00010008,0.00028711,3.9228e-05,2.0571e-05,8.8545e-06,4.4491e-05,0.00012577,0.00019139,0.0012018
1,8.0363e-06,2.0135e-05,0.0001531,0.00017418,6.9132e-05,3.5093e-05,3.381e-05,1.3147e-05,2.2034e-05,4.3344e-05,0.00010752,9.155e-05,3.3739e-05,8.2316e-05,7.58e-05,6.2026e-05,3.8834e-05,0.00054465,0.00051558,0.00071486,0.0015544,0.0018973,0.0015787,0.0016341,0.0010177,0.00068423,0.0006414,0.0014984
1,0.00042973,0.0071915,0.0036697,0.0015548,0.0031337,0.0020158,0.0020851,0.0017111,0.00089164,0.00053244,0.00044429,0.0005314,0.0015433,0.00015069,0.00013552,0.00012542,0.00027602,0.0005502,0.00031708,0.00015135,8.0403e-05,0.00019373,0.00018013,0.00022954,0.0019715,0.0017674,0.0024325,0.0013047,0.0010064,0.0012741,0.00074328,0.074094
1,0.00028976,0.0050754,0.0094453,0.0016505,0.0013882,0.0019993,0.00078985,0.00019144,9.9632e-05,0.00023122,0.00017697,4.2965e-05,2.8815e-05,2.5648e-05,0.0001199,8.4532e-05,2.2897e-05,0.00033068,0.0005126,0.0016742,0.0019874,0.0042317,0.0012062,0.00051306,5.013e-05,5.1132e-06,3.6515e-06,2.3935e-06,1.9794e-06,1.5236e-05,0.00045863,0.00050864,0.00078049,0.00090921,0.00056737,0.00077598,0.00056762,0.0008446,0.09515
1,3.2701e-05,0.002707,0.005397,0.0039916,0.0037846,0.0017295,0.0014554,0.00039721,0.0003752,0.00013813,0.00027289,0.0002499,0.014003,0.002935,0.0027747,0.0049596,0.0045561,0.0063709,0.0027472,0.0033084,0.00026038,0.00025557,0.00026302,0.00021195,6.3006e-05,9.8556e-05,0.0013639,0.0022635,0.0015527,0.00092033,0.0006154,0.00082256,0.0012141
1,2.1729e-05,8.644e-05,0.00014572,8.2802e-05,0.0001005,0.00027159,0.00033316,0.00059218,0.000159,5.1936e-05,4.2532e-05,8.9056e-06,1.2394e-05,3.9174e-05,7.3513e-05,0.00046774,0.0020682,0.017869,0.021358,0.0017353,0.0017254,0.0019485,0.00024144,1.6098e-05,2.6258e-05,2.1805e-05,1.8771e-05,2.9896e-05,4.3742e-05,0.00044031,0.00051427,0.0010288,0.0019342,0.0013952,0.0014171,0.00082931,0.00058314,0.00040026,0.0019385,0.14433
1,1.5608e-05,8.7492e-05,0.00057795,2.2452e-05,5.0397e-05,0.0005593,0.00068079,0.00050367,0.00065347,0.00034321,0.00027409,0.00015748,0.0003343,0.00028534,0.0029283,0.0015665,0.0012435,0.00069053,0.00082725,0.00082676,0.0004743,0.0006757,0.00045191,0.00041922,0.00017848,0.00017778,0.00040508,0.00061214,0.00068824,0.0011752,0.0016925,0.0030628,0.0029702,0.0018535,0.0044236,0.0018963,0.12268
1,0.00013052,0.00026479,2.2106e-05,1.1279e-05,1.246e-05,1.2545e-05,1.4357e-05,3.7633e-05,1.3862e-05,2.6228e-05,1.7581e-05,2.6156e-05,3.5993e-05,0.00013076,0.00015843,7.228e-05,0.00017117,0.003103,0.00036208,0.00023685,0.0002904,0.00025974,0.00033861,0.00036344,0.00057794,0.00042149,0.00035618,0.00061624,0.00091832
1,3.4715e-05,0.00012974,7.1945e-05,5.9101e-05,0.00015047,0.00039474,0.00025861,0.00073235,1.3169e-05,4.1574e-06,3.0646e-06,3.2093e-06,2.9995e-06,5.984e-05,0.00014563,5.2344e-05,3.4459e-05,5.3655e-05,5.866e-05,0.00013348,0.00019389,0.00058305,0.00025605,0.00033493,0.00076166,0.001139,0.00063026,0.00050032,0.0011962,0.0031251
1,5.2744e-06,0.00020831,5.6329e-05,1.3931e-05,8.7565e-06,4.111e-06,4.7133e-06,2.4552e-06,0.0001464,4.0637e-05,0.00012497,0.0001012,7.4694e-05,6.2507e-05,0.00019975,0.00013419,8.9685e-05,8.3634e-05,8.9305e-05,0.00015095,0.0001529,0.00021006,0.00062003,0.00087042,0.0003259,0.00022919,0.00065116,0.0013712
1,8.66e-05,0.058885,0.00030914,0.00030363,0.00010088,5.2911e-05,2.3758e-05,1.6105e-05,7.8774e-06,0.00020001,0.00029241,0.00015982,0.00038957,9.4558e-06,9.841e-06,9.7851e-06,6.9099e-05,5.6973e-05,0.00019101,0.00035405,0.00043649,9.513e-05,0.00041976,0.0009748,0.000556,0.0051288,0.0033728,0.00090423,0.00142,0.0020659,0.075267
1,5.5625e-06,2.4808e-05,1.81e-05,2.0244e-05,0.00034155,0.0003293,0.00027518,0.00018193,0.00037597,0.00050185,0.00017099,7.0327e-05,7.5726e-05,7.7054e-05,0.0002842,0.00063908,0.0012192,0.00087719,0.00063325,0.00084913,0.0013793,0.0019542
1,5.2137e-06,3.9364e-06,6.5576e-06,1.0141e-05,2.3984e-05,0.00012378,5.3625e-05,2.411e-05,1.6835e-05,2.0894e-05,0.00046312,0.00052985,6.8698e-05,5.2377e-05,0.0001216,3.2289e-05,9.391e-05,0.00023293,0.00026171,0.00058524,0.00080207,0.00054009,0.00092823,0.0011436,0.0015863
2,2.5897e-06,6.1352e-06,1.2097e-05,2.0465e-05,0.00014173,5.8333e-05,5.1275e-05,1.404e-05,1.7838e-05,1.9109e-05,5.8091e-06,7.978e-06,4.5438e-07,3.2763e-05,1.8468e-05,6.3859e-05,0.00033542,0.00075373,0.0051378
2,1.1546e-05,1.1456e-05,1.2808e-05,1.9945e-05,5.2742e-05,0.00016025,0.00023785,0.0042144,0.00063497,9.173e-05,0.00010232,0.00012216,0.00018246,0.00055279,0.00045843,0.0017525
2,4.8131e-05,3.663e-05,3.9043e-05,0.00016209,0.00023911,6.806e-05,3.113e-05,3.8571e-05,8.0967e-05,9.5745e-05,2.7946e-05,0.0001154,5.1365e-05,8.132e-05,0.00039026,0.00084572,0.00064979
2,0.00031065,0.00049678,0.00046459,0.00050767,0.00054582,0.0004713,0.00055125,0.00041687,0.00058266,0.00079066,1.3036e-05,9.552e-06,7.9217e-06,4.5382e-06,3.0823e-06,0.03025,0.00048049,8.5615e-05,0.00010533,0.00016826,0.00017304,0.00036011,0.00052706,0.0018701
2,1.75e-06,3.6115e-06,1.823e-06,2.0923e-06,2.8433e-05,9.6971e-06,1.4901e-05,0.00018174,0.00017888,0.00011608,1.2883e-05,4.2084e-05,6.9579e-06,1.08e-05,0.00010391,0.00012527,0.00042169
2,8.2884e-05,7.8821e-05,5.6702e-05,1.9327e-05,4.4707e-05,4.5783e-05,8.3104e-05,3.4062e-05,1.715e-06,1.6745e-06,9.3009e-07,6.6988e-07,1.1479e-06,3.262e-05,0.00020188,0.00010114,0.00035046,0.00069766,0.00087788,0.21065
2,0.00032205,0.00027185,0.00016086,0.00022612,0.00050331,0.0010443,0.0023598,0.0014763,0.00085003,0.00041908,0.0003152,0.00010644,4.5342e-06,6.2625e-06,5.7164e-06,1.5813e-05,0.00094226,0.00023066,0.00016683,0.0001113,0.00015297,0.0012177,0.0027199,0.00488
2,8.377e-05,0.00316,0.00081885,7.7501e-06,5.6612e-06,2.0003e-06,2.5335e-06,4.0028e-06,3.2633e-06,6.1893e-06,0.00015275,0.00011218,0.00022756,0.0029736,0.0023591
2,4.6516e-06,1.3004e-05,3.2544e-05,2.6174e-05,9.5775e-06,1.5595e-05,1.2013e-05,0.00010126,0.00022843,0.00040333,0.00040847,0.0004398,0.00049312,0.00026659,0.00023446,0.00057252,0.0018684
2,8.346e-05,0.007181,0.13414,0.0033727,0.016334,0.0023657,2.761e-05,1.1005e-05,4.9018e-05,2.9262e-05,5.53e-05,9.0873e-05,0.00028113,7.2528e-05,0.00012517,0.00031595,0.00012713,0.00018531,0.0013582,0.0013823,0.0010907,0.21384
2,0.00098162,0.0042117,0.0006466,0.00016194,0.00014542,0.00018566,3.4153e-05,4.4075e-05,4.1114e-05,2.0077e-05,1.6125e-05,0.0001585,0.00019703,0.0001426,0.00085015,0.0010193,0.001676
2,1.5292e-05,6.627e-05,4.4927e-05,3.7145e-05,4.4392e-06,1.0777e-05,1.2179e-05,8.4165e-06,1.4382e-05,0.00050859,0.00044447,0.00053446,0.0017872,0.0021631,0.0049759
2,3.6889e-06,0.00025528,0.0014538,0.0014037,8.582e-05,7.2424e-05,0.00010797,3.9997e-05,4.5758e-05,4.2744e-05,3.3593e-05,1.9885e-05,0.00016502,0.00041419,0.00036193,0.00027706,0.00037975,0.0012187,0.00084828
2,3.2747e-05,0.0030498,0.016273,0.046533,0.00067458,0.00066718,0.0002194,7.7889e-05,8.3165e-06,2.4457e-06,2.9301e-06,5.8918e-06,2.9315e-05,3.1136e-05,8.5679e-05,8.2791e-05,3.5083e-05,0.00032479,0.0005167,0.0002504,0.0002273,0.0017495,0.00070176,0.00065583,0.046046
2,8.0013e-06,0.00016686,1.6568e-05,1.4212e-05,1.3109e-05,1.5388e-05,7.3562e-06,1.7165e-05,4.2615e-05,9.9013e-05,0.00014385,0.00016162,0.0010651,0.0012556,0.0032293
2,1.7967e-05,3.5962e-05,3.6523e-05,7.2951e-05,5.1686e-05,0.00091749,0.0011519,0.0021231,0.0043899,0.001743,0.0019861,0.00056473,0.00030666,0.00019143,0.00013197,0.00013477,0.00062043,0.00042168,0.061525
2,1.5654e-06,1.4115e-06,1.7811e-06,1.3914e-06,5.4883e-06,3.7159e-06,3.4947e-06,2.4535e-06,2.5039e-06,3.8688e-05,0.042405,0.0018649,0.0020915,0.00018697,0.00036592,0.00013202,0.00036595,0.00053918,0.00099634,0.0010823,0.099716
2,8.027e-06,1.1027e-05,2.8441e-05,3.2935e-05,5.7697e-05,5.0977e-05,7.5201e-05,0.00011377,0.00042439,0.00011015,0.00059387,4.3312e-06,2.2189e-06,2.283e-06,1.6476e-05,0.00017684,0.00037182,0.00050165
2,3.746e-05,3.4026e-05,4.4182e-05,2.1472e-05,8.2476e-06,3.1527e-06,9.1372e-07,4.5911e-07,8.1685e-07,1.0081e-06,0.00057758,7.2849e-06,2.4429e-06,1.6735e-06,8.5249e-07,2.3963e-05,0.00029713,0.00033269,0.00037958,9.9031e-05,0.00013468,4.6341e-05,0.00015919,0.00025185,0.00060307,0.00049356,0.00090864
2,4.5002e-05,7.4454e-05,6.7153e-05,2.8515e-05,4.1797e-05,1.1066e-05,9.2819e-06,8.7065e-05,8.4703e-05,5.0941e-05,1.9815e-05,7.4395e-06,9.1566e-06,0.00022012,0.0012164,0.0029022
2,1.636e-05,2.085e-05,2.8218e-05,5.1895e-05,8.8242e-05,5.8485e-05,6.4677e-05,6.8002e-05,0.00011373,0.00017394,0.0003987,0.00010075,8.3533e-05,3.5237e-05,6.349e-05,4.0263e-05,9.3037e-05,4.9008e-05,0.00072891,0.00072946
2,0.00018945,0.0044093,0.00043838,0.00047944,0.00034287,0.00020761,0.00025502,0.00037627,0.00056363,4.7033e-05,3.5423e-05,2.9715e-05,2.2311e-05,1.7125e-05,0.00033626,0.0002352,5.5155e-05,7.4173e-05,0.00019285,0.00011043,0.00054742,0.00090791,0.00067298,0.00042958,1.3621e-05,1.2982e-05,0.00010818,4.2359e-05,3.1615e-06,0.00026851,0.00013761,0.00010945,0.0013545,0.0018071,0.27608
2,2.5775e-05,8.0118e-05,1.0692e-05,6.3356e-06,4.5017e-06,8.6028e-06,3.5017e-06,5.6686e-06,2.6561e-06,5.6204e-06,0.00014231,0.00060234,8.6798e-05,0.000119,0.00014022,0.00014586,0.00013331,0.0022902,0.00092161,5.2634e-05,0.00010647,1.107e-05,3.8731e-06,1.5427e-05,0.00037229,0.00025847,0.00039783,0.00053761,0.0013468,0.11859
2,1.9246e-05,3.6489e-05,4.6709e-05,5.1426e-05,0.00020367,0.00036162,0.00021271,0.0002285,0.00025359,0.00022638,0.00028985,0.00021509,4.5565e-05,7.1591e-05,6.3336e-05,3.7981e-05,9.3895e-05,0.00010728,0.0001454,4.5224e-05,9.6908e-05,5.5244e-05,8.52e-05,0.0001087,0.00033154,0.00022779,0.00036177,0.00093483,0.0013523
2,1.2225e-05,1.0776e-05,3.4051e-05,1.101e-05,1.1459e-05,1.7121e-05,7.6816e-06,2.4319e-05,8.118e-05,8.0567e-05,9.0559e-05,6.7072e-05,9.8021e-06,7.4063e-06,9.3416e-06,6.6022e-06,5.5295e-06,9.9094e-05,0.00024977,0.00010817,9.4305e-05,0.00039485,0.00042405,4.7415e-05,0.00014169,0.00024843,0.00011395,0.00065312,0.0012825,0.0023111
2,6.996e-05,6.1389e-05,5.5834e-05,2.6568e-05,2.1499e-05,0.00021343,0.00035347,0.00070364,0.00095064,0.00044197,0.00042798,0.00025381,0.00080894,0.00044712,0.00063679,1.9113e-05,7.3072e-06,1.1697e-05,9.2106e-06,2.5818e-05,0.00050754,0.00093203,0.00086725,0.00041123,8.8942e-05,9.0981e-05,3.4637e-06,1.5287e-06,4.3601e-06,3.1167e-05,1.5499e-05,4.1477e-05,0.00039367,0.00050006
2,1.5578e-05,2.4124e-05,7.2077e-06,4.255e-06,2.0383e-06,3.335e-06,4.3795e-06,1.0105e-05,8.9677e-06,1.0329e-05,2.813e-05,3.2699e-05,3.3614e-05,0.00054457,1.4602e-05,7.3997e-06,1.5369e-05,8.4119e-06,3.0667e-06,8.319e-05,0.00012175,5.0134e-05,6.3347e-05,1.9628e-05,7.2622e-06,1.8771e-05,1.8829e-05,8.1953e-05,5.4767e-05,0.00021441,0.00029607,0.00028075,0.00066716,0.0015351,0.004441
2,2.5803e-05,2.2434e-05,1.637e-05,6.2563e-06,2.1658e-05,4.6659e-05,5.8274e-05,6.7763e-05,6.4994e-05,0.00020049,0.00041524,0.00038035,0.00034954,5.3889e-05,5.5845e-05,4.1675e-05,4.3112e-05,5.3442e-05,0.00077509,0.0015427,0.0016778,0.00012644,8.7216e-05,7.0097e-05,4.932e-05,3.8346e-06,5.0155e-05,0.00015844,0.00011217,0.00056722,0.00080609,0.0011563
2,0.0001385,0.00040338,0.00039838,5.4586e-05,7.8703e-05,0.00017533,0.00017418,0.00018643,0.00010737,0.00013707,0.00011248,0.00014425,0.00027187,0.00039886,0.00016542,4.4979e-05,3.197e-05,3.5599e-05,4.9169e-05,0.00010099,0.00015816,0.00024191,0.00019415,2.768e-05,3.1644e-05,2.3701e-05,3.6077e-05,7.8341e-06,5.8721e-05,7.0991e-05,4.6913e-05,6.7509e-05,0.00029485,0.0010801
2,7.458e-05,9.1722e-05,0.00023482,0.00034858,0.00037536,0.00016807,0.00012598,0.0001502,0.00023637,0.00030869,0.0011123,0.00039214,0.00044565,0.00044124,0.00041993,0.00032453,0.00065061,0.00085818,3.5883e-05,1.0704e-05,7.3009e-06,2.9292e-06,1.6839e-06,1.4217e-05,1.5391e-05,5.3674e-05,9.5194e-05,0.0002137,6.8325e-05,8.7956e-05,9.0463e-05,0.00010388,1.4704e-05,2.5349e-05,6.7129e-05,4.9238e-05,0.00012648,0.0005074,0.00036078,0.00087105,0.073794
2,0.00041129,0.0012591,0.00064083,0.00011109,7.288e-05,6.5022e-05,3.585e-05,2.1859e-05,2.2587e-05,4.3385e-06,5.6969e-06,3.369e-06,1.1724e-06,3.7452e-06,7.4621e-05,0.0002547,0.0001407,5.9641e-06,3.1126e-06,4.6587e-06,8.1872e-06,0.00021902,0.0027534,0.14871
2,0.00058279,0.0082624,0.00133,0.0014752,0.001018,0.00025707,3.3109e-05,9.7751e-05,8.7643e-05,1.9194e-05,1.39e-05,2.6769e-05,1.6675e-05,4.5855e-06,1.9941e-06,1.2368e-06,2.0941e-06,3.0632e-05,0.000307,0.00075645
2,0.00065779,0.0009048,0.00078457,0.0008611,0.00035666,0.00025834,0.00019793,0.00024108,0.00014439,0.00013642,0.00037144,0.00027436,5.1985e-05,2.0031e-05,1.8395e-05,7.5954e-06,4.8112e-06,1.7231e-06,1.8287e-06,3.1413e-06,5.9706e-06,0.00026518,0.0017794
2,0.00040668,0.0010749,0.001455,0.00028839,0.00031344,0.0025023,0.001243,2.9491e-05,7.5108e-05,0.00010136,5.494e-05,1.6805e-05,0.00010032,6.0591e-05,2.5294e-05,1.2287e-05,7.1745e-06,4.801e-06,8.2811e-06,0.00024688,0.0014
2,0.00037856,0.0015193,0.0085337,0.00016272,0.00029734,0.00056157,0.00021921,0.00026095,0.00062522,0.00036103,0.00057175,2.2248e-05,1.1911e-05,2.3487e-06,2.1392e-06,9.4515e-07,8.1074e-07,5.8181e-07,4.641e-06,0.00011631,0.00062481,0.00041779,0.10394
2,9.2797e-05,0.00034722,0.001743,0.0016244,0.0011813,0.0004588,0.00049177,1.349e-05,1.3575e-05,1.2931e-05,3.8029e-06,3.2727e-06,3.1502e-05,4.1401e-05,1.2522e-05,8.5914e-06,9.2694e-06,6.0918e-06,7.3475e-06,7.4098e-05,0.00040868,0.00087585,0.083809
2,0.00079562,0.00046413,0.0015313,0.0031974,0.001452,0.00094706,0.00068381,0.00095108,5.9664e-05,0.00024678,0.00012221,9.3896e-05,6.7735e-05,9.4226e-05,1.991e-05,1.4222e-05,8.1125e-06,7.2051e-06,6.7537e-06,3.5752e-05,0.00016899,0.00070079,0.00064535,0.10635
2,0.00056941,0.0041803,0.00019354,0.00012118,0.00012679,0.00010415,1.1938e-05,2.2268e-05,2.0125e-05,0.00021702,1.0768e-05,6.279e-05,0.00038355,0.0001753,0.00023316,0.00067912,0.00042401,6.5348e-05,0.00016615,0.00032088,0.0012713,0.00044728
2,5.1538e-05,1.6761e-05,2.0034e-05,4.4076e-05,8.5614e-05,3.6945e-05,2.3657e-05,4.2543e-05,5.6325e-05,2.4458e-05,7.3075e-05,4.3199e-05,1.7661e-05,1.5491e-05,1.1062e-05,2.9105e-07,3.079e-06,7.0548e-06,2.0937e-05,6.8913e-06,5.6053e-05,6.1922e-05,6.9761e-05,0.00010889,0.00011387,0.00016276,0.00018436,0.00014824,0.00017091,0.00033121,0.00048234,0.00054524,0.0003283
2,2.4404e-05,4.141e-05,7.5635e-05,2.1135e-05,4.934e-05,4.5799e-05,0.00022768,0.00020099,4.1208e-06,2.85e-06,3.8512e-06,2.0898e-05,5.5929e-06,0.00010559,0.0001797,0.00039479,0.00030842,0.00013633,0.00014004,8.2559e-05,0.00015697,0.0013526,0.13988
2,9.6332e-05,0.00012221,0.00011023,3.7685e-06,3.6451e-06,3.7802e-06,4.8923e-05,6.2381e-06,3.9676e-06,8.1843e-06,3.2992e-05,9.4078e-06,4.4219e-05,4.4978e-05,1.0758e-05,4.2284e-05,7.9301e-05,2.7423e-05,3.4945e-05,2.9347e-05,7.5911e-05,0.00024881,0.001691
2,4.5741e-05,0.00048953,4.4969e-05,3.3346e-05,9.3427e-05,0.00013497,2.7023e-05,2.2898e-06,6.2677e-06,6.3292e-05,3.0058e-05,3.2192e-05,0.00023822,0.00015792,0.00011733,4.3215e-05,2.9749e-05,4.3997e-05,4.8072e-05,0.00021518,0.00076919,0.0011811
2,0.0001864,0.0014244,0.0023876,0.0029052,0.00010757,0.0001237,0.00018914,0.00040256,0.00031222,0.0026544,0.0040282,7.714e-05,7.525e-06,1.3394e-05,3.9833e-06,3.486e-06,4.6202e-05,0.00015463,0.00042513,0.00034783,0.00044238,0.0020829,0.0014053,0.0012927,0.00026563,0.00043298,0.0003067,0.0010731,0.00075643,0.12629
2,2.0234e-05,0.00010332,0.00012989,0.00018848,3.951e-05,4.794e-05,8.6201e-05,0.00010841,0.00016025,0.00034021,0.0011638,0.00044933,1.5143e-06,1.386e-06,1.2281e-06,8.7849e-06,5.0938e-06,1.503e-05,1.9049e-05,3.9326e-05,7.059e-05,5.9226e-05,5.0513e-05,2.0786e-05,1.0822e-05,0.00010248,0.00063254,0.0013766
2,0.0019451,0.0021769,0.0023741,0.0010243,0.00081667,0.00047274,0.00069032,0.00013112,8.4469e-05,2.1932e-05,6.9608e-06,2.242e-05,2.27e-05,5.5449e-05,3.287e-05,0.00017781,0.00059719,0.00012312,4.9668e-05,0.00063288,6.6314e-06,5.6375e-06,2.7543e-05,0.0001273,0.00046095,0.0019662,0.0054045,0.0040882
2,6.3668e-07,1.4846e-05,5.8008e-05,1.1646e-06,1.0193e-06,1.0885e-05,1.3214e-05,2.4836e-05,7.3641e-05,7.2914e-05,1.307e-05,1.2529e-05,2.7708e-05,7.4178e-06,7.1345e-06,8.3457e-05,3.5477e-05,3.9541e-05,1.0707e-05,1.5658e-05,3.7523e-05,7.49e-05,0.00062594,0.0017732
2,0.00011519,0.00030151,0.00018661,9.3389e-05,0.0001899,9.6447e-05,0.00011546,0.00012287,0.00010761,5.0503e-05,0.00016819,0.00021604,8.8513e-05,0.0003393,0.00083924,0.001364,0.00080069,1.0439e-05,7.8625e-06,1.0144e-05,5.1033e-06,7.7563e-06,2.3794e-05,1.9689e-05,0.00085053,0.00058217,0.00038853,7.1813e-05,0.00012016,0.00017623,0.0011503,0.0011665
2,8.438e-06,3.2965e-05,6.67e-06,1.7332e-05,3.2372e-05,6.3739e-05,2.9461e-05,5.8823e-05,8.3795e-06,5.4713e-06,4.8204e-06,4.5519e-06,6.4986e-05,3.0145e-05,9.525e-05,0.00012567,5.1478e-05,6.5998e-05,0.00010054,0.00011091,0.00058213,0.00066428,0.00040215,9.1946e-05,0.00011994,5.6614e-05,0.00025664,0.00026324,0.00042539,0.00090588,0.0014461,0.0015053,0.0015925
2,0.00024112,0.006732,0.0029557,0.0012721,0.00028949,0.0002165,1.178e-05,4.2514e-05,0.00010781,4.7428e-05,0.00045246,0.00028511,0.00010657,5.9303e-05,4.9023e-05,5.6108e-05,5.5258e-05,6.8455e-05,2.328e-05,0.00067311,1.2643e-05,1.9604e-05,1.8619e-05,0.00014872,0.000309,0.0002003,0.0014115,0.005008
2,0.00048081,0.00051108,0.00032442,0.00017848,0.0005795,0.00034685,0.000352,0.00063283,0.00064652,0.00036707,0.00032293,0.00054698,0.0006527,0.00048414,0.0014125,0.0028051,0.0021626,3.8828e-05,0.00045873,0.0015062,0.0031272,0.0021058,0.00034103,0.00030555,0.00039661,0.00064009,0.0014037,0.216
2,0.00093229,0.0025739,0.00090231,0.00039846,0.00017842,9.0834e-05,7.6815e-05,0.00015293,0.0059293,0.0063741,0.006103,0.0054533,0.0022668,0.00010021,7.8357e-05,6.3769e-05,6.9883e-06,1.4089e-05,1.5081e-05,1.2698e-05,9.8551e-06,0.0016689,9.5599e-05,0.00043367,7.8842e-05,1.5765e-06,1.4639e-06,7.5037e-06,7.9409e-06,0.00043359,0.00048379,0.0016025,0.0013273,0.0045687,0.0039644,0.0019294
2,0.0010632,0.00038757,8.9281e-05,3.8638e-05,3.6121e-05,9.6887e-05,8.3828e-05,0.00035699,0.00037611,0.00016412,0.00017195,0.0001613,0.00036224,0.00044651,0.0028359,0.005188,0.00089893,0.0023606,0.0017436,0.0018244,0.00067072,0.00089071,0.00082573,0.00061071,0.0013819,0.0014353,0.098308
2,0.0026054,0.0051201,0.0048245,0.0062247,0.0057197,0.0026504,0.0042692,0.0055708,0.0037908,0.0021289,0.0029212,0.00065609,0.00011327,0.00011396,3.7162e-05,6.6449e-05,0.00011103,4.8609e-06,9.6982e-05,1.7395e-06,1.8313e-06,5.7735e-07,1.2586e-05,4.1512e-05,6.1299e-05,0.0012201,0.0064855
2,5.1204e-05,0.0010669,0.0015894,0.00032887,0.00045119,0.00054872,0.00035329,0.00035051,0.0004166,0.00029738,0.00033889,0.00074251,0.00092211,0.00066015,0.00071726,0.00084025,0.0015016,0.00091932,0.00020941,0.00042356,0.00043056,0.00046336,0.00055392,0.0015084,0.0013801,0.00055952,0.00038959,6.0679e-05,2.4078e-05,3.1471e-05,2.9947e-05,1.7678e-05,0.00017659,0.00059604,0.00043287,0.00072464,0.00072852,0.00056284,0.00091414,0.0010808,0.0014779
2,4.4307e-05,0.00038311,0.0021583,0.0012982,0.00058724,0.001486,0.00074867,0.00012847,9.5487e-05,6.4216e-05,4.094e-05,2.6626e-05,6.2697e-05,0.0016049,0.00029582,0.00010722,0.00027627,0.00018168,0.00035281,0.00038439,0.00024728,0.00036821,0.00015975,0.00020831,0.00014259,0.00091608,8.5688e-05,9.854e-05,0.0001192,0.00088452,0.00079529,0.0011647,0.0012405,0.00091534,0.0011757,0.0014314,0.002677
2,8.211e-06,7.3829e-05,9.1074e-05,0.00027098,9.2352e-05,0.00015747,0.00013036,0.00025524,0.00024616,0.00028004,0.00026932,3.4348e-05,3.0774e-05,2.0375e-05,9.9631e-06,3.1296e-05,0.00022266,0.00019708,0.00010661,2.0639e-05,7.3843e-06,5.0464e-06,6.3625e-05,0.00017635,0.00045763,0.0045349,2.3786e-05,1.6973e-05,2.3059e-05,0.00026091,0.00019326,0.0001767,0.00031007,0.00042305,7.7534e-05,2.8655e-05,1.672e-05,1.1689e-05,1.2122e-05,8.751e-06,2.9667e-05,5.0378e-05,0.0017196,0.0017154,0.00082727,0.00064872,0.0008541,0.0026403,0.0015302,0.0011117,0.00083107,0.0016115
2,7.2429e-06,0.00018544,0.0012451,0.0022911,0.00017551,0.00021235,0.00021286,0.00018766,0.00025902,0.00041826,0.00035487,0.00021619,0.00014983,0.00023945,0.00096121,0.0011374,0.011302,0.00040394,0.0015246,0.00060877,0.0013766,0.001091,0.0020019,0.00040678,0.00024594,8.8532e-05,3.3779e-05,1.9425e-05,3.571e-05,8.3369e-05,0.00053722,0.00054856,0.00061166,0.00067621,0.00073316,0.00091867,0.00069971,0.000638,0.0018749
2,0.00014056,0.00036096,0.00041396,0.0006007,0.00051789,0.00048245,0.00016317,4.8969e-05,4.8522e-05,4.2587e-06,1.0913e-06,2.1646e-06,2.5157e-06,3.5375e-05,8.9647e-05,0.00011319,0.0003515,0.0011921,0.00083076,0.0010441,0.0013413,0.0017794,0.0012977,0.00024872,0.00017505,0.00015385,0.00040547,0.0013626,0.0070492,0.0017138,0.0013698,0.0014306,0.0011162,0.00071133,0.0006365,0.0013301
2,0.0004298,0.00072213,0.0013172,0.001186,0.0011697,0.0010053,0.00075727,0.00063302,0.00044821,0.00022214,0.00027866,0.00027832,0.00010993,0.00013302,0.00020988,0.00065497,0.004325,0.00055486,0.00090654,0.00064086,0.00053941,0.00036929,0.0016923,0.00070207,0.00021306,4.2562e-05,1.0231e-05,7.3131e-06,5.076e-06,2.9702e-06,2.7797e-06,0.0001962,0.00031681,0.00061642,0.00077519,0.0017672,0.0012848,0.00067958,0.00042408,0.00030168,0.00093926
2,0.00019772,0.0033856,0.00053898,0.00054056,0.00037272,0.00042554,0.00080537,0.00049234,0.00027092,0.00028711,2.81e-05,6.4884e-05,9.9052e-05,7.1255e-05,0.00012988,0.00029594,0.00062341,0.0014303,0.00030975,0.00014847,0.00010923,9.8027e-05,7.5813e-05,0.00026886,0.00026773,0.00046918,0.00065314,0.0019901,0.0034846
2,0.00045381,0.00074501,0.00091164,0.0010399,6.838e-05,1.5141e-05,1.0399e-05,1.3807e-05,1.0652e-05,2.4822e-05,9.726e-06,0.00010428,0.00022937,1.2195e-05,6.7586e-06,6.785e-06,3.3793e-06,2.9932e-06,9.5236e-06,5.0361e-06,3.1264e-06,1.5859e-05,7.74e-06,1.0006e-05,0.00011985,0.00011666,0.00015891,0.00021531,0.00036095,0.00076707,0.0010441,0.0015286
2,1.7881e-05,0.0013136,8.7244e-05,3.2982e-05,5.4643e-06,1.5818e-05,1.8536e-05,1.6807e-05,1.4257e-05,1.5319e-05,1.8387e-05,2.1248e-05,1.7428e-05,3.0526e-05,4.5382e-05,0.00023026,6.7633e-05,0.00021854,0.00044899,0.00037299,7.7632e-05,2.7151e-05,1.9506e-05,1.4659e-05,0.00033657,0.001221,0.10058
2,5.6972e-05,0.00614,0.0015439,0.0013717,7.9871e-07,1.0756e-06,6.1995e-07,6.0858e-05,0.00015429,0.00011011,1.8973e-05,1.1093e-05,8.2985e-06,4.161e-06,1.6284e-05,1.2496e-05,9.1552e-06,8.1339e-06,5.2579e-06,1.7343e-06,1.0325e-06,8.2831e-07,8.8864e-07,2.5663e-06,1.1139e-05,2.2574e-05,0.0002101,9.3025e-05,6.5109e-05,0.00010644,0.00017007,0.00013531,0.0006934,0.00047842,0.00023177,0.00041213,0.00049003,0.00042915
2,9.3892e-06,1.8878e-05,6.292e-06,2.4919e-06,4.375e-06,4.9109e-06,5.5567e-06,1.0477e-05,0.00012483,6.2072e-05,7.017e-05,6.0671e-05,8.778e-05,9.6406e-05,0.00025622,0.00025357,0.00025201,0.00045841,0.00018453,0.00027596,0.00016584,0.00015858,0.0001823,0.00077481
2,0.00085104,0.0023251,0.0017887,0.0010165,0.00064667,0.00057765,0.00056652,0.00027591,0.00045536,0.00011155,0.00012325,6.9809e-05,0.00014009,6.6319e-05,6.4383e-05,6.0474e-05,2.0517e-05,0.0038554,0.00025324,7.4459e-05,3.9097e-05,2.5466e-05,1.3747e-05,8.8347e-06,1.1151e-05,1.0718e-05,9.1597e-06,1.9735e-05,1.9601e-05,4.2494e-05,0.00016934,0.00039796,0.00084842
2,0.00011733,0.0010224,9.2446e-05,2.9108e-06,1.0538e-05,4.4405e-06,4.617e-06,1.1547e-05,5.9505e-06,1.4214e-05,1.6629e-05,1.1071e-05,1.6868e-05,2.0358e-05,1.3596e-05,1.7449e-05,3.5044e-05,5.5366e-05,6.0954e-05,0.00010439,8.8491e-05,4.5278e-05,6.1581e-05,0.00059592,0.11446
2,0.00047508,0.00085702,0.00064941,0.00019192,0.000136,0.00043111,6.1564e-05,4.6544e-05,0.00012189,3.158e-05,5.4788e-06,4.9037e-06,9.787e-06,4.5864e-05,0.00021719,5.4427e-05,4.6652e-05,1.1007e-05,2.2093e-06,1.3709e-06,2.0554e-06,1.4977e-05,4.43e-05,0.00020948,0.00049298,0.00039055,0.0003628,0.00040848,0.00041087,0.00059307,0.00030512,0.03752
2,5.278e-05,6.2182e-05,5.3759e-05,3.3482e-05,4.7648e-05,4.0006e-05,4.611e-05,3.3916e-05,9.565e-05,0.0015424,0.0028262,0.00025413,0.00027824,0.0066139,0.0049353,5.9194e-05,0.00034227,9.2359e-05,5.3549e-05,8.9508e-05,0.00039197,0.001253
2,6.8909e-05,7.0613e-05,6.7509e-05,2.9129e-05,7.6453e-05,2.0764e-05,3.4339e-06,4.9337e-06,1.0117e-05,5.9053e-06,4.0376e-06,8.394e-06,6.7685e-05,5.9396e-05,0.00044153,0.00077953,0.00024668,0.00047395,0.00030886,0.00030027,0.00043614,0.0004507,0.00048408,0.00022954,0.00022094,0.00020081,0.00084498,0.00055235,0.0011276
2,0.00041835,0.00035346,0.00034258,0.00017997,5.137e-05,2.8043e-05,1.9785e-05,2.9551e-05,2.0412e-05,0.00083053,0.00020245,9.9042e-06,2.5778e-05,1.4801e-05,1.7293e-05,0.0013555,5.3971e-05,8.4764e-05,5.487e-05,3.4562e-05,0.00027652,0.0014336,0.0012367,0.0015521,0.0037062,0.0027327
2,1.0617e-05,7.365e-05,0.00010976,4.04e-05,4.7336e-05,2.7533e-05,3.387e-05,1.9194e-05,2.7056e-05,0.00054361,0.00041716,0.00010127,4.8437e-05,5.777e-05,5.9031e-05,4.6056e-05,7.9558e-05,7.5505e-05,0.00014775,0.00032086,0.000411,0.0013729
2,0.00041598,0.00059743,5.6012e-05,2.8562e-05,7.3824e-06,7.7799e-06,7.5189e-06,5.4522e-05,0.00073624,0.0012852,0.00074201,0.0027979,0.0017509,0.00179,0.00035449,0.0016283,0.00065349,0.00049204,0.00064505,0.0017906,0.0012573,0.0020989
2,6.6367e-05,3.7074e-05,4.2438e-05,2.5726e-05,2.707e-05,3.7571e-06,1.3252e-06,1.0938e-06,1.2205e-06,5.3309e-05,0.00089894,0.0090868,0.00039494,0.00048659,0.00022306,0.00023838,0.0007509,0.00017267,0.0012659,0.00044259,0.00042091,0.0009591,0.0014609,0.0010182,0.12109
2,2.2983e-06,6.5697e-06,1.4402e-05,1.3396e-05,1.4995e-05,0.00010819,6.7193e-05,6.0677e-05,8.8802e-05,0.00012238,0.00041096,0.0025959,0.0009348,4.0047e-05,2.8051e-05,5.3134e-05,2.7622e-05,3.3369e-05,0.0010893,0.00091295,0.0009546,0.00039523,0.00034745,0.00033393,0.00054653,0.00033791,0.0012789
3,0.081506,0.77947,0.38756,0.031332,0.035354,0.020699,0.15046,0.1262,0.067553,0.060435,0.061167,0.065116,0.089238,0.13351,0.14564,0.073856,0.0094465,0.32187
3,0.021719,0.039959,0.10211,0.082479,0.13173,0.54181,0.55347,0.55626,0.64719,0.29688,0.26238,0.11313,0.061351,0.061751,0.0086428,0.026792,0.13306,0.073922,0.037924
3,0.01914,0.042915,0.93194,0.84754,0.5,0.11909,0.037355,0.061638,0.10645,0.056336,0.09332,0.0752,0.072605,0.024972,0.029377,0.047467,0.074385,0.20383,0.32839,0.22963,0.34815,0.65368,0.41149,0.6384,0.64039,0.74838,0.75172,0.59242,0.40006,0.09166,0.028704
3,0.07247,0.33713,0.24707,0.10454,0.057163,0.029829,0.022733,0.049838,0.25796,0.16058,0.087903,0.061995,0.046548,0.03311,0.032992,0.094419,0.10395,0.05062,0.091744,0.011295,0.011017
3,0.19854,0.18671,0.0666,0.016615,0.07119,0.14502,0.21312,0.14277,0.068791,0.1141,0.63469,0.43354,0.42656,0.43883,0.60054,0.30359,0.1691,0.1646,0.03434,0.0062754,0.0068902
3,0.17159,0.39898,0.54274,0.3971,0.47682,0.38105,0.42165,0.088873,0.060889,0.22963,0.06694,0.032113,0.024651,0.023045,0.012018,0.17,0.20887,0.58035,0.2307,0.26237,0.644,0.67703,0.7706,0.58996,0.52705,0.25784,0.16647,0.053625,0.010896
3,0.012222,0.0088089,0.039862,0.054584,0.068002,0.084774,0.11134,0.044897,0.058992,0.036315,0.050238,0.16764,0.13709,0.073921,0.051559,0.062764,0.057834,0.05886,0.051994,0.074666,0.066982,0.1012,0.054777,0.024288,0.025368,0.029541,0.077455,0.29273,0.23619,0.53154,0.45857,0.3796,0.45249,0.10819,0.07163,0.050539,0.042865,0.013136,0.33329
3,0.0094627,0.027954,0.014194,0.0085588,0.040035,0.11771,0.29896,0.30899,0.31622,0.229,0.11467,0.04755,0.034955,0.010526,0.017663,0.079876,0.10873,0.14975,0.14872,0.13478,0.17564,0.092586,0.14421,0.10967,0.061623,0.050423,0.084993,0.16887,0.46087,0.52056,0.38097,0.23505,0.041162,0.10964,0.079116,0.062232,0.31992,0.63907,0.51079,0.52206,0.4018,0.32783,0.3834,0.44979,0.67003,0.55608,0.33889,0.38419,0.12956,0.077049,0.030459,0.031193,0.029034,0.030062,0.0026243,0.0028349,0.80834
3,0.010667,0.0084559,0.34413,0.0029172,0.0069717,0.0077311,0.013827,0.016185,0.0056809,0.0087007,0.0046428,0.0038124,0.0098045,0.0070597,0.00403,0.016371,0.19362,0.038212,0.079145,0.081441,0.061188,0.050669,0.041252,0.025441,0.023362,0.12733,0.11913,0.025466,0.018644,0.010496,0.011412,0.0048701,0.012772,0.060401,0.092464,0.040082,0.13891,0.13314,0.063088,0.049605,0.035653,0.16322,0.14194,0.2298,0.050084,0.086833,0.057371,0.067261,0.031766,0.021071,0.010299,0.0078979,0.0097361,0.0088574
3,0.0023328,0.0031239,0.0074902,0.011162,0.017899,0.17318,0.31075,0.34491,0.23178,0.2223,0.27367,0.40742,0.24631,0.41302,0.4399,0.684,0.48154,0.39323,0.32906,0.12019,0.071525,0.066977,0.20841,0.30717,0.45062,0.44604,0.48168,0.38922,0.61823,0.2331,0.139,0.12006,0.1092,0.10183,0.10752,0.074863,0.038629,0.029034,0.019175
3,0.016095,0.83609,0.015861,0.086569,0.19335,0.319,0.4014,0.43869,0.16639,0.23722,0.095466,0.12444,0.16409,0.27096,0.21714,0.17192,0.086025,0.04257,0.066937,0.18901,0.25137,0.73067,0.72242,0.72292,0.74902,0.8029,0.22326,0.17971,0.075344,0.015046,0.012291,0.018087,0.0058446,0.0031402,0.0076594
3,0.043558,0.53682,0.46021,0.40032,0.27751,0.21535,0.084594,0.29036,0.28868,0.44669,0.33341,0.24789,0.15934,0.17969,0.2798,0.56648,0.56292,0.53797,0.62964,0.32911,0.184,0.11523,0.049681,0.051966,0.35844,0.51678,0.6765,0.72164,0.84497,0.59201,0.29473,0.35455,0.46572,0.63774,0.31994,0.3808,0.24629,0.33663,0.016085,0.0082944,0.0095055,0.016814,0.017497,0.02129,0.055864
3,0.011902,0.23694,0.061256,0.0032752,0.00081464,0.0011181,0.0012275,0.0094937,0.010511,0.020331,0.011165,0.0090987,0.011537,0.0063509,0.019328,0.036651,0.046001,0.032423,0.026242,0.02306,0.022649,0.033335,0.007222,0.0070704,0.0092877,0.012027,0.033954,0.019424,0.016663,0.0062254,0.0037545,0.0041801,0.0083566,0.01339,0.020703,0.062761,0.062739,0.027765,0.03019,0.039987,0.026542,0.029068,0.04324,0.015925,0.014871,0.011088,0.014756,0.061081,0.056378,0.026185,0.017046,0.013714,0.0050684,0.0020761,0.0012292,0.0029632,0.0040737
3,0.22972,0.43887,0.61496,0.18797,0.077019,0.020737,0.015555,0.047862,0.20325,0.55272,0.78465,0.7837,0.5504,0.30957,0.26479,0.23541,0.18958,0.16519,0.065593,0.038727,0.037166,0.062905,0.075194,0.18631,0.075281,0.12945,0.14133,0.56215,0.5,0.36249,0.48523,0.54969,0.047741,0.036616,0.012513
3,0.06432,0.041805,0.036331,0.015047,0.012129,0.021718,0.092742,0.083546,0.066066,0.068945,0.064158,0.10113,0.2179,0.20984,0.19832,0.15931,0.17906,0.21027,0.074918,0.062185
3,0.27403,0.69332,0.1298,0.092787,0.073149,0.24191,0.24634,0.83231,0.94033,0.94288,0.86935,0.94247,0.90646,0.96477,0.91455,0.37232,0.36822,0.31603,0.07583,0.036548,0.0046543,0.0083847
3,0.28973,0.34039,0.14377,0.019477,0.0011942,0.0020741,0.0019469,0.0029163,0.011283,0.079815,0.35035,0.33094,0.099108,0.05833,0.077899,0.11122,0.12034,0.15296,0.1214,0.13511,0.15985,0.14986,0.15451,0.13901,0.060251,0.13686,0.085295,0.087152,0.096933,0.15021,0.19829,0.23628,0.1499,0.068015,0.023057,0.034408,0.020217,0.049017,0.091627,0.014497,0.69143
3,0.033679,0.31696,0.47874,0.0068922,0.0087242,0.0048848,0.004729,0.011981,0.19003,0.36899,0.36718,0.2673,0.14437,0.12069,0.10488,0.077415,0.095697,0.10148,0.02344,0.018939,0.014559,0.018703,0.010304,0.57208
3,0.5,0.87107,0.83887,0.36441,0.29925,0.67172,0.68471,0.9061,0.46362,0.44818,0.40559,0.29908,0.15208,0.11617,0.11822,0.16356,0.15409,0.27606,0.059415,0.074665,0.11638,0.17754,0.081534,0.079441,0.52153,0.64366,0.52101,0.47049,0.41255,0.27175,0.34467,0.17329,0.059402,0.05781,0.042877,0.084383,0.075875,0.061607,0.010328,0.018519
3,0.0020597,0.0089844,0.14685,0.19248,0.035528,0.0087822,0.010478,0.011003,0.0086689,0.0052113,0.015476,0.025863,0.037264,0.092634,0.043182,0.04436,0.035085,0.015854,0.0024744,0.0013452,0.0023111,0.011168,0.011249,0.04761,0.046224,0.012087,0.014145,0.010769,0.0044337,0.010156,0.022226,0.0080344,0.013246,0.0063957
3,0.00048588,0.0018763,0.010956,0.0053677,0.0052034,0.0075665,0.0067094,0.0071268,0.011457,0.025007,0.057626,0.067205,0.037551,0.039248,0.03324,0.054031,0.39291,0.13381,0.090506,0.052984,0.031171,0.022677,0.040412,0.047398,0.055055,0.038852,0.031176,0.024007,0.020079,0.011541,0.053874,0.01314,0.0018355,0.00078809,0.001069,0.00063191,0.00059572,0.0084686,0.016705,0.020985,0.38375,0.46691,0.20327,0.20877,0.1643,0.05789,0.060061,0.034127,0.010326,0.0055507,0.0042426,0.20374
3,0.034802,0.20582,0.21854,0.087579,0.13652,0.036234,0.025671,0.021177,0.34159,0.069222,0.26241,0.25388,0.16317,0.26654,0.095956,0.7047,0.75474,0.78074,0.68585,0.3183,0.36194,0.10638,0.05428,0.066874,0.53449,0.31028,0.34715,0.30385,0.16271,0.23887,0.25513,0.13374,0.10959,0.052504,0.037255,0.0062302,0.019652
3,0.013047,0.184,0.31314,0.52434,0.78632,0.48862,0.28419,0.18205,0.016862,0.026818,0.10246,0.11415,0.10092,0.11841,0.09312,0.042347,0.021434,0.0055063,0.0025632,0.0019731,0.13019,0.003866,0.0032896,0.021256,0.016625,0.045721,0.099768,0.27732,0.11103,0.055119,0.091214,0.097096,0.046538,0.055093,0.064213,0.085569,0.074904,0.070755,0.070283,0.1035,0.076549,0.069767,0.070542,0.068862,0.09691,0.04236,0.024919,0.053424,0.055983,0.0067585,0.0083787,0.016122,0.017984,0.020354,0.06036,0.089357,0.078371,0.089364,0.093884,0.10402,0.012839,0.0064098,0.013605,0.0098233,0.059879,0.40676,0.18006,0.068382,0.11655,0.10407,0.13246,0.10283,0.017113,0.0082358,0.0074167,0.010226,0.0055591
3,0.013405,0.025518,0.062356,0.082228,0.079434,0.017504,0.0074345,0.0056021,0.0028637,0.011225,0.032944,0.047086,0.027645,0.023599,0.060347,0.061849,0.064126,0.060814,0.034556,0.044156,0.059381,0.015406,0.04275,0.055488,0.036429,0.022646,0.017921,0.015463,0.10123,0.078792,0.060559,0.023802,0.029655,0.019987,0.0098102,0.0031298
3,0.1083,0.47729,0.97323,0.93439,0.92929,0.74653,0.20432,0.6123,0.32846,0.35408,0.19625,0.088287,0.14864,0.90784,0.87704,0.38757,0.16286,0.066098,0.076575,0.056399,0.12575,0.67336,0.25548,0.30169,0.1338,0.21659,0.42142,0.63394,0.54691,0.57628,0.47207,0.45125,0.587,0.36583,0.37119,0.51077,0.5,0.04268,0.048759,0.028939,0.016071
3,0.070175,0.42298,0.33155,0.51268,0.29993,0.26805,0.16933,0.16583,0.040642,0.045772,0.028242,0.041692,0.038201,0.063029,0.074841,0.083631,0.046533,0.059513,0.19412,0.11114,0.1068,0.38345,0.23972,0.36938,0.23231,0.15746,0.13901,0.022515,0.037992,0.084383,0.054581,0.049845,0.14053,0.13081,0.11571,0.12641,0.13187,0.14047,0.13016,0.11857,0.10973,0.1168,0.078975,0.047902,0.020062,0.074504,0.046521,0.012481,0.016201,0.0041403,0.0080356,0.060965,0.065163,0.037941,0.069095,0.044946,0.02919,0.024741,0.010274,0.010223
3,0.00082502,0.0028562,0.037392,0.015576,0.00085686,0.038879,0.020402,0.017914,0.017693,0.023759,0.011236,0.010625,0.005102,0.0042958,0.030877,0.011695,0.009657,0.02091,0.017913,0.02177,0.013162,0.017652,0.012925,0.017927,0.034924,0.035521,0.033347,0.037073,0.046283,0.060898,0.034456,0.034018,0.045411,0.028148,0.026062,0.011574,0.021301,0.015138,0.014325,0.022605,0.028607,0.013825,0.026725,0.020546,0.0089845,0.0090414,0.013962,0.014342,0.010694,0.0066062,0.0033271,0.0038685,0.0087782
3,0.21416,0.22873,0.88813,0.80201,0.58255,0.11461,0.062986,0.02424,0.037935,0.073005,0.044514,0.045643,0.04665,0.056714,0.063953,0.063994,0.065224,0.0601,0.040815,0.047901,0.10565,0.13375,0.28744,0.41021,0.16761,0.11103,0.011559,0.0065244,0.015213,0.0096288,0.021927,0.073058,0.92492,0.96937,0.92576,0.1699,0.095846,0.11203,0.17266,0.16771,0.42482,0.20215,0.1565,0.10502,0.095272,0.21408,0.061005,0.12191,0.11241,0.10168,0.095727,0.086555,0.0726,0.059781,0.04806,0.053443,0.089892,0.082723,0.071268,0.059288,0.25993,0.12464,0.11971,0.18192,0.20773,0.11404,0.044761,0.089823,0.10412,0.068027,0.091593,0.10133,0.10507,0.19176,0.51213,0.32337,0.14286,0.024805,0.035813,0.13101,0.062741,0.059977,0.070896,0.10807,0.089529,0.080338,0.018297,0.0092559,0.005509,0.011782
3,0.0074211,0.030403,0.044649,0.04515,0.0563,0.03469,0.061128,0.05199,0.017413,0.069275,0.078981,0.060611,0.052948,0.039696,0.033794,0.050452,0.060117,0.029542,0.012408,0.019158,0.0018977,0.0036558,0.0017858,0.0021715,0.00081469,0.0038681,0.009317,0.011451,0.0085433,0.0076158,0.077086,0.048508,0.062429,0.032264,0.032497,0.042577,0.05094,0.044402,0.035883,0.027622,0.034989,0.029417,0.019769,0.039313,0.045409,0.018736,0.012646,0.022144,0.0125,0.0092517,0.0081985,0.016425,0.087244,0.047423,0.021125,0.013912,0.0095744,0.0066027,0.0045479
3,0.14561,0.633,0.85496,0.90449,0.88432,0.9327,0.94971,0.88377,0.86091,0.82863,0.89079,0.33208,0.22685,0.36288,0.22274,0.30168,0.34851,0.73814,0.68661,0.88525,0.73093,0.57737,0.89133,0.958,0.87766,0.40446,0.44425,0.72254,0.82697,0.71409,0.87589,0.69932,0.24588,0.087663,0.073223,0.04027,0.1422,0.17553,0.26067,0.36736,0.22206,0.23292,0.26548,0.47274,0.18938,0.18043,0.16437,0.058138,0.045798,0.012466
3,0.0019456,0.0011051,0.0011229,0.00079247,0.022365,0.00086621,0.003145,0.010123,0.014674,0.012455,0.018619,0.017083,0.021122,0.0041791,0.0013953,0.0014078,0.0020191,0.0010663,0.01638,0.01518,0.023833,0.013479,0.067184,0.043285,0.030076,0.055915,0.059951,0.065298,0.089327,0.056482,0.054512,0.067783,0.090022,0.094033,0.081641,0.067271,0.065012,0.056929,0.051635,0.023368,0.027183,0.025261,0.017219,0.016349,0.022013,0.023796,0.012927,0.0057203,0.0038072,0.0056907,0.0075267,0.0092935,0.017291,0.3503,0.097309,0.02851,0.026753,0.018449,0.019276,0.019271,0.013224,0.010379,0.0088946,0.0098122,0.013949,0.0037119,0.0030137,0.0038281
3,0.011021,0.68873,0.033262,0.011087,0.0039868,0.0073814,0.0019684,0.0022998,0.014831,0.010094,0.0026741,0.0033417,0.0035819,0.0047613,0.051176,0.07012,0.074404,0.032812,0.030684,0.014356,0.015997,0.02886,0.027872,0.035814,0.024855,0.015969,0.020996,0.02038,0.019331,0.032827,0.017217,0.041323,0.043953,0.043394,0.05804,0.079996,0.045028,0.023182,0.0087549,0.0055726
3,0.025524,0.47521,0.24991,0.18134,0.26047,0.80594,0.074455,0.08054,0.0093358,0.021758,0.018184,0.004827,0.0060878,0.01864,0.028636,0.062885,0.068785,0.02948,0.043157,0.058558,0.067963,0.04251,0.039405,0.026717,0.031787,0.023199,0.019543,0.017586,0.098682,0.15595,0.029075,0.011293,0.0089619,0.0058668,0.0027615,0.012346,0.0074293,0.019658,0.05786,0.10772,0.12742,0.18198,0.09714,0.14445,0.086339,0.030188,0.010832,0.0082223,0.0057093
3,0.24205,0.86191,0.90428,0.56089,0.72715,0.8121,0.86014,0.48618,0.41879,0.15139,0.075873,0.013978,0.011478,0.028133,0.022206,0.007059,0.0057734,0.033804,0.036377,0.071579,0.21049,0.10445,0.12511,0.13951,0.16367,0.40137,0.38006,0.21165,0.01491,0.014525,0.014714,0.0075437,0.0027754,0.030495,0.065405,0.057085,0.033293,0.0061267,0.0052977,0.0054787,0.70891,0.057338,0.17007,0.23655,0.14013,0.09819,0.49025,0.28688,0.18997,0.10477,0.035457,0.018944,0.018979,0.0070738
3,0.041735,0.038325,0.024801,0.051091,0.31818,0.22945,0.11568,0.21961,0.065611,0.013206,0.010483,0.018943,0.011373,0.012086,0.012715,0.032646,0.027766,0.045048,0.050723,0.081669,0.11436,0.12442,0.12517,0.11767,0.096769,0.10463,0.025151,0.011274,0.010741,0.021103,0.016025,0.041014,0.054793,0.095573,0.018557,0.015228,0.014153,0.50954,0.43261,0.208,0.19011,0.084679,0.05124,0.027752,0.017145,0.003525,0.0040289
3,0.11454,0.9178,0.24523,0.35124,0.28537,0.18371,0.060662,0.5,0.64271,0.17181,0.2738,0.34054,0.06481,0.056784,0.10754,0.14795,0.16213,0.20974,0.068649,0.056445,0.062159,0.051901,0.09641,0.070999,0.029528,0.064067,0.386,0.46808,0.57911,0.35924,0.4895,0.21334,0.29819,0.28248,0.16898,0.27281,0.3758,0.025142,0.020738
4,1.6089e-06,2.0584e-06,7.5162e-06,0.00036788,0.00046799,0.00048238,0.0012854,0.0019024,0.012051,0.00179,0.0032014,0.0026453,0.0033316,0.004024,0.0030418,0.0023394,0.0013885,0.0012368
4,0.0002126,0.00063084,0.00045303,0.00029586,0.00073064,0.00079714,0.0004279,0.00041489,0.00044458,0.00077347,0.0019288,0.0034673,0.0074812,0.0055589,0.0059767,0.002541,0.0041132
4,2.7514e-05,1.2688e-05,1.5289e-05,0.00074159,0.0049809,0.0021127,0.0010098,0.0023191,0.0047484,0.0036295,0.0010532,0.0015256,0.0037881,0.0021417,0.0034684,0.0025807,0.0039421,0.31036
4,0.00012896,5.3459e-05,6.9423e-05,0.00011568,0.00018162,3.5512e-05,2.1179e-05,2.1258e-05,9.7237e-05,1.5784e-05,0.00033798,0.0018743,0.0022303,0.0018294,0.0018556,0.35371
4,4.8569e-05,0.00011312,0.00013491,0.0037624,0.0042337,0.00041833,0.00033747,0.0001985,0.00013194,2.8432e-05,0.0011198,0.0033975,0.0040881,0.0040882,0.0025377,0.0042269
4,2.0142e-05,1.959e-05,2.9161e-05,0.0028556,0.0047552,0.0025233,0.0016851,0.0024579,0.0025863,0.00063656,0.0010801,0.0013046,0.0017015,0.0020679,0.001409,0.0017309,0.07653
4,1.9489e-05,0.0022237,0.00047043,0.00028741,1.9923e-05,1.1407e-05,3.6567e-05,5.1307e-05,0.00043623,0.00027646,0.00058003,0.0036212,0.0057622,0.0052938,0.0085081,0.010098,0.002814,0.00133
4,1.2028e-05,0.13062,0.0082739,0.00079211,0.00079827,0.00026499,0.00091692,7.2663e-05,0.00012178,0.0003348,0.00032934,0.001708,0.0014953,0.0021836,0.0050412,0.005836,0.0035654,0.24071
4,0.00047071,0.023175,0.0037198,0.00077267,9.3773e-05,0.0001419,0.00012159,0.00010612,0.00038369,0.0022469,0.0021137,0.0044046,0.016145,0.0030875,0.20572
4,0.00053647,0.0014475,0.0022562,0.0017452,0.0014804,0.00056885,0.00040359,0.00018336,0.00020778,0.00036704,0.0015563,0.0020715,0.002692,0.0034641,0.0014134,0.11073
4,4.5224e-05,4.6425e-05,7.0933e-05,9.6961e-06,1.706e-05,2.9535e-05,0.00026753,0.001149,0.0010282,0.0027071,0.0060333,0.0018872,0.0052989,0.0070868,0.005063,0.0027849
4,0.00019956,0.0011055,0.00151,0.00085157,0.001785,0.0020349,0.0014877,0.0053952,0.055366,0.028017,0.0034135,0.0014757,0.0011125,0.0023412,0.0086579,0.010511,0.010146,0.0058543
4,5.6863e-06,4.8288e-05,0.00017049,0.00036388,0.002976,0.0019167,0.0020204,0.0062445,0.0036273,0.0029601,0.0012413,0.0015947,0.002695,0.0099387,0.0038097,0.0050461
4,1.7023e-06,6.2628e-06,6.6472e-05,2.6847e-05,0.00053534,0.0016254,0.0020691,0.00069303,0.00094426,0.0028295,0.0072046,0.0042321,0.002924,0.0012435,0.0011675,0.0016299,0.0022189,0.0022089,0.0034445,0.0013441,0.10574
4,0.0052039,0.0080741,0.0092096,0.014672,0.039019,0.039333,0.016706,0.0092442,0.0051777,0.001697,0.0020554,0.0027097,0.0048106,0.010445,0.0060082,0.0020072,0.0034549
4,0.00082126,0.0016506,0.00065564,0.00010986,0.0004616,0.00041005,0.0010291,0.00041459,0.0011637,0.00083694,0.0005494,0.00053385,0.01035,0.013718,0.0082454,0.0059189,0.0033822,0.0017834,0.0021385,0.0035213,0.0085186,0.013652,0.034026,0.010974,0.010238,0.0098604,0.0090191,0.016554,0.012173,0.0071804,0.014291,0.0079808,0.0052748,0.24838
4,5.2177e-05,4.356e-05,4.4211e-05,4.447e-05,0.00042208,0.00063162,0.00057168,0.00064207,0.00048721,0.00021168,0.00018683,0.00012304,0.00057947,0.00090886,0.00062998,0.00090468,0.0039136,0.0018335,0.0011906,0.0014771,0.0029824,0.0036873,0.0038749,0.0025222,0.0028413,0.0019109,0.0012168,0.002643,0.0016447,0.001111,0.00075729,0.0012791,0.0010063
4,0.0001478,0.00018763,0.00011617,0.001338,0.0050458,0.0059503,0.0046497,0.0033067,0.0029112,0.002762,0.0012368,0.0037689,0.0079761,0.0046136,0.0031897,0.0042535,0.0031376,0.0057531,0.002612,0.0070618,0.0042965,0.0039726,0.011891,0.0064322,0.0026331,0.0037708,0.0036243,0.0021203,0.0038928,0.0024912,0.0021815
4,0.00036251,0.00060073,0.00083558,0.00085577,0.0014962,0.0028912,0.003406,0.0022457,0.0025957,0.0019284,0.00091852,0.00092517,0.001638,0.0012756,0.0010885,0.0011579,0.0012689,0.0012271,0.0037672,0.0047961,0.0036197,0.004008,0.0024442,0.0027311,0.0019306,0.0016363,0.0028719,0.0027575,0.0020852,0.0017125,0.0015392,0.0011394
4,0.0001482,0.0002717,3.9579e-05,5.7255e-05,0.00025111,0.0004346,9.9418e-05,0.00031678,0.00025013,0.00063529,0.00076531,0.002687,0.0055754,0.00057597,0.00052394,0.00022232,0.00013191,0.00027784,0.0044263,0.010448,0.019041,0.006141,0.0020686,0.0088086,0.010341,0.0021095,0.0043104,0.0055329,0.0050077,0.0051915,0.002506,0.0023728
4,8.8709e-05,0.00010503,4.8107e-05,2.4784e-05,8.1532e-05,6.4059e-05,5.8462e-05,0.00020363,0.00045875,0.0047612,0.0038554,0.0033326,0.0002937,0.00036402,0.00033529,0.00024851,0.00030484,0.0029088,0.0046271,0.0046221,0.0074649,0.0053937,0.0065907,0.0012522,0.001937,0.0014948,0.0046112,0.0030042,0.0022406,0.0022006,0.0026797,0.0024865
4,0.00032691,0.0060453,0.00025241,0.00011561,7.1623e-05,0.00011499,0.00021351,0.00018291,0.0015911,0.00067276,0.00021243,6.3241e-05,4.4828e-05,3.1746e-05,2.2548e-05,0.0001501,0.00059029,0.0014874,0.0037902,0.0028655,0.0032487
4,0.032234,0.021203,0.0037119,0.00030046,0.00035712,0.00095824,0.0016045,0.0015153,0.00078067,0.0010695,0.00033256,0.00012408,0.00017196,0.00030814,0.0002721,0.001881,0.0099296,0.0097487,0.19282
4,0.00097109,0.00060987,0.0004209,0.000166,0.00026009,0.00066382,0.0011969,0.0042489,0.0031949,0.0097875,0.0038556,0.0056358,0.0043181,0.0041177,0.0055583,0.0052318,0.0070192,0.004694,0.0085065
4,0.0072268,0.025587,0.014533,0.0087057,0.0073747,0.0055111,0.0098691,0.018263,0.0027564,0.00024191,0.00014689,6.2617e-05,2.4088e-05,0.00015895,0.00019305,0.00028233,0.0028663,0.0035739
4,1.8431e-05,0.00092521,0.0019435,0.00016568,0.00032744,0.00034379,0.000777,0.00025953,6.719e-05,4.0271e-05,0.00043865,0.00011334,0.00030459,0.0015321,0.00034834,0.00049966,0.0003398,0.00017776,0.00026723,0.0021697,0.0036392,0.004229,0.0020841,0.0041847
4,0.0010965,0.0022488,0.00094576,2.56e-05,2.1492e-05,3.7811e-05,0.0023322,0.0012434,0.0031651,0.00031375,0.00034509,0.00070964,0.0010531,0.001087,0.0021832,0.0021335,0.00032197,0.00069806,0.00095437,0.0011636,0.0011761,0.0028406,0.001996,0.0058247,0.0016951
4,0.0004499,0.0049995,0.00033262,0.00012481,0.00028711,0.0045416,0.004694,0.0026418,0.00041517,0.00032679,0.0006915,0.00039195,0.00026925,0.006137,0.0072501,0.0037405,0.0021537,0.00089815,0.00076997,0.0014249,0.0017402,0.0064542,0.0045137,0.0033696
4,0.0014691,0.0080686,0.0018511,0.00014733,0.00025384,0.00044466,0.00070039,0.0018276,0.0003726,0.0002555,0.0023243,0.0021535,0.00043917,0.0032163,0.0016659,0.0006258,0.0010868,0.00060129,0.00061495,0.0010369,0.0031668,0.0097481,0.41933
4,0.00057348,0.0092992,0.0064708,0.00046059,0.00038637,0.0013103,0.0022878,0.0022186,0.0011259,0.0022017,0.010797,0.011393,0.0098803,0.011938,0.042378,0.037462,0.020871,0.010111,0.0051218,0.0042595,0.0045105,0.0052553,0.0089353,0.0022973,0.24157
4,0.00026925,0.0012516,0.00048192,0.00041286,0.00022681,0.00013321,9.5337e-05,0.0013252,0.00073446,0.00090907,0.001657,0.0028021,0.0012371,0.0012913,0.00034663,0.00052303,0.00037546,0.0020912,0.0054387,0.01999,0.04899,0.022488,0.015623,0.025661,0.016752,0.013653,0.0059606,0.0041152,0.0041888,0.0042759
4,0.00020064,0.0068377,0.018608,0.012802,0.0070133,0.0016802,0.0018351,0.0098551,0.0097221,0.0025367,0.0051227,0.0054329,0.0020082,0.002866,0.00348,0.0037698,0.0051316,0.001089,0.0043099,0.0069808,0.0061171,0.0053006,0.0095534,0.0081016,0.0036803,0.0077083,0.0080117
4,1.7785e-05,7.1182e-05,0.00016798,0.00030366,0.00057517,0.00039299,0.00036117,0.00082788,0.00060878,0.00086583,0.0008965,0.00048521,0.00052556,0.0010124,0.00027592,0.00021722,0.00056559,0.00035063,0.0010321,0.0016539,0.0020404,0.00062047,0.001134,0.001174,0.0012676,0.0032519,0.0019277
4,2.3006e-05,3.9291e-05,6.2408e-05,9.702e-05,0.00016531,0.00044123,0.00028011,0.00029948,0.00058679,0.00053301,0.00038722,0.00076344,0.0017536,0.0010142,0.00082765,0.00087183,0.00067099,0.00032436,0.00046317,0.0011858,0.0020423,0.0065011,0.0014311,0.0013012,0.00031043,0.00039828,0.00026443,0.00039337,0.0019525,0.0053659
4,2.0578e-05,3.1018e-05,2.8429e-05,9.3186e-05,0.00046656,0.00038103,0.00019764,0.00032132,9.7272e-05,0.0001178,0.00018506,0.00028579,0.00060552,0.00077324,0.0012337,0.0014583,0.0005892,0.00054768,0.0013555,0.0011484,0.00061604,0.0008825,0.00129,0.0017821,0.0037318,0.0063687,0.0044914,0.002507,0.0015752,0.0020961,0.0011716
4,0.00029566,0.0015547,0.0013383,0.0010294,0.0018417,0.00029334,0.0015616,0.017008,0.01586,0.06383,0.12354,0.23367,0.051319,0.04798,0.011167,0.0049748,0.0039008,0.0046514,0.0012583,0.0012332,0.00065813,0.00050226,0.00070889,0.004634,0.0067277,0.0080178,0.0092437,0.0048696
4,0.00025734,0.0011836,0.0020805,0.0022201,0.0011528,0.001224,0.0016908,0.00036413,0.00044653,0.00064444,0.00077187,0.00062128,0.004588,0.019166,0.0078974,0.017129,0.010302,0.0083761,0.0038236,0.0058864,0.0039502,0.0013303,0.0019424,0.0037371,0.0025844,0.0022518,0.011721,0.029175,0.059409,0.06383,0.05019,0.030637,0.016885,0.006418,0.0012445,0.0037124
4,5.6938e-06,0.00056627,0.0027323,0.000552,0.0015132,0.0014765,0.00024707,0.00045009,0.00075205,0.00096986,0.0010479,0.00080216,0.00062344,0.0010979,0.0090047,0.0030378,0.0031985,0.00214,0.0037993,0.003208,0.0075953,0.010686,0.005173,0.0015098,0.00097785,0.00091041,0.00058548,0.00059993,0.0013511,0.003702,0.0042768,0.0060864,0.0037048,0.0026331,0.0014613,0.00070794,0.1258
4,3.5001e-06,5.2267e-05,6.9253e-05,1.1529e-05,1.5947e-05,9.7944e-05,7.1269e-05,0.00011181,0.00020796,0.00072218,0.00063682,0.00042698,0.0020025,0.00089571,0.0017925,0.002163,0.0022318,0.00047317,0.0012455,0.0022649,0.0028107,0.0053707,0.00032094,0.00018425,0.00017297,0.00012029,0.00013132,0.00039807,0.00097447,0.0017132,0.0023028,0.0032598,0.0029779,0.0024507,0.0017624,0.0012984,0.0014651,0.22339
4,0.00016135,0.0025356,0.010158,0.0017171,0.00081118,0.0047871,0.0083734,0.0087427,0.0043065,0.0025399,0.0016267,0.001903,0.0051429,0.0054495,0.035323,0.0065126,0.010818,0.00546,0.0016089,0.0014641,0.012686,0.0042183,0.0057085,0.0035938,0.0043221,0.0028289,0.0029972,0.0048301,0.0074728,0.011607,0.014372,0.0098234,0.011676,0.011004,0.0076513,0.0063401,0.0028248,0.001309,0.18569
4,0.00013965,0.0018305,0.0013997,0.00015496,0.00033635,0.0016596,0.0012038,0.001016,0.00047012,0.00051253,0.00030207,0.00016007,0.00040585,0.00058745,0.0016025,0.0011713,0.001193,0.00091443,0.0009249,0.0012249,0.0011428,0.0028115,0.0024701,0.0018166,0.0019303,0.00081098,0.00060049,0.00093395,0.0017802,0.0025607,0.0017268,0.0017886,0.0021036,0.0022643,0.00092096,0.0019469,0.13892
4,0.00012831,0.00026921,0.00014637,6.6797e-05,6.0414e-05,4.9994e-05,2.0415e-05,3.3062e-05,0.00010452,0.00049936,0.00028556,0.00021152,0.00020279,0.00019819,0.00011332,0.00029502,0.0043757,0.0061694,0.0087342,0.017237,0.0078495,0.0034831,0.0074463,0.0036444,0.26006
4,8.6375e-05,0.00043145,0.00048536,0.00051158,0.00018106,0.00022586,0.00035027,0.00025578,0.00058197,0.0027976,0.00045664,0.00078314,0.00096875,0.00101,0.0019423,0.010729,0.0085427,0.0087536,0.0082999,0.010407,0.010597,0.0087287,0.0041782,0.0025564,0.0028837,0.0039728,0.0045885
4,2.4657e-05,0.0038433,4.7302e-05,4.5168e-05,1.5774e-05,2.3528e-05,3.103e-05,1.6942e-05,0.00037314,0.00011399,0.0012161,0.0039181,0.0014285,0.0015332,0.00066345,0.0010235,0.00040891,0.00025046,0.00060215,0.0011157,0.0022317,0.0021315,0.0038482,0.0023604,0.0018896,0.0016139,0.0018333,0.0010827,0.0015011
4,9.5123e-05,0.00026949,9.8312e-05,0.00016643,7.5804e-05,0.00030367,0.0001929,0.00011635,0.00016131,0.001136,0.0017437,0.0040059,0.0034952,0.012695,0.005625,0.0044663,0.00048142,0.0017772,0.0053513,0.0036032,0.0069779,0.0043444,0.0036156,0.0024465,0.0040043,0.0024551
4,0.00054875,0.00059131,0.0011993,0.00097354,0.0013432,0.0021278,0.0010869,0.0011354,0.0085697,0.0087457,0.010553,0.015583,0.023144,0.012052,0.010719,0.008188,0.010012,0.015016,0.051335,0.059023,0.10922,0.12415,0.024007,0.012743,0.0044342,0.0036466,0.002128
4,8.2999e-05,7.0684e-05,2.1719e-05,0.00012816,5.7365e-05,1.2583e-05,1.6043e-05,3.21e-05,2.6992e-05,0.00022431,0.0061038,0.0010336,0.00062509,0.0012582,0.0012752,0.0014041,0.02277,0.0039826,0.0024561,0.0038474,0.006373,0.0060729,0.0024194
4,0.00034138,0.0003691,0.00020295,0.0020961,0.00046006,0.00073376,0.00031186,0.00060725,0.00015268,0.00082706,0.00023253,8.1717e-05,8.4482e-05,0.00014396,0.0016286,0.0015038,0.015264,0.0048189,0.0019953,0.0031498,0.0039862,0.0036083,0.262
4,4.0835e-05,0.00012442,6.6908e-05,1.1739e-05,0.00014758,0.00018173,0.00018519,0.00026034,0.0020939,0.0014924,0.0006843,0.000506,0.00047426,0.00053266,0.00051271,0.0094477,0.029555,0.0094846,0.0035316,0.0036331,0.0015139,0.0018666,0.0017768,0.0015844
4,0.00019336,0.0010043,0.0012022,0.00022804,0.00062203,0.00039827,0.00011762,0.00014594,0.00082183,0.0040906,0.0021863,0.0020678,0.0023676,0.0070258,0.0029874,0.010265,0.020213,0.0055249,0.0052108,0.0071905,0.0018687,0.10176
4,5.6745e-05,0.00019556,0.00014812,8.3631e-05,0.00018034,7.9274e-05,6.2826e-05,7.0551e-05,0.00015643,0.00033805,0.0020434,0.0036904,0.0034425,0.0070025,0.0033481,0.0041294,0.0040726,0.011999,0.006364,0.0051508,0.0042086,0.0050725,0.0020346,0.0026015
4,0.00098125,0.0011173,0.0013271,0.0033842,0.0016297,0.0012338,0.00050761,0.00075744,0.0015273,0.0053559,0.010613,0.0098285,0.021855,0.016916,0.019336,0.0069894,0.0062049,0.0038,0.0080462,0.0079984,0.011862,0.0035317,0.17438
5,0.00014078,7.4812e-05,6.3514e-05,9.0356e-05,0.00010809,0.00031564,0.00091782,3.2742e-05,4.6653e-05,4.9029e-05,2.8108e-05,2.0955e-05,2.2493e-05,1.0049e-05,6.429e-06,6.3502e-06,0.00035095,2.9343e-06,2.407e-05,7.2285e-05,6.1763e-05,0.00031748,0.0063712,0.0051054,0.0040653,0.0039938,0.1635
5,0.00013171,0.00025333,0.0004265,0.001071,0.0016828,0.0033882,0.00027687,4.3252e-05,3.8801e-05,5.9271e-05,9.8935e-05,0.00021144,0.00072836,0.00092324,0.00085702,0.00041947,0.00084087,0.00070073,0.18043
5,1.6371e-06,4.9616e-07,1.3468e-06,2.0985e-06,6.3752e-05,0.00098827,6.5552e-05,6.4083e-05,9.8489e-05,9.3467e-05,0.00010088,0.00050982,0.00026972,0.00011208,0.0014852,0.00081173,0.0024423,0.002369,0.0025115,0.0017105,0.0018207,0.0014095,0.0018134,0.20394
5,0.00030171,0.71014,0.34231,0.51261,0.29179,0.021558,0.0020301,0.0011174,0.00086898,0.0012912,0.00095652,0.00038753,5.0566e-05,4.08e-05,5.099e-05,0.00013737,6.7081e-05,0.00037848,0.0036066,0.0022662,0.0014826,0.00080517,0.0019267,0.0042867,0.092787
5,6.9854e-05,0.00024368,7.5221e-06,3.9399e-06,5.2384e-06,5.5115e-06,8.6581e-05,0.0001207,5.457e-05,5.6578e-05,0.00013421,0.00011639,7.2506e-05,0.0004146,0.00064913,0.084885
5,0.0056287,0.17694,0.0012512,0.00027113,1.0709e-05,4.3094e-06,0.00016103,0.00016344,0.00013712,0.00018624,0.00024942,0.00015316,0.0004925,0.001367,0.00087124,0.001469,0.0037335,0.0074843,0.004863
5,1.5403e-05,1.4086e-05,0.00012392,0.0091377,0.0086637,0.0068939,0.00052927,0.00033018,0.0014569,0.011274,0.00065655,0.001139,0.001298,0.0010962,0.00068526,0.0015955,0.0053808,0.0022984,0.0011692,0.00070218,0.00085278,0.0016025,0.0034849,0.0018815,0.0026937,0.0024133,0.0024339,0.0069444,0.014009,0.013896,0.02003,0.0049908,0.0078628
5,5.2101e-05,0.22545,0.34383,0.65688,0.4792,0.0059187,0.001027,0.0016214,0.0016504,0.0037204,0.0055284,0.0075108,0.012971,0.0060587,0.0046698,0.0045117,0.0028301,0.0010994,0.0016492,0.0045343,0.0022858,0.27901
5,8.0166e-05,0.38785,0.0024525,0.0093425,0.00090541,0.00094194,0.0009437,0.0037168,0.0052366,0.0022995,0.0026562,0.0030419,0.0025519,0.0029716,0.00079904,0.0018952,0.0017541,0.00035684,0.00015962,0.00037965,0.0002572,0.00038337,0.0024828,0.010362,0.0022236,0.002359,0.00067087,0.00058413,0.00056585,0.00086383,0.0004727,0.012641,0.00051141,0.00069848,0.00085293,0.0010388,0.00040952,0.00023341,0.00016279,7.2947e-05,0.00025898,0.0034346
5,0.0011497,0.0003919,0.37488,0.00035845,0.00041245,0.00039264,0.00012773,0.00018172,0.00021865,0.0001443,8.8478e-05,0.0004989,0.0012869,0.00057597,0.00066953,0.0014791,0.0021741,0.0031315,0.014891,0.0018735,0.0012232,0.00032412,0.00015627,0.0003629,0.00053293,0.00080386,0.00019388,4.2334e-05,7.1699e-05,3.8774e-05,1.3132e-05,2.3958e-05,0.00015076,8.2125e-05,0.00096281,0.0018886,0.0027996,0.0031643,0.0017485,0.0027653,0.00063726,0.00056701,0.00044595,5.0597e-05,7.9949e-05,0.00041543,0.0028449,0.0028078,0.0023586,0.0031309,0.0069677,0.0063225
5,0.001789,0.0052413,0.031656,0.0035931,0.0080671,0.0038973,0.0027959,0.00068564,0.00017641,2.4012e-05,1.2024e-05,8.798e-06,1.056e-05,8.1826e-06,1.3427e-05,4.7835e-06,2.7339e-06,1.0487e-06,8.2186e-06,0.00014448,0.00020314,3.4087e-05,7.9026e-05,0.00039072,7.8455e-05,0.00013557,0.00011249,0.016362,2.8623e-05,8.6849e-05,5.1606e-05,0.00015283,0.00036734,0.0015354
5,0.0002358,0.0001212,0.00020518,0.00050922,0.00031677,0.00032002,0.00044999,0.00083189,0.00088585,0.00014385,0.00033676,0.00029041,0.00018583,0.00039854,0.00054364,0.00036291,0.00053537,6.2572e-05,1.9758e-05,4.5542e-05,3.38e-05,2.95e-05,0.00010236,7.4968e-05,0.00021974,3.4523e-05,2.6342e-05,3.5362e-05,1.7014e-05,9.3537e-06,7.912e-05,0.0011012,0.00032165,0.00020787,0.00025445,0.00016663,0.00010171,0.082697
5,0.005479,0.099738,0.20426,0.20504,0.014866,0.0068048,0.0045931,0.0047232,0.003189,0.0038403,0.012069,0.026433,0.034996,0.0042394,0.00086275,4.7334e-05,4.4207e-05,0.00039994,0.00029456,0.00020802,0.0059777,0.00084026,0.0012726,0.00043865,0.00040963,0.0015145,0.0025038,0.0032479,0.0055509,0.0027852,0.0046535
5,0.00018157,0.00066134,0.91146,0.9544,0.94715,0.94915,0.56817,0.0026786,0.00034567,9.9019e-05,5.7804e-05,7.4177e-05,7.5384e-05,0.00016163,0.00040823,0.0028829,0.0089251,0.00047733,0.0002856,0.00018868,0.00010629,0.0010875,0.00028593,0.00019599,0.00031608,0.0002805,0.001135,0.00083108,0.0014912,0.0025277,0.0049112
5,0.0035354,0.0048974,0.0069501,0.0080107,0.0017662,0.0015178,0.0013686,0.0018749,0.0011598,0.0040563,0.0022829,0.0027916,0.021816,0.010327,0.013674,0.0010221,0.0009579,0.002029,0.0043348,0.003043,0.0037676,0.006441,0.00074205,0.00084878,0.00019653,0.00019162,0.00014203,6.0839e-05,6.4834e-05,0.0013805,0.011999,0.031465,0.03942,0.033247,0.017683,0.0019364,0.00028029,4.7406e-05,2.8976e-05,0.00019197,9.0455e-05,0.0057476,0.016293,0.0025853,0.0010209,0.0004225,6.3283e-05,1.8749e-05,1.3683e-05,1.9703e-05,1.0834e-05,0.00031738,0.00018333,0.00042859,0.0049621,0.0041281
5,0.00054668,0.015573,0.0031629,0.00089811,0.00056932,0.00036044,0.0001948,0.00016677,0.00039884,0.0002972,0.00034355,0.00016121,7.3423e-05,1.8268e-05,2.4085e-05,0.00021293,0.0025657,0.00066838,0.00032109,0.0004841,0.00029486,5.1808e-05,4.4217e-05,6.5565e-05,6.286e-05,9.5297e-05,0.00058396,0.0020106,0.00042082,0.00029087,0.00013208,0.00055406,5.4355e-05,3.8317e-05,3.5097e-05,3.6435e-05,9.0604e-05,7.6835e-05,0.00026715,0.0010308,0.0015681,0.001528,0.0023889,0.0044587,0.0044214,0.0062915,0.0063885,0.0031418,0.0024349,0.0030035,0.0030866
5,6.8365e-05,0.0025825,0.043752,0.0347,0.024123,0.024347,0.017889,0.031467,0.0048793,0.0023556,0.00068663,0.0005128,0.00052904,0.0050559,0.0073912,0.016883,0.043889,0.03224,0.010914,0.005833,0.012808,0.0081671,0.0012927,0.0017354,0.0026295,0.0052971,0.010184,0.022782,0.027605,0.0080264,0.0017714,0.0014384,0.00046794,0.00039747,0.00024701,0.00040059,0.00051799,0.0027368,0.0023085,0.0059364,0.0032827,0.0023949,0.0020544,0.0013451,0.00081768,0.28922
5,0.00019671,0.00017647,0.15296,4.5071e-05,3.9589e-05,0.00031437,0.0010877,0.00060012,0.00048541,0.002406,0.0015151,0.0013394,0.0016756,0.0012972,0.0009072,0.002914,0.0039404,0.0065501,0.0037065,0.0017879,0.00074005,0.00052262,0.00010374,0.00014246,7.1874e-05,4.895e-05,6.6812e-05,5.1103e-05,3.7348e-05,0.00021365,8.9155e-05,0.00029154,0.00071146,0.001019,0.00078277,0.00099983,0.0017631,0.006083
5,0.00014774,0.026707,0.0017323,0.0018986,0.00013102,0.00062015,0.0027931,0.0027557,0.0021044,0.0020036,0.0011614,6.4898e-05,8.3179e-05,4.3796e-05,2.4983e-05,3.556e-05,0.036068,0.00073083,0.0010733,0.0035859,0.0016344,0.0002851,0.00046359,0.00030088,0.00018944,0.00045553,0.0026396
5,0.00015478,7.3306e-05,1.2898e-05,7.4925e-06,2.8587e-05,3.8978e-05,8.9281e-05,0.00010889,0.00072605,0.00045669,6.4225e-05,9.7812e-05,0.00081736,0.00063051,0.0022735,0.018009,0.0012963,0.0012075,0.0015224,0.0020432,0.0011301,0.0015023,0.049171,0.10092,0.1387,0.023742,0.019207,0.0083853,0.0038876,0.0077287,0.031828,0.046829
5,0.0003993,0.039423,0.00019332,8.0904e-05,0.00011589,0.0001299,6.8987e-05,0.00012079,0.0003515,0.00023618,0.00017308,0.00055038,0.0027348,0.0025823,0.0035622,0.011801,0.00046972,0.00014584,9.0445e-05,0.0001314,0.00027616,0.00085315,0.0025759,0.00042667,0.0002464,0.00036952,0.00053534,0.00072703,0.0020595
6,0.00045819,0.00045255,0.00028794,0.00085416,0.0008256,0.00027354,0.017847,0.018809,0.0025998,0.01257,0.0082746,0.0059689,0.0054636,0.0018471,0.0050539,0.0076435
6,5.0177e-06,3.6334e-06,2.8805e-06,5.29e-05,0.00015747,0.00013192,3.1462e-05,1.5332e-05,8.7437e-05,8.147e-05,0.00021362,0.00038887,0.00056976,0.00078506,0.00037529,0.00031621,0.00022644,0.00052693,0.0013148
6,0.00018238,0.00046319,0.00037152,0.0021329,0.01354,0.0052068,0.0042689,0.019097,0.037923,0.010742,0.0083074,0.0062093,0.0041708,0.0018825,0.0067509
6,0.00025676,0.00021051,0.00017458,0.000232,0.0001718,0.00012289,0.00026111,0.00016322,0.00027714,0.00021991,4.7325e-05,0.00010365,0.00030653,0.00035066,0.00022389,0.00082716
6,0.00010877,8.9935e-05,4.1175e-05,5.107e-05,0.00031467,3.4829e-05,0.00016385,3.8813e-05,7.1001e-05,7.9414e-05,7.7469e-05,0.00041499,0.00034506,0.00029879,0.0011584,0.00056524
6,0.00052842,0.00050728,0.00071805,0.00091056,0.032244,0.0017984,3.4828e-05,2.3317e-05,4.6719e-05,3.9318e-05,1.7171e-05,0.00031461,0.00074016,0.00074932,0.0010589,0.00072798,0.001139
6,5.5038e-05,0.027573,0.010744,0.02178,9.8679e-05,0.00027465,0.00043501,0.0006244,0.0010623,0.0070963,0.09505,0.38386,0.98904
6,0.00021928,0.00019592,0.00043009,0.00039505,0.0040488,0.032891,0.017396,0.030363,0.021114,0.015738,0.012069,0.0023389,0.0020272,0.0011259,0.0022812
6,3.7625e-05,0.00018006,0.00040803,0.0016527,0.0010922,0.00074865,0.00043676,0.00022861,0.00023228,0.00020353,0.00011642,0.0039,0.0069519,0.0054543,0.0027615,0.12117
6,0.0007463,0.0048427,0.019375,0.016149,0.014536,0.020782,0.022194,0.0072565,0.0081935,0.00049521,0.00017707,0.00014744,0.0013848,0.0020798,0.0027099,0.23377
6,4.8038e-06,2.8016e-05,0.00032276,0.0013387,0.0017081,0.00076037,0.00070825,0.011362,0.03076,0.008525,0.00045708,0.00028637,0.00041165,0.00091369,0.0010646
6,5.3134e-05,6.6421e-05,2.7652e-05,4.2995e-05,4.7874e-05,8.7543e-05,3.8078e-05,8.9065e-05,0.00016603,0.01329,9.7795e-05,0.00021202,0.00010254,0.00013123,0.00014153,0.00025278,0.00059546,0.0052432,0.00021751,0.00054159,0.00067629,0.00044427,0.00051715,0.0065184,0.0090806,0.0031613,0.001897,0.00093391,0.00039857,0.00031355,0.00067527
6,0.0023428,0.015233,0.0030521,0.002878,0.048464,0.065229,0.024514,0.019852,0.0089624,0.0013167,0.00065672,0.00036014,0.0019671,0.0012349,0.0018886,0.0029289,0.0051027,0.0093402,0.0049742,0.004501,0.0045876,0.0023077,0.00046995,0.00031512,0.00021967,0.00015206,0.00028783,0.00035585
6,0.00023022,0.00053131,0.000198,0.00013707,0.0012871,0.0056031,0.0032518,0.0010222,0.00075998,0.00061053,0.0015923,0.0012779,0.015296,0.0072568,0.0057027,0.0032329,0.0079813,0.0023493,0.0012056,0.0011688,0.00065408,0.00092451,0.0010682,0.00059632,0.00048956,0.00046304,0.001283,0.00063777,0.0018686,0.0011115,0.0024471,0.0058689,0.18334
6,0.00037722,0.00093256,0.0031817,0.0031549,0.003999,0.002474,0.0018943,0.0022381,0.0027693,0.0033807,0.0018177,0.001139,0.0015582,0.00087538,0.00068764,0.00015668,7.1765e-05,2.0183e-05,0.00017375,0.00027708,0.00037612,0.00027468,0.00068045,6.7157e-05,7.7033e-05,0.0012755,0.00087806,0.0013307,0.00082545,0.21382
6,0.00027357,0.0075459,0.0064487,0.0013951,0.00070599,0.00042897,9.1611e-05,6.8031e-05,9.3857e-05,0.00054722,3.5955e-06,3.2386e-06,1.953e-06,2.1869e-06,3.624e-06,5.148e-05,0.00050315,0.0016628,0.0015141
6,0.0033282,0.0040022,0.0038325,0.0056984,0.0054775,0.0061437,0.00063542,0.00016348,3.6885e-05,2.1124e-05,2.04e-05,2.0881e-05,9.2352e-05,0.0085633,0.10105
6,0.0007918,0.00096296,0.00089037,0.0013567,0.00036621,0.00017042,0.00017746,7.4929e-05,4.6598e-05,3.8397e-05,0.00013453,0.0003243,0.00042401,0.00026609,0.00029722,0.00020292,0.0002473,2.851e-05,2.404e-05,7.1296e-06,1.0144e-05,5.3557e-06,0.00022837,0.00023862,0.00012976,0.00012046,0.00049395
6,0.0035875,0.0010991,4.0246e-05,1.3145e-05,1.7222e-05,5.8727e-05,4.5911e-05,2.3949e-05,2.146e-05,0.00032856,2.7838e-05,5.427e-05,0.00018032,0.00026907,0.0010553,0.00028386,0.00051205,0.0005548,0.00071267,0.00095007,0.11541
6,0.00065594,0.035848,0.20614,0.026587,0.012358,0.00042764,0.00033571,0.00015913,3.8227e-05,4.8743e-05,0.00016667,0.00023153,0.00031168,0.00048205,2.6772e-05,0.00031423,0.00015574,7.3091e-05,5.8979e-05,2.678e-05,0.00013682,0.000911,0.40062
6,0.0004845,0.0044033,0.0042119,0.0036068,0.018691,0.023343,0.0045032,0.002813,0.0057684,0.0008429,0.00045016,0.00053008,0.0029327,0.0010979,0.0027442,0.0017523,0.00068206,0.00076236,0.005898,0.024823,0.059854,0.084802,0.76162,0.43409,0.52999,0.003879,0.00038458,0.00054785,0.0010377,0.0022967,0.0041216
6,0.00025879,0.0023486,0.0040177,0.0085407,0.0022429,0.00054493,0.0014827,0.0018009,0.001514,0.003432,0.00083037,0.00045644,0.00013649,0.00015073,0.00011787,8.5032e-05,0.13305,0.00083188,0.00059912,3.3425e-05,0.00056529,0.00075536,0.0007229,0.0009317,0.0017077
6,0.00098899,0.33164,0.88199,0.91659,0.22735,0.17439,0.014714,0.0051422,0.002422,0.00052638,0.00071153,0.0038485,0.0041153,0.0048374,0.00046204,0.003375,0.00027924,0.00059832,0.0001846,0.010929,0.008647,0.011715,0.44004
6,0.0035817,0.030922,0.024771,0.018162,0.015337,0.026611,0.065755,0.034098,0.016217,0.029935,0.026395,0.010348,0.0071514,0.0064466,0.0061565,0.0032054,0.0020604,0.0058865,0.0030445,0.00019708,9.432e-05,0.00026538,0.00022327,0.00016641,0.00013322,0.00010399,7.7088e-05,4.8446e-05,6.4697e-05,0.00098858,0.0031766,0.0031919,0.0045313
6,0.00054348,0.0006451,0.0034444,8.5666e-05,5.3166e-05,1.7915e-05,1.1997e-05,2.3303e-05,3.1805e-05,7.9169e-05,0.00010043,0.00013211,0.00069754,0.004805,0.0039328,0.0028729,0.003066,0.0011113,4.3238e-05,2.3834e-05,2.861e-05,2.6442e-05,2.7043e-05,3.6134e-05,0.00010085,0.00015363,0.00014619,0.00031587,0.00017912,0.00012873,0.0001355,0.00064545
6,0.00086051,0.0012978,0.0026432,0.52627,0.5,0.041584,0.08799,0.071269,0.092661,0.179,0.48984,0.016891,0.014741,0.0076045,0.0064607,0.013034,0.051306,0.10715,0.04321,0.023701,0.0016454,0.0040491,0.0021325,0.0021783,0.0038454,0.0036053,0.0033441
6,0.0011586,0.028528,0.0071827,0.0038031,0.012992,0.034149,0.0018603,0.0018834,0.00084282,0.00042588,0.00027954,0.0013859,0.0011994,0.00071629,0.00055965,0.00061125,0.00046847,0.00030845,0.00071359,0.00051666,0.00090453,0.00066487,0.00064411,0.0035822,0.0048968
6,0.0001837,0.0034209,0.0011315,0.00019464,0.00019235,0.00031714,0.00031243,0.00032095,0.0071063,0.0081305,0.0019194,0.00022925,6.6423e-05,6.0696e-05,6.048e-05,0.00044228,0.00027653,0.00058545,0.00072895,0.00010702,0.00033812,0.00074329,0.000768,0.0028178,0.0022578,0.0014348,0.0024571,0.0026241
6,0.0011692,0.0020605,0.0034703,0.0025643,0.0012698,0.0024473,0.00067015,0.00054166,0.00048286,0.00043759,0.00028712,0.00063322,0.00049575,0.00016187,6.7168e-05,4.6279e-06,9.6163e-07,6.6672e-07,4.3029e-07,4.5522e-05,0.00017784,0.00061545,0.0011037,0.00076638,0.0010616,0.0011342,0.0033887
6,0.0011477,0.0014705,0.0042586,0.0021542,0.006275,0.013177,0.011509,0.0084518,0.027606,0.019274,0.0074836,0.0001081,0.00011608,0.00013287,0.00030828,0.0014698,0.0034089
6,0.0013871,0.000627,0.0016449,0.0071328,0.0036945,0.0016327,0.001018,2.0814e-05,7.9768e-06,5.6669e-06,4.8715e-06,0.0001299,0.0063387,0.025377,0.041398,0.030239,0.021932,0.015562,0.00062692,0.00062698,0.00025519,0.00028163,0.0017984,0.013242,0.0093798,0.0074763,0.0056058,0.0035147,0.13448
6,7.4632e-05,0.00016868,5.7137e-05,6.4271e-05,9.8198e-05,0.00012527,0.00023362,0.0099901,0.0022968,0.0016759,6.6937e-05,0.00010266,4.59e-05,5.5538e-05,4.4288e-05,0.00035217,0.00035993,0.00023788,0.0011494,0.0064022,0.3312
6,0.016158,0.64824,0.42386,0.26836,0.26215,0.068159,0.019149,0.0052146,0.0078033,0.029316,0.024273,0.0068944,0.0046898,0.00094929,0.0015711,0.057744,0.026618,0.027926,0.1816,0.037755,0.036571,0.019271,0.015838,0.0092836,0.0080129
6,0.0052255,0.25989,0.099615,0.088655,0.035811,0.039334,0.051729,0.016106,0.0086987,0.011115,0.015229,0.054892,0.042634,0.046991,0.057567,0.00080888,0.00025454,0.0003099,0.00010002,0.0014689,0.022742,0.022423,0.015503,0.034596,0.016706,0.019162,0.0084887,0.020606,0.012106,0.29207
7,0.00013064,0.00021208,0.00082081,0.0006521,0.0017093,0.0010293,0.00081302,0.0030414,0.028961,0.10114,0.044746,0.034346,0.011016,0.00038895,0.0020259,0.0076662,0.025618,0.15216,0.28891
7,0.00017899,0.00024981,0.00083999,0.004333,0.0041997,0.032717,0.071058,0.058207,0.053512,0.14095,0.22898,0.19778,0.098278,0.010042,0.018545,0.029845,0.012773,0.0070244,0.038949,0.0363
7,4.8356e-06,6.5673e-06,3.7638e-06,1.9894e-06,4.3583e-05,0.00017862,0.00039776,0.00058864,0.0010064,0.0074585,0.0033168,0.0063358,0.0013285,0.0021507,0.0017984,0.0022076,0.0017096,0.0009417,0.00089901,0.0010462,0.1507
7,0.0019661,0.003863,0.012405,0.0071537,0.010861,0.052782,0.37896,0.047375,0.039497,0.12476,0.036437,0.03571,0.0089596,0.019144,0.012208,0.040783,0.011969,0.014889,0.018282,0.01373,0.012394
7,3.1119e-06,0.0025685,0.0082663,0.0023934,8.0335e-05,9.196e-05,7.5439e-05,0.00060483,7.5215e-05,0.00018943,0.00044443,0.00075241,0.0015822,0.00078801,0.0067012,0.004962,0.013827,0.4559
7,0.00012479,0.00030734,0.00016422,0.0038888,0.0023474,0.0013764,0.0019571,0.001186,0.001497,0.0058277,0.011075,0.011221,0.0072703,0.011234,0.0023703,0.21008
7,1.8549e-05,0.024046,0.0038633,0.0012346,0.0010098,0.012248,0.016641,0.0028421,0.0052026,0.00843,0.010034,0.009996,0.014776,0.019899,0.011235,0.039278,0.01367,0.0031444
7,0.012244,0.0060751,0.044591,0.023376,0.0092204,0.0085961,0.020135,0.0033424,0.0027824,0.0013896,0.0050418,0.0066236,0.0072818,0.023552,0.077964,0.050468
7,1.307e-06,0.00055886,0.00025424,0.00013517,0.00040223,0.0043234,0.0065979,0.025502,0.024644,0.023961,0.015852,0.013125,0.011567,0.0010007,0.00123,0.0024351,0.0054557,0.0068911,0.025888,0.014336,0.84309
7,4.507e-05,0.00033121,0.0011996,0.0042876,0.0099067,0.015468,0.063726,0.055382,0.020454,0.063866,0.025899,0.0263,0.023006,0.014028,0.0050362,0.12829
7,5.4065e-05,0.00039942,0.0002337,5.6134e-05,0.00079059,0.00094105,0.00098346,0.00071101,0.0016093,0.0020376,0.005471,0.010833,0.018342,0.013718,0.012594,0.020404,0.014607,0.012802,0.013647,0.010048,0.014352,0.034793,0.05703
7,6.0379e-06,4.9328e-06,9.7618e-06,0.00038887,0.001852,0.0013973,0.0042105,0.0066277,0.0054421,0.0084482,0.018347,0.0045928,0.006763,0.0069301,0.0027953,0.0032424,0.0065878,0.0073037,0.0056137,0.19145
7,2.9363e-05,2.9368e-05,0.00014389,5.6212e-05,0.00018933,0.00022791,0.0003766,0.00058339,0.00057856,0.0012085,0.0011539,0.00054078,0.0005989,0.0018014,0.0014016,0.00040304,0.00033452,0.00044155,0.00054867,0.0045077,0.010419,0.0067023,0.003978,0.0024593,0.001331,0.0011099,0.00063711,0.00035989,0.0015345,0.0038175,0.0013075,0.00095086,0.0042614,0.0057035,0.0038626,0.0042534,0.0052734,0.0062437,0.17473
7,0.00021037,0.15226,0.025305,0.00025487,3.7328e-05,2.1084e-05,7.1868e-05,0.00013822,0.00012014,0.00093295,0.0028345,0.00038524,0.00021286,0.00013034,6.9713e-05,6.4003e-05,0.00048882,0.0048705,0.00072307,0.00083501,0.00078322,0.00071396,0.001197,0.0065124,0.014731,0.0049779,0.0029931,0.001941,0.001188,0.0012283,0.0014188,0.0016047,0.0015788,0.0008847,0.0010034,0.00090107,0.0011986,0.00096896,0.0010119,0.0014037,0.00066007,0.0010569
7,3.4419e-05,8.7513e-05,4.3046e-05,3.8994e-05,0.00026427,0.0011667,0.0020542,0.00092585,0.0036521,0.0021992,0.001361,0.0029883,0.0060517,0.03123,0.0049919,0.0064232,0.0082299,0.0071201,0.0069953,0.024094,0.046117,0.048181,0.05867,0.061124,0.032079,0.040152,0.021441,0.0069332,0.0075545,0.0056274,0.0054627,0.005322,0.0043143,0.0035806
7,0.0010874,0.0046995,0.01165,0.0047267,0.0035488,0.0093752,0.01068,0.015503,0.0044114,0.0067098,0.0016442,9.3235e-05,0.00042773,0.0019172,0.0014141,0.049557,0.082743,0.028347,0.030929,0.05074,0.10248,0.090131,0.049582,0.026945,0.014504,0.0065997,0.014942,0.0052524,0.011287,0.039302,0.074366,0.018965,0.076297,0.059244,0.016383,0.016427,0.0050189,0.0055556,0.003154,0.0042757,0.0057205
7,0.00011315,0.0005225,0.00069505,0.0002101,0.0045037,0.0040417,0.0020532,0.0043199,0.0047045,0.0011057,0.0043561,0.0020361,0.01657,0.017263,0.0093115,0.0056575,0.0052125,0.0072859,0.016694,0.022559,0.023985,0.025088,0.037834,0.031917,0.033941,0.010507,0.0095035,0.0060572,0.0047032,0.003759,0.0038165,0.0022736,0.0018173,0.0025865
7,0.028671,0.15512,0.0075484,0.014213,0.0099913,0.0087818,0.0056956,0.15947,0.025063,0.023155,0.036555,0.032021,0.011683,0.012978,0.011204,0.011185,0.011483,0.015468,0.054775,0.10085,0.061849,0.072491,0.061714,0.020663
7,5.8307e-05,0.00086731,0.0014736,0.00030099,0.00032468,0.00044457,0.00036337,0.0030263,0.0054179,0.0023826,0.0030628,0.0017756,0.0010614,0.00064864,0.00097765,0.0015129,0.0029389,0.0026359,0.0048962,0.014133,0.003419,0.0053384,0.004729,0.0040318,0.001097,0.2352
7,0.00044548,0.0010511,7.041e-05,5.9781e-05,0.00013386,9.3377e-05,6.9164e-05,7.9854e-05,0.00011046,6.9726e-05,4.3551e-05,4.26e-05,0.00019316,0.00028616,0.0001235,0.00020898,9.6888e-05,9.2861e-05,3.7709e-05,0.00029897,0.0027899,0.021942,0.0086444,0.012232
7,0.00012095,0.00068371,8.2094e-06,8.3262e-06,4.7189e-05,0.00017096,0.00037482,0.0064539,0.028577,0.028487,0.026469,0.017672,0.010369,0.025778,0.025346,0.012535,0.016369,0.091597,0.038929,0.034045,0.03219,0.020177,0.015514
7,0.11373,0.036493,0.01162,0.0064782,0.0051413,0.0021316,0.0076437,0.022441,0.055342,0.024709,0.028812,0.013196,0.0065684,0.0043963,0.001849,0.0024333,0.0050971,0.0023765
7,0.00099831,0.0017647,0.0012583,0.00091168,0.00046327,0.00015405,0.00045762,0.0024417,0.0030043,0.0084815,0.019181,0.0065144,0.0059632,0.023955,0.044795,0.0083273,0.018715,0.04555,0.039752,0.021352,0.012892,0.0080451,0.0032289,0.0030895,0.010143,0.013212,0.010188,0.011547,0.014728
7,0.00020862,0.0046019,0.0042609,0.0065966,0.0092932,0.012193,0.00050772,0.00069823,0.0019328,0.00020855,0.00017477,8.6517e-05,0.00010768,0.00012552,0.00047736,0.0010946,0.00087976,0.0014015,0.00079189,0.0012291,0.0014213,0.0045333,0.0081096,0.0016855,0.001017,0.00090938,0.00081733,0.0010471,0.0087576,0.0058427,0.0076709,0.010082,0.0046251,0.0026569,0.0018205
7,0.0029394,0.0037107,0.0074516,0.0073591,0.0054124,0.00045139,0.00066256,0.0026193,0.012499,0.005446,0.0045774,0.00088696,0.00049168,0.00056351,0.0018095,0.00030997,0.0022673,0.0033873,0.0075498,0.0096436,0.0060886,0.021864,0.059363,0.07659,0.10484,0.13594,0.040536,0.03163
7,3.2957e-05,0.00036573,0.00065246,0.0003574,2.7376e-05,0.00042139,0.00054838,0.0008176,0.0004517,0.00065912,0.00031939,0.00063444,0.0028914,0.0022578,0.0049389,0.0028786,0.0023937,0.0036336,0.0018245,0.0016561,0.0019533,0.0027952,0.0039173,0.0064548,0.0030975,0.0061103,0.0044192
7,0.00018145,0.0038404,0.0009323,0.0022726,0.0077817,0.0055854,0.0046318,0.0035591,0.0072022,0.0045192,0.0040455,0.0045823,0.0039012,0.0023613,0.023036,0.0040338,0.0046597,0.0066875,0.011326,0.0070746,0.0055469,0.0084338,0.0079422,0.057104,0.051121,0.035207,0.013199,0.015467,0.013805,0.024674,0.012325,0.0098776,0.0071355,0.0025428,0.0047962
7,1.1951e-05,5.8412e-05,2.7383e-05,0.0010929,0.0022351,0.0024077,0.0015269,0.0021269,0.0011387,0.0010434,0.00074067,0.00081151,0.0015328,0.0023094,0.0042844,0.00095665,0.00066424,0.001807,0.0011719,0.0017,0.0014345,0.0017045,0.0024721,0.0028764,0.0044737,0.0056856,0.0034065,0.0024281,0.0070073,0.0059188,0.0021675,0.0012695,0.0086479,0.010572,0.0080671
7,8.6969e-06,2.5965e-05,2.5433e-05,0.00036245,0.00070779,0.00057296,0.0035435,0.00052859,0.00087637,0.001763,0.00075362,0.0029746,0.0027589,0.0016668,0.0074563,0.0060347,0.0059482,0.016007,0.0091617,0.0026975,0.0036846,0.0029121,0.0012371,0.001238,0.0027214,0.0036835,0.012176,0.014113,0.021841,0.012842,0.02948,0.038927,0.058242,0.030477,0.015803,0.010009,0.0067835,0.0023575
7,1.4801e-05,0.00402,0.0023812,5.6066e-05,0.00042507,0.00021542,0.00014797,0.00016618,0.00020324,0.00033901,0.00043227,0.001021,0.0019242,0.021786,0.0087417,0.00030741,0.00025174,0.00066568,0.0017483,0.0018518,0.0076701,0.00058363,0.0079102,0.0024849,0.0028467,0.0038464,0.0057346,0.00082333,0.00093143,0.00098972,0.0017809,0.0018468,0.0022857,0.0030677,0.0065761,0.0047907,0.0057466,0.0040835,0.0042654,0.28322
7,0.0033434,0.29191,0.30197,0.12176,0.055942,0.048229,0.017935,0.07277,0.22545,0.12409,0.048024,0.051521,0.032528,0.061898,0.034119,0.012074,0.0092523,0.0042586,0.0034036,0.0018824,0.012278,0.002441,0.0087067,0.015942,0.013276,0.01107,0.06086,0.039214,0.040046,0.045189,0.065159,0.069935,0.059284,0.030495,0.025314,0.0081266,0.0046963,0.0028189,0.0016974,0.24384
7,0.00027191,0.0030778,0.0025563,0.0035283,0.0040777,0.0056848,0.012742,0.058162,0.021946,0.041758,0.018314,0.0080625,0.0058296,0.051312,0.08463,0.053174,0.083562,0.14971,0.11922,0.11084,0.061428,0.10107,0.065468,0.057115,0.036493,0.020217,0.020373,0.01408,0.02546,0.023749,0.023088,0.014873,0.011089,0.010697,0.01262,0.0061476,0.0039102,0.0045609,0.0031106
7,5.5429e-05,0.0011639,0.00096064,0.00070255,3.9353e-05,0.00028694,0.00024045,0.0004848,0.00068745,0.00076619,0.0074038,0.0067095,0.0074247,0.014349,0.011002,0.015378,0.018399,0.025161,0.032789,0.019828,0.0073091,0.0056067,0.030722,0.030821,0.10797,0.035235,0.073951,0.031623,0.01577,0.012882,0.0051842,0.0033859,0.0031581,0.0020608,0.0036501,0.002027,0.0018569,0.001825,0.0019198,0.0025756,0.0038631,0.0022347,0.0011831,0.00045254,0.00084881,0.094739
7,0.00017705,0.001547,0.0032822,0.001704,0.0011122,0.014848,0.0081159,0.014004,0.035561,0.02385,0.014288,0.010711,0.0063919,0.0036682,0.0043749,0.0079692,0.016226,0.0088327,0.0075071,0.003775,0.0044351,0.0092545,0.0072269,0.010198,0.0073517,0.029228,0.027473,0.019603,0.013026,0.00079949,0.0002234,0.0002116,0.00019981,0.00027563,0.030974,0.022587,0.017685,0.0065176,0.0068874,0.0070802,0.0038116,0.0038712,0.0047031,0.003692,0.0063567
7,0.00011784,0.034632,0.0019341,0.00014487,7.7635e-05,0.00020525,8.3781e-05,3.7201e-05,1.5464e-05,4.6305e-05,0.00047933,0.0010139,0.0019542,0.0049466,0.004919,0.0059432,0.0038216,0.0032383,0.0018101,0.0016014,0.0026721,0.0032878,0.0051109,0.0054518,0.0033319,0.0037796,0.0025212,0.0041633,0.0039094,0.0049515,0.0020062
7,9.343e-05,0.00081546,0.00047539,0.00025944,0.00048263,0.00083904,0.00039313,0.0017045,0.0049637,0.017315,0.020799,0.032714,0.034823,0.019991,0.20342,0.16153,0.030884,0.044145,0.033224,0.018145,0.019471,0.0063509,0.0035646,0.0030068,0.0030982,0.0021806
7,9.3693e-05,0.004149,0.0072649,0.0016038,0.00036182,0.00065502,7.1882e-05,0.00015394,0.00018797,8.3825e-05,0.00086834,0.0015084,0.020507,0.0098646,0.0090552,0.0078204,0.00939,0.00078774,0.00051299,0.00098294,0.00080368,0.00043886,0.051681,0.10385,0.0088745,0.0066446,0.0084446,0.0066586,0.0059827,0.0089258,0.012401,0.0072826,0.0059993,0.0083274,0.0033748,0.00305,0.0047806,0.0016705,0.00093759
7,0.0028232,0.89275,0.63319,0.039553,0.017872,0.0020859,6.4331e-05,0.00013867,0.00015214,3.3786e-05,0.00082047,0.0027231,0.0095378,0.025544,0.14509,0.10818,0.15209,0.10626,0.087092,0.040296,0.024668,0.005905,0.0065687,0.0099348,0.01773,0.013147,0.01218,0.032671,0.053388,0.020506,0.017922,0.0083801,0.0027869,0.0013903
7,1.8619e-05,0.054211,3.82e-05,0.00019981,0.0020073,0.0005777,0.00051506,0.00015674,2.7494e-05,7.7163e-05,0.00086771,0.00075674,0.0018437,0.0047974,0.00064897,0.00072134,0.00069082,0.00060412,0.00085136,0.010861,0.014045,0.017642,0.013507,0.016196,0.0084785,0.0055775,0.0054604,0.0069969
7,0.0006556,0.005576,0.0016275,0.0013629,0.00041773,0.00035019,0.00025679,0.00011654,0.00029532,0.00063824,0.0024996,0.006537,0.0087366,0.0061237,0.0028729,0.0047089,0.0021028,0.0043635,0.0030259,0.0030239,0.002448,0.0063593,0.0050112,0.0066132
7,0.0066031,0.050481,0.09005,0.080701,0.014507,0.048007,0.0046849,0.0059762,0.00091436,0.0012933,0.0023047,0.026532,0.13496,0.23192,0.13118,0.038376,0.021482,0.011132,0.012817,0.0041931,0.0065337,0.043982,0.034122,0.027835,0.14883,0.20851,0.21658,0.12271,0.10262,0.039217,0.036334,0.039545,0.0098044,0.47331
7,0.00019626,0.00038951,0.00038597,0.00017725,5.5188e-05,8.4925e-05,4.3661e-05,2.2341e-05,5.5319e-05,0.00027,0.00010454,0.00098929,0.0024563,0.0025923,0.00071894,0.00035673,0.00045345,0.0020256,0.0010583,0.00065455,0.0007552,0.00084833,0.0009489,0.002289,0.0077328,0.0019204,0.0011764,0.0011586,0.002169,0.002235,0.30933
