1,0.27646,0.109,0.3377,0.31783,0.024092,0.0068673,0.0064303,0.0071369,0.020993,0.017675,0.0087072,0.018179,0.0082065,0.013918,0.024612,0.013575,0.014879,0.012034,0.022214
1,0.39529,0.27379,0.035428,0.034868,0.076067,0.073835,0.12725,0.23449,0.27082,0.15483,0.099754,0.086109,0.086104,0.081133,0.14365,0.16587,0.14316,0.15223,0.10547
1,0.02623,0.023112,0.010031,0.020288,0.058632,0.0098782,0.0032345,0.0015026,0.0034907,0.0013541,0.0011282,0.019255,0.011982,0.0065875,0.0022048,0.0080356,0.02645,0.16767,0.15103,0.041814,0.011162,0.012934,0.0082028
1,0.94515,0.82533,0.90322,0.95657,0.86435,0.81588,0.80113,0.81488,0.90984,0.92613,0.71104,0.64673,0.62936,0.066393,0.060516,0.044504,0.026423,0.020677,0.025847
1,0.066276,0.0067311,0.0046348,0.018655,0.028661,0.043133,0.10182,0.11171,0.047557,0.033478,0.028957,0.015605,0.0076185,0.019395,0.010303,0.065561
1,0.95238,0.87851,0.19384,0.049784,0.019099,0.036196,0.13993,0.19639,0.13624,0.2475,0.22193,0.095399,0.2806,0.61906,0.34158,0.14198,0.066307,0.028551,0.017484,0.0055871,0.013449
1,0.24093,0.013549,0.012901,0.032674,0.024993,0.025042,0.012304,0.070211,0.061868,0.072652,0.060535,0.035308,0.0097564,0.0039594,0.0049613,0.015614,0.032996,0.017867
1,0.031861,0.0009681,0.0018825,0.0035881,0.0014196,0.0069874,0.031177,0.023361,0.082088,0.24087,0.18227,0.20962,0.16706,0.026012,0.009986,0.0047542,0.0045385,0.010192,0.030044,0.031537
1,0.16837,0.003133,0.0026081,0.0070497,0.015644,0.028493,0.02142,0.045776,0.05321,0.0806,0.060323,0.028718,0.018401,0.028313,0.0073508,0.0039517,0.029963
1,0.91254,0.85476,0.6873,0.58512,0.19199,0.06488,0.10091,0.078257,0.017827,0.027569,0.046198,0.037636,0.049288,0.047076,0.046934,0.027732,0.029622,0.00675
1,0.83347,0.73972,0.79986,0.69616,0.67408,0.1518,0.093749,0.080501,0.048486,0.04387,0.049447,0.056418,0.061778,0.087531,0.036968,0.027681,0.059209
1,0.033136,0.039562,0.043356,0.047181,0.023782,0.016186,0.016321,0.024201,0.017701,0.019358,0.022839,0.020164,0.02739,0.029551,0.010863,0.033924
1,0.85582,0.75848,0.5,0.11939,0.072077,0.05877,0.093126,0.072,0.049498,0.077466,0.066609,0.066093,0.041973,0.077849,0.074865,0.043856,0.042739,0.036948,0.066119
1,0.40447,0.2179,0.13961,0.14158,0.053374,0.03526,0.028611,0.013901,0.0088879,0.0070158,0.012734,0.024742,0.052375,0.081017,0.097553,0.039205,0.012999,0.0091047
1,0.062231,0.054123,0.070087,0.067665,0.057596,0.041841,0.028263,0.031147,0.059997,0.066143,0.079001,0.094794,0.066919,0.053493,0.045457,0.021219,0.23929,0.30456,0.14427,0.15399,0.020594,0.0012002,0.0017309,0.0035491,0.0028948,0.0046642,0.013098,0.034971,0.074855,0.060893,0.085029,0.066334,0.10709,0.19717,0.083108,0.10082
1,0.031013,0.0080856,0.027044,0.034707,0.0094912,0.0086963,0.0074187,0.0051097,0.0035662,0.0063821,0.0029015,0.0043003,0.012374,0.065822,0.051659,0.040251,0.032898,0.01373,0.0011015,0.0020623,0.0043603,0.0021084,0.0035553,0.0024055,0.0016023,0.013969,0.022146,0.069076,0.060295,0.038385,0.052224,0.019993
1,0.27613,0.080909,0.16748,0.17328,0.19477,0.19086,0.20174,0.43208,0.3687,0.23602,0.13361,0.059519,0.02206,0.071107,0.061266,0.041219,0.04197,0.037778,0.040002,0.065374,0.060764,0.065461,0.030667,0.02053,0.20282,0.21745,0.2666,0.43444,0.46705,0.020433,0.033298,0.078562,0.090318,0.13009,0.13269,0.11069,0.091115,0.029957,0.075553,0.0455
1,0.54363,0.28366,0.47185,0.55663,0.066631,0.032532,0.032984,0.019292,0.011843,0.013819,0.0070813,0.010266,0.011705,0.061704,0.060384,0.10088,0.07831,0.048489,0.011507,0.012449,0.010218,0.018488,0.012527,0.027079,0.032508,0.052755,0.047635,0.050499,0.038576,0.061175,0.016131
1,0.0038997,0.0008971,0.085865,0.079858,0.05857,0.087414,0.14163,0.00019396,0.00027267,0.0010348,0.0011572,0.0078792,0.011803,0.043149,0.056557,0.06082,0.060626,0.02037,0.0061544,0.01694,0.023958,0.0082863
1,0.036859,0.0035411,0.0054794,0.0077342,0.027928,0.060995,0.081766,0.27571,0.2886,0.020182,0.0064618,0.010153,0.010385,0.024854,0.091898,0.089136,0.038627,0.050757,0.079545,0.061836,0.035126,0.034065,0.022009,0.016928,0.0027846
1,0.019985,0.0050139,0.043336,0.053988,0.068682,0.064151,0.045761,0.017474,0.020499,0.10045,0.16225,0.19918,0.25424,0.19588,0.086799,0.041826,0.070275,0.033528,0.019798,0.059315
1,0.11946,0.034597,0.079458,0.053168,0.029454,0.028228,0.032185,0.029244,0.016961,0.09189,0.34678,0.17045,0.5,0.68986,0.4695,0.31014,0.21223,0.04835,0.022296,0.012161
1,0.0045615,0.0009166,0.0015108,0.0012814,0.00025336,7.6086e-05,3.2842e-05,6.788e-05,0.0012189,0.0017765,0.011166,0.0018495,0.0016372,0.0010012,0.00043838,0.0010651,0.003031,0.0050094,0.029465,0.0072144,0.0010681,0.0025608,0.0073812,0.023901
1,0.0092877,0.0081391,0.0039069,0.0050157,0.0019465,0.0044218,0.0019646,0.0021775,0.0018576,0.0021177,0.0013313,0.0012797,0.0029187,0.0013739,0.00089228,0.0011102,0.0015632,0.0016729,0.003975,0.011445,0.017852,0.037111,0.034137,0.023659,0.054536
1,0.15701,0.040531,0.040067,0.038376,0.075482,0.052956,0.056442,0.035486,0.038297,0.19193,0.16699,0.05937,0.04654,0.088322,0.058499,0.063876,0.043976,0.046031,0.051857,0.023329,0.019914,0.01314,0.0071769,0.020538,0.016945,0.043716
1,0.13667,0.037572,0.020281,0.012226,0.055486,0.072872,0.17837,0.069094,0.040606,0.003173,0.0044802,0.0060277,0.0015238,0.0047381,0.0095937,0.018143,0.012219,0.01969,0.037905,0.03872,0.06152,0.039424,0.016995,0.0151,0.0097568,0.0039122,0.027335
1,0.0080328,0.0016295,0.0011451,0.011401,0.013537,0.017509,0.014379,0.018441,0.059971,0.044757,0.040537,0.0071315,0.01636,0.0076426,0.0045853,0.0086704,0.0074521,0.015931,0.055144,0.055534,0.019392,0.030277,0.015897,0.0061374,0.0065096
1,0.016273,0.0099348,0.016308,0.013549,0.043583,0.037255,0.011293,0.0076034,0.013548,0.026357,0.061438,0.15751,0.037125,0.068327,0.03624,0.04452,0.022725,0.065822,0.027439,0.039062,0.1117,0.065896,0.024443,0.011475,0.0087451,0.009347
1,0.036914,0.0064845,0.025597,0.017192,0.022366,0.04322,0.049241,0.062655,0.10897,0.13717,0.050197,0.021661,0.022288,0.023901,0.025701,0.053897,0.032262,0.05044,0.040016,0.043467,0.042048,0.040613,0.0071351,0.0070019,0.01047,0.012355,0.0091386,0.011355,0.013235,0.023492,0.0098014,0.081325,0.054061
1,0.059282,0.030472,0.015596,0.014854,0.023261,0.051879,0.056451,0.067585,0.18106,0.24463,0.13298,0.10568,0.096607,0.043771,0.014032,0.028522,0.039053,0.086753,0.036873,0.028551,0.10834,0.042197,0.015744,0.0191,0.0068484,0.0075407,0.0058944,0.0079904,0.0049406,0.0057755,0.0057361,0.012357,0.010886,0.0095547,0.040086
1,0.31297,0.12335,0.12696,0.15668,0.10243,0.07732,0.026954,0.072452,0.016832,0.036599,0.094552,0.13218,0.15058,0.21894,0.25223,0.24622,0.76093,0.72767,0.19325,0.5,0.35548,0.1231,0.086529,0.055545,0.074834,0.081503,0.039586,0.0060811,0.0062351,0.0092504,0.0040505
1,0.092247,0.041381,0.033153,0.0057951,0.026834,0.056412,0.070934,0.087117,0.51448,0.51376,0.40409,0.3942,0.39977,0.10963,0.11141,0.070302,0.060245,0.080962,0.065592,0.008454,0.0055375,0.0071469,0.01237,0.010243,0.0091613,0.013295,0.0056132,0.014091
1,0.091731,0.0049563,0.0017695,0.0016093,0.0017647,0.001043,0.0043513,0.019816,0.033966,0.050274,0.028976,0.062955,0.06135,0.032811,0.010154,0.079359,0.15089,0.06522,0.063369,0.024663,0.016122,0.01298,0.0094386,0.030991,0.047001,0.2095,0.28598,0.3031,0.35294,0.37597,0.025729,0.016075,0.041148,0.042709,0.068592,0.069245,0.032311,0.084714,0.048923
1,0.17903,0.039664,0.010216,0.013206,0.016719,0.023259,0.033665,0.013411,0.049452,0.073801,0.33601,0.61266,0.70313,0.67834,0.35362,0.10136,0.07716,0.016962,0.018426,0.097326,0.15577,0.11562,0.15343,0.68394,0.82027,0.83705,0.84299,0.82879,0.51368,0.17116,0.061644,0.061394,0.080251,0.042172,0.033603,0.036357,0.040836,0.041362,0.0098143,0.02439
1,0.4621,0.14493,0.039129,0.15219,0.092845,0.072657,0.062148,0.089305,0.083449,0.087321,0.093336,0.10431,0.072017,0.055817,0.011424,0.024834,0.017044,0.0434,0.048521,0.077901,0.056889,0.063209,0.11445,0.057319,0.051869,0.10856,0.15225,0.061958,0.095984,0.10935,0.06031,0.035447,0.017584,0.04946,0.031786,0.019128,0.038796
1,0.1947,0.041219,0.16918,0.24564,0.37055,0.16459,0.19185,0.016615,0.049777,0.038954,0.037667,0.089982,0.23866,0.11121,0.11216,0.16117,0.29812,0.026883,0.066815,0.10583,0.013738,0.034774,0.019391,0.019169,0.011079,0.035537,0.041573,0.021503,0.01569
1,0.057468,0.004437,0.0067584,0.0082668,0.0070088,0.0049347,0.0075326,0.0046987,0.0086365,0.0074525,0.011132,0.0095704,0.017248,0.02531,0.11191,0.21006,0.2809,0.11215,0.096002,0.0072432,0.007896,0.010252,0.0085474,0.0047545,0.0035381,0.0034401,0.0081258,0.018739,0.008165,0.01901
1,0.87197,0.1352,0.18318,0.17835,0.29381,0.39618,0.54255,0.70559,0.11935,0.096732,0.02057,0.01705,0.029624,0.04467,0.060432,0.14525,0.11638,0.069196,0.08014,0.052224,0.068424,0.044103,0.028394,0.02446,0.03988,0.050998,0.012293,0.0028889
1,0.15106,0.013442,0.045731,0.051047,0.4228,0.36949,0.53246,0.56083,0.59377,0.070393,0.037552,0.021388,0.0094293,0.22868,0.25751,0.15396,0.09571,0.11667,0.012651,0.027251,0.05796,0.048608,0.031793,0.076126,0.1002,0.040655,0.059668,0.096488,0.075015,0.025983,0.015695
1,0.56649,0.18798,0.20541,0.36459,0.090506,0.061583,0.12249,0.3964,0.21325,0.24279,0.16969,0.40938,0.29402,0.17344,0.036771,0.017712,0.0083428,0.0087084,0.0079793,0.0081344,0.017178,0.019112
1,0.019573,0.0043298,0.0043907,0.0093562,0.0063172,0.0082194,0.013109,0.015513,0.016366,0.11758,0.062614,0.02819,0.014074,0.011006,0.0058668,0.0059383,0.0051635,0.0053939,0.0048106,0.0064199,0.013093,0.010332
1,0.069475,0.025126,0.035457,0.047092,0.058685,0.063449,0.067756,0.20101,0.14508,0.25126,0.020022,0.0090537,0.034036,0.037287,0.0047916,0.025926,0.0065326,0.0029306,0.0050412,0.011942,0.013091,0.012146,0.0084379,0.0090986,0.012902
2,0.9863,0.96188,0.90138,0.82847,0.25728,0.41298,0.48874,0.76523,0.75541,0.80385,0.8337,0.86167,0.8976,0.5,0.57117,0.50665,0.14065,0.13717,0.036253
2,0.9673,0.93549,0.89761,0.87192,0.42343,0.30993,0.39998,0.15341,0.16199,0.24982,0.1677,0.18119,0.17003,0.056036,0.050942,0.03935
2,0.64669,0.55961,0.60543,0.69051,0.44625,0.3135,0.28351,0.53594,0.71711,0.85237,0.88424,0.91713,0.35942,0.1698,0.60463,0.68871,0.6861,0.6396,0.34547,0.20244,0.11725,0.12017
2,0.47888,0.26323,0.071698,0.043457,0.024081,0.031633,0.040129,0.05932,0.2353,0.1814,0.91968,0.92696,0.91878,0.93171,0.92255,0.073811,0.1429,0.21254,0.21926,0.18235,0.11004,0.090371,0.06431,0.039214
2,0.99536,0.99391,0.9936,0.99436,0.60974,0.80985,0.87372,0.89131,0.94593,0.96949,0.91086,0.45933,0.58789,0.5543,0.030856,0.021311,0.013499
2,0.77148,0.64772,0.71893,0.71857,0.36134,0.31049,0.36064,0.4023,0.9761,0.98628,0.99125,0.99657,0.9946,0.68177,0.36275,0.32764,0.082616,0.047202,0.012305,0.043179
2,0.45363,0.23281,0.17586,0.2304,0.17083,0.058828,0.063088,0.27232,0.27412,0.57533,0.70512,0.77383,0.96944,0.96536,0.95586,0.94645,0.33277,0.43822,0.42435,0.45892,0.17137,0.046217,0.055141,0.012564
2,0.22585,0.059776,0.099949,0.11804,0.19019,0.37749,0.43649,0.53327,0.59503,0.41915,0.33254,0.43415,0.5535,0.8711,0.73824,0.59925,0.25715,0.11394,0.024459,0.018936,0.031933
2,0.080649,0.010072,0.014547,0.10645,0.42994,0.76479,0.78672,0.91039,0.91625,0.95331,0.26849,0.1477,0.040844,0.017385,0.011857
2,0.96244,0.87985,0.28055,0.33616,0.50579,0.50655,0.46268,0.3775,0.42504,0.41291,0.26883,0.18268,0.11345,0.070666,0.08062,0.039227,0.041196
2,0.68242,0.1384,0.030247,0.10577,0.03676,0.045172,0.2987,0.39471,0.15757,0.29295,0.5,0.591,0.66301,0.78103,0.5,0.17352,0.10325,0.071679,0.06548,0.033584,0.0095936,0.065938
2,0.80765,0.65423,0.86199,0.92277,0.98764,0.98529,0.98788,0.98011,0.98535,0.23856,0.14819,0.12515,0.14872,0.10915,0.061223
2,0.98477,0.83367,0.10756,0.17818,0.40975,0.56615,0.50915,0.86311,0.94058,0.93981,0.95307,0.93607,0.37042,0.06107,0.080119,0.058598,0.030734,0.022607,0.029347
2,0.95906,0.72467,0.091452,0.029431,0.23013,0.15647,0.47128,0.53322,0.80249,0.38501,0.73783,0.56698,0.46148,0.41529,0.80023,0.81108,0.78007,0.41379,0.24346,0.21132,0.19469,0.052297,0.070738,0.06954,0.0042498
2,0.73402,0.26716,0.52454,0.78006,0.86203,0.84146,0.88508,0.76735,0.8449,0.74409,0.39263,0.21795,0.1061,0.036667,0.077019
2,0.079297,0.068243,0.13128,0.30026,0.18616,0.28695,0.80667,0.46485,0.59849,0.73063,0.67646,0.41483,0.40373,0.28619,0.14756,0.24966,0.28947,0.22651,0.14844,0.1329,0.079323,0.21282,0.055902,0.14834,0.29539,0.41723,0.23483,0.050961,0.042551
2,0.98809,0.9853,0.94276,0.74265,0.85095,0.91074,0.93828,0.95407,0.95503,0.89534,0.7034,0.80823,0.73213,0.79742,0.84249,0.59037,0.038598,0.016739
2,0.89244,0.86647,0.97289,0.9587,0.883,0.82936,0.38522,0.46906,0.35285,0.10483,0.02864,0.33689,0.49188,0.48804,0.522,0.78341,0.74366,0.27784,0.077474,0.034368,0.02291
2,0.90242,0.87605,0.85308,0.7769,0.59323,0.48234,0.25732,0.24805,0.11652,0.45278,0.52258,0.91292,0.96823,0.98696,0.8325,0.070476,0.024758,0.016197
2,0.36421,0.49089,0.63848,0.6457,0.89303,0.87687,0.91772,0.87708,0.63724,0.51187,0.046822,0.26778,0.48645,0.57999,0.66284,0.25439,0.30163,0.451,0.37212,0.38904,0.36351,0.65346,0.31487,0.16652,0.065541,0.087673,0.023773
2,0.57593,0.44075,0.43721,0.66123,0.7354,0.90325,0.94383,0.85769,0.77536,0.77737,0.5,0.58003,0.78649,0.29294,0.01435,0.0099085
2,0.75253,0.61793,0.57097,0.38376,0.35466,0.42864,0.48117,0.42864,0.46494,0.34278,0.17218,0.41009,0.3798,0.41944,0.56637,0.72745,0.55988,0.37701,0.065602,0.017822
2,0.64563,0.16267,0.24453,0.19954,0.21654,0.21998,0.25454,0.24643,0.42533,0.55594,0.60616,0.47945,0.26235,0.28437,0.27157,0.18477,0.31873,0.38806,0.11039,0.063695,0.045489,0.017111,0.042569,0.030064,0.08807,0.091706,0.021281,0.042942,0.26892,0.42103,0.30747,0.23741,0.096345,0.021534,0.0040399
2,0.55037,0.22599,0.64006,0.82005,0.70224,0.4823,0.76563,0.53027,0.39895,0.48727,0.24833,0.11878,0.21068,0.31009,0.34606,0.29073,0.35923,0.014768,0.016148,0.13723,0.054798,0.12719,0.20351,0.11468,0.068638,0.069339,0.062001,0.10503,0.089146,0.038738
2,0.68635,0.41877,0.354,0.45003,0.16539,0.096278,0.088627,0.088725,0.055415,0.06678,0.055654,0.063351,0.2733,0.26476,0.29196,0.36442,0.14187,0.090318,0.082274,0.061366,0.10944,0.10785,0.089976,0.10824,0.13824,0.17739,0.15194,0.080385,0.017625
2,0.98577,0.96361,0.90604,0.95784,0.8786,0.85703,0.87919,0.78721,0.55349,0.29706,0.26972,0.33224,0.75975,0.79726,0.65295,0.6237,0.34181,0.15992,0.075563,0.30443,0.38019,0.16903,0.16423,0.59397,0.4425,0.35995,0.34134,0.19675,0.085713,0.019491
2,0.17033,0.099453,0.14853,0.13043,0.14393,0.13707,0.089572,0.083387,0.093813,0.11028,0.085389,0.11853,0.088644,0.12389,0.10525,0.22793,0.26368,0.19015,0.185,0.15934,0.1147,0.020153,0.12129,0.10179,0.36108,0.45685,0.52593,0.61075,0.70067,0.55485,0.51652,0.47817,0.4391,0.13813,0.027823,0.044597,0.031653,0.03311
2,0.85617,0.7919,0.69663,0.76984,0.83579,0.83764,0.84373,0.89997,0.86681,0.75013,0.53173,0.45876,0.60933,0.4841,0.87556,0.9427,0.88716,0.82277,0.57875,0.037745,0.0074648,0.045403,0.17028,0.42913,0.73301,0.66436,0.75557,0.43031,0.58832,0.29757,0.24572,0.17631,0.13462,0.052722,0.030539
2,0.6404,0.34146,0.26035,0.35044,0.35838,0.20105,0.21796,0.28124,0.64663,0.3894,0.35748,0.36204,0.28748,0.25312,0.38401,0.8576,0.84968,0.91309,0.88159,0.77397,0.73549,0.82089,0.66175,0.83655,0.82717,0.82425,0.75074,0.86466,0.40625,0.40386,0.38553,0.39804,0.14486,0.080066
2,0.26682,0.22942,0.091054,0.07189,0.072443,0.15301,0.16711,0.17463,0.18279,0.18461,0.17614,0.13235,0.10833,0.10636,0.062831,0.067946,0.049813,0.055104,0.34417,0.63763,0.61005,0.43893,0.34476,0.034377,0.02199,0.0039936,0.022077,0.044169,0.052582,0.04361,0.053933,0.027394,0.067904,0.097671,0.096118,0.085514,0.066369,0.085354,0.027456,0.015682,0.018758
2,0.018856,0.0058106,0.0054774,0.011574,0.040587,0.0080997,0.011357,0.015413,0.011782,0.062663,0.10182,0.10847,0.37739,0.3152,0.10717,0.11107,0.27821,0.5,0.4699,0.66396,0.53424,0.06518,0.046921,0.0036449
2,0.19617,0.1289,0.10811,0.15148,0.10918,0.1111,0.14712,0.3426,0.44556,0.37551,0.63749,0.77877,0.81788,0.95652,0.99052,0.9958,0.9945,0.98643,0.40341,0.012348
2,0.045662,0.018326,0.02975,0.034792,0.072704,0.11225,0.087517,0.073445,0.044984,0.05379,0.066885,0.081043,0.30636,0.56614,0.60906,0.80335,0.92366,0.95708,0.91047,0.89532,0.55803,0.044074,0.049925
2,0.12788,0.02535,0.03815,0.072568,0.039835,0.017582,0.039937,0.12581,0.078105,0.10827,0.098222,0.39384,0.29606,0.51133,0.64966,0.77067,0.78979,0.74759,0.39386,0.084619,0.027586
2,0.081199,0.027395,0.020436,0.062882,0.27222,0.30939,0.26473,0.32756,0.13284,0.30318,0.34291,0.78288,0.87509,0.90551,0.93065,0.92248,0.90774,0.87926,0.58757,0.047243,0.024726,0.029229,0.04318
2,0.67602,0.47595,0.091358,0.070753,0.1087,0.08797,0.061833,0.31511,0.40526,0.43999,0.51731,0.58788,0.3889,0.45933,0.58991,0.778,0.76391,0.80115,0.66849,0.39884,0.17621,0.05449,0.080735
2,0.33645,0.060023,0.16447,0.03122,0.010781,0.013217,0.04271,0.02354,0.18549,0.04803,0.28787,0.18979,0.054795,0.11908,0.081895,0.043655,0.17276,0.35212,0.18419,0.067372,0.051921,0.0046882
2,0.96785,0.9494,0.94486,0.89407,0.58404,0.5287,0.79129,0.70661,0.44069,0.24055,0.17922,0.093088,0.088662,0.069765,0.11188,0.28839,0.40201,0.43499,0.32017,0.56235,0.21698,0.17906,0.17222,0.16452,0.26197,0.23483,0.13613,0.075252,0.052121,0.041212,0.053523,0.038751,0.0065019
2,0.64123,0.56196,0.68613,0.68331,0.53321,0.32985,0.079985,0.10792,0.57466,0.63138,0.62585,0.28761,0.5508,0.17565,0.18631,0.2186,0.31837,0.18642,0.22117,0.21031,0.079011,0.048199,0.019744
2,0.10279,0.081565,0.073685,0.15024,0.19178,0.16807,0.074793,0.22964,0.32971,0.28754,0.16558,0.19668,0.13882,0.17726,0.27309,0.34717,0.4256,0.34632,0.35703,0.15305,0.059492,0.016715,0.02188
2,0.14804,0.033709,0.0592,0.034764,0.059726,0.090854,0.0092006,0.0024404,0.0031377,0.0032315,0.00099365,0.090979,0.58452,0.45986,0.52101,0.39299,0.14835,0.054478,0.040906,0.030799,0.04975,0.025174,0.032751,0.16975,0.19032,0.084215,0.063742,0.048743,0.01958,0.013436
2,0.66545,0.52044,0.54482,0.43236,0.37446,0.069758,0.026655,0.037449,0.013833,0.0063696,0.019009,0.085754,0.90037,0.95349,0.97256,0.86886,0.936,0.86451,0.64412,0.39755,0.17215,0.13759,0.11733,0.31164,0.34744,0.083443,0.047345,0.017471
2,0.075543,0.047981,0.051726,0.076383,0.064296,0.031057,0.020635,0.05836,0.059494,0.26855,0.64641,0.78667,0.6349,0.5056,0.55407,0.18809,0.28333,0.38158,0.71143,0.1978,0.6897,0.63138,0.2709,0.025571,0.03122,0.033416,0.016706,0.017506
2,0.97247,0.79514,0.16031,0.54131,0.66631,0.36256,0.76395,0.92092,0.86947,0.85132,0.83475,0.5,0.43823,0.70761,0.70498,0.53743,0.35625,0.27486,0.1166,0.087026,0.045224,0.067549,0.03933,0.025196
2,0.45008,0.31422,0.34862,0.36238,0.20454,0.067514,0.044117,0.035639,0.012892,0.027356,0.11477,0.12813,0.23916,0.17937,0.11116,0.0654,0.1357,0.9122,0.89063,0.91179,0.92444,0.92507,0.23365,0.19515,0.017348,0.024488,0.013797,0.016572,0.018924,0.033939,0.078574,0.014056
2,0.34345,0.19662,0.14026,0.11211,0.11618,0.1173,0.094996,0.056044,0.058264,0.11591,0.33686,0.46599,0.48436,0.61189,0.39434,0.56608,0.39384,0.33224,0.3404,0.75366,0.65464,0.76731,0.84578,0.92758,0.90504,0.88048,0.83947,0.065633,0.016045
2,0.85575,0.7091,0.84479,0.88417,0.69553,0.30607,0.33294,0.05121,0.059482,0.03741,0.02599,0.085634,0.39432,0.54801,0.56949,0.47278,0.89994,0.73467,0.60574,0.63873,0.50987,0.27516,0.16873,0.15462,0.11817,0.09693,0.044878,0.033646,0.057827,0.0595,0.039249,0.0086093,0.029426
2,0.57786,0.26553,0.47985,0.49499,0.56198,0.51633,0.71915,0.22659,0.068389,0.1768,0.53162,0.24151,0.67579,0.69035,0.61251,0.68732,0.90942,0.77293,0.9324,0.64915,0.65763,0.65743,0.38962,0.03263,0.023101,0.049074,0.033553,0.03956
2,0.30814,0.12112,0.093901,0.11541,0.18988,0.12487,0.068935,0.052538,0.01399,0.011172,0.018542,0.043761,0.18442,0.75885,0.82244,0.71454,0.93151,0.72157,0.55127,0.63471,0.685,0.19232,0.8383,0.60388,0.81221,0.91738,0.86236,0.56265,0.65913,0.16975,0.11498,0.074831,0.017359,0.076324,0.065141,0.032747
2,0.061766,0.038451,0.040445,0.054449,0.043306,0.014397,0.011957,0.014439,0.013517,0.015677,0.019665,0.060017,0.08886,0.12793,0.32091,0.37315,0.53239,0.84567,0.5,0.6211,0.72134,0.74303,0.22718,0.099922,0.12556,0.058553,0.013685
2,0.59064,0.094332,0.051119,0.038931,0.053257,0.046598,0.08673,0.078766,0.060838,0.075883,0.075374,0.14372,0.088748,0.14311,0.11026,0.05946,0.034709,0.059336,0.1406,0.10947,0.13838,0.22028,0.22616,0.05761,0.055274,0.058605,0.096828,0.40072,0.77176,0.71923,0.83141,0.92983,0.52002,0.065508,0.083748,0.08833,0.12468,0.066068,0.14799,0.11636,0.01454
2,0.054339,0.048868,0.061628,0.074478,0.1929,0.23316,0.27623,0.23898,0.32743,0.078527,0.058678,0.060827,0.047843,0.045402,0.074585,0.085176,0.10761,0.08524,0.084787,0.041252,0.047717,0.085158,0.10882,0.095992,0.16243,0.23837,0.18857,0.29312,0.56735,0.64887,0.76912,0.97664,0.99488,0.99999,0.99998,0.99476,0.90327,0.62552,0.42345,0.31245,0.083977,0.05047,0.040418,0.10636,0.11852
2,0.64364,0.40077,0.24294,0.14369,0.079682,0.075564,0.07628,0.084375,0.06521,0.11146,0.16019,0.69345,0.57256,0.60728,0.64713,0.56927,0.14907,0.1545,0.23176,0.2879,0.46745,0.52429,0.21034,0.2238,0.11072,0.17659,0.46217,0.32981,0.16018,0.1445,0.14852,0.081035,0.061428,0.093473,0.14684,0.41164,0.55584,0.76891,0.7963,0.82288,0.78584,0.65408,0.022966,0.018464,0.021829,0.025886,0.018048,0.029131,0.024727,0.02319,0.033614,0.0094424
2,0.89792,0.19193,0.039614,0.025385,0.19005,0.21281,0.24143,0.45089,0.31586,0.21367,0.31167,0.19747,0.17122,0.12757,0.054482,0.031843,0.024927,0.18687,0.12251,0.1105,0.16719,0.14732,0.054339,0.08325,0.18176,0.51435,0.74022,0.76391,0.88638,0.65375,0.17516,0.093158,0.061352,0.031361,0.046878,0.04849,0.093608,0.058317,0.060527
2,0.16332,0.060642,0.036637,0.027554,0.062098,0.097066,0.1564,0.22524,0.33164,0.71242,0.88188,0.91418,0.91476,0.67735,0.68016,0.63599,0.32274,0.17607,0.30529,0.13436,0.067281,0.080143,0.08064,0.40696,0.44907,0.45757,0.41247,0.15381,0.031162,0.043578,0.04569,0.059785,0.069985,0.057919,0.054016,0.060598
2,0.159,0.099528,0.03898,0.035585,0.052137,0.049294,0.056368,0.10696,0.08999,0.069795,0.054441,0.082455,0.14348,0.19239,0.21345,0.18331,0.059315,0.11192,0.087275,0.11726,0.18375,0.18568,0.11026,0.25579,0.2401,0.47977,0.95029,0.95308,0.93527,0.97467,0.97987,0.13771,0.093269,0.091108,0.06929,0.056829,0.070533,0.10559,0.062249,0.044642,0.029996
2,0.11242,0.040643,0.072435,0.070682,0.15079,0.14673,0.20843,0.29426,0.2943,0.13353,0.2181,0.08832,0.11194,0.23722,0.38707,0.54837,0.63789,0.54554,0.54897,0.34458,0.44251,0.35798,0.19543,0.16769,0.11011,0.13405,0.099458,0.024945,0.016019
2,0.085781,0.10029,0.078885,0.030677,0.20928,0.29239,0.36346,0.43482,0.54155,0.58051,0.16039,0.040778,0.041179,0.3029,0.48356,0.73404,0.8413,0.88237,0.87333,0.91775,0.91237,0.91117,0.93807,0.88204,0.080059,0.050868,0.065714,0.087271,0.06223,0.031896,0.023502,0.010925
2,0.46122,0.078143,0.10261,0.22507,0.5946,0.68441,0.62315,0.09152,0.026745,0.12855,0.24895,0.40223,0.71923,0.8728,0.81928,0.74204,0.51652,0.67031,0.68732,0.89508,0.87551,0.92043,0.91559,0.90482,0.27862,0.33533,0.18329,0.42069,0.41314,0.27616,0.20798,0.17786,0.10397,0.0932,0.1092,0.13386,0.12435,0.041245
2,0.72781,0.41908,0.78448,0.93931,0.89945,0.918,0.94166,0.9403,0.68239,0.87416,0.89706,0.9349,0.7892,0.79245,0.6714,0.36041,0.23615,0.23231,0.17142,0.11361,0.093328,0.094993,0.074771,0.028483
2,0.058352,0.035424,0.058856,0.043369,0.050469,0.080392,0.081739,0.1031,0.14193,0.10745,0.044075,0.033395,0.1045,0.33436,0.37202,0.4541,0.75635,0.6965,0.83838,0.975,0.97695,0.92858,0.95326,0.97197,0.9245,0.91911,0.85719,0.70684,0.73602,0.67034,0.37077,0.034581
2,0.085823,0.042674,0.027321,0.044173,0.060679,0.047872,0.072204,0.069178,0.052591,0.13534,0.12332,0.16118,0.24998,0.40615,0.59293,0.57908,0.89018,0.33125,0.74503,0.89316,0.97345,0.97045,0.93678,0.93745,0.92512,0.85644,0.73474,0.31627,0.43106,0.14821,0.063431,0.021697,0.0098989
2,0.45617,0.20449,0.41897,0.80714,0.83004,0.83958,0.79534,0.72097,0.48234,0.35235,0.31447,0.42796,0.65824,0.77398,0.87174,0.79848,0.57775,0.55389,0.45344,0.27769,0.32835,0.34787,0.1802,0.047682,0.0048451
2,0.26207,0.11808,0.11374,0.2295,0.31904,0.16568,0.33505,0.42989,0.37621,0.62282,0.88589,0.8523,0.89012,0.81296,0.47387,0.39406,0.42368,0.5,0.60551,0.71591,0.72177,0.11199,0.19785,0.16362,0.020726,0.02234,0.030627,0.024642,0.023117,0.02218,0.019049,0.0049218
2,0.1359,0.10569,0.1134,0.07549,0.10027,0.18142,0.24098,0.27659,0.20854,0.23095,0.14462,0.13148,0.21906,0.3376,0.43482,0.88579,0.87442,0.89815,0.72186,0.65356,0.39085,0.33666,0.3158,0.23499,0.13645,0.033583,0.014491
2,0.50643,0.29093,0.22826,0.3629,0.3987,0.4104,0.79122,0.66622,0.71892,0.78816,0.82099,0.80491,0.63926,0.63686,0.39918,0.24466,0.13051,0.071077,0.029271,0.071512,0.064897,0.087096,0.1208,0.25465,0.19622,0.22043,0.10277,0.046578,0.019094
2,0.35933,0.28023,0.1667,0.33851,0.64626,0.60689,0.75161,0.79583,0.68559,0.27743,0.17991,0.75583,0.77482,0.80997,0.71357,0.12709,0.31256,0.36323,0.41589,0.72394,0.34097,0.042406,0.063494,0.058747,0.041054,0.045859
2,0.3124,0.097951,0.17236,0.46025,0.43151,0.54668,0.53008,0.81806,0.65372,0.24366,0.10826,0.55225,0.57364,0.42434,0.39821,0.47663,0.077288,0.10364,0.064329,0.054534,0.042172,0.01588
2,0.27038,0.30767,0.65807,0.69919,0.83049,0.84012,0.85942,0.54893,0.18934,0.082103,0.1208,0.044289,0.025428,0.021624,0.10144,0.054171,0.084602,0.065724,0.075751,0.090638,0.052913,0.023307
2,0.58625,0.66245,0.55219,0.89655,0.86674,0.90721,0.935,0.93538,0.85575,0.52154,0.14019,0.024751,0.12711,0.1059,0.15205,0.14932,0.11897,0.19118,0.13535,0.24633,0.15579,0.11054,0.051101,0.025179,0.024877
2,0.90009,0.71124,0.83046,0.83466,0.74661,0.42864,0.59552,0.6001,0.57137,0.68546,0.57065,0.294,0.4363,0.77764,0.81365,0.51111,0.42643,0.57839,0.090501,0.027798,0.038333,0.088368,0.089241,0.11398,0.061809,0.069671,0.023523
3,7.2972e-05,2.1358e-05,1.3131e-05,1.0091e-05,2.8996e-05,3.2076e-05,5.6332e-05,0.00015679,0.00048392,0.0016558,0.0028546,0.0051596,0.0028431,0.00071011,0.0015196,0.0027216,0.0034389,0.045569
3,0.0022019,0.00069429,0.00040124,0.00022188,0.00019894,0.00010718,0.00010249,0.00027699,0.00064169,0.0014191,0.003944,0.034211,0.027831,0.038233,0.07675,0.0079638,0.0017175,0.0021894,0.0022966
3,0.00019715,0.000113,4.4682e-05,6.7392e-05,1.5068e-05,2.0755e-05,6.5175e-05,9.6504e-05,0.0034597,0.0063772,0.021679,0.020894,0.02458,0.002576,0.00039101,0.00011216,9.3546e-05,3.4032e-05,1.5177e-05,5.1011e-05,0.00022396,0.0001254,0.00089788,0.000508,0.00029991,0.00016989,7.9081e-05,3.8397e-05,8.2286e-05,0.00029264,0.0024394
3,0.00048515,9.4671e-05,4.2858e-05,8.2117e-05,9.1463e-05,6.2123e-05,0.00010264,0.00010458,0.00067503,0.00096656,0.001856,0.0012263,0.001772,0.001717,0.0023608,0.0019888,0.0023766,0.0051012,0.0013519,0.003721,0.0065628
3,3.4971e-05,2.0634e-05,3.5927e-05,0.00026556,0.00015805,0.00021639,0.00020776,0.00044541,0.00068274,0.00042783,7.5807e-05,0.00027532,0.00027353,0.00019907,9.4134e-05,0.00021749,0.0004176,0.0007155,0.003927,0.032736,0.0078356
3,0.0015752,0.00044871,0.00027073,0.00011933,8.3727e-05,0.00011846,0.00048184,0.0028067,0.0033707,0.0069079,0.005549,0.0052228,0.0068762,0.0089015,0.0059866,0.00033817,0.00038428,0.00033857,0.00014095,0.00016346,6.7108e-05,5.7992e-05,2.8516e-05,0.00012753,0.00013731,0.00048339,0.00037148,0.0011059,0.0075384
3,0.00014244,0.00013032,0.00039302,0.00040298,0.00058222,0.00031969,0.00021195,0.00041332,0.0014037,0.003373,0.0041557,0.0099879,0.0092664,0.0098174,0.011162,0.0090103,0.0097328,0.0097876,0.011201,0.008961,0.01264,0.012034,0.014459,9.5384e-05,0.00019926,0.00011025,7.3807e-05,2.9239e-05,0.00018245,0.00016605,0.00012343,9.1612e-05,9.9241e-05,0.00049559,0.00045829,0.00058158,0.00055079,0.0017688,0.0012253
3,0.0013902,0.00055619,0.00062364,0.00023142,0.00014324,0.00011183,4.2001e-05,3.2401e-05,0.00020724,0.00022529,0.00015679,0.00013848,7.4193e-05,4.0901e-05,0.00042098,0.00060638,0.0072715,0.0078019,0.0070473,0.0064273,0.0063834,0.0065168,0.0050815,0.0008379,7.3962e-05,0.00014772,6.5805e-05,4.5513e-05,5.2044e-05,0.0001005,5.6984e-05,0.00019801,0.00049633,0.00013559,0.00019253,0.00010494,8.9224e-06,5.0787e-06,8.5199e-06,2.4082e-05,5.3355e-05,8.8421e-05,6.1549e-05,2.4156e-05,1.2333e-05,2.025e-05,0.00013221,0.00016752,0.0013395,0.0032658,0.01805,0.011243,0.0067072,0.0022127,0.013165,0.0086571,0.011792
3,0.00043367,0.00024205,4.4726e-05,0.00010936,3.8687e-05,3.2928e-05,5.5701e-05,5.3114e-05,9.5181e-05,0.00018901,0.00020487,0.0005045,0.00036354,0.00021756,0.00029551,0.00054986,0.00092324,0.014114,0.028185,0.023361,0.0035582,0.00093,0.00093073,0.00048107,0.00022506,5.3901e-05,6.0112e-05,9.088e-05,0.0001725,0.0012035,0.00040706,0.00024865,4.2516e-05,1.8273e-05,1.468e-05,4.9939e-05,7.1758e-05,0.00036652,0.00091221,0.00027887,0.00011276,2.0767e-05,2.2599e-05,1.4216e-05,2.9928e-05,0.00016495,0.00041811,0.0014003,0.003151,0.0015589,0.0067937,0.013883,0.018822,0.0036742
3,0.0013098,0.00053538,0.00023912,9.4279e-05,4.7846e-05,0.00014063,5.8752e-05,0.00016748,0.0012375,0.00060662,0.00053284,0.00082933,6.2004e-05,5.4526e-05,2.7225e-05,4.1599e-05,3.4609e-05,6.9583e-05,3.4242e-05,0.00011931,5.2916e-05,4.1955e-05,4.1987e-05,2.6896e-05,6.3526e-05,0.0034568,0.003879,0.019491,0.060805,0.49384,0.097355,0.01925,0.013418,0.047997
3,0.0011419,0.00020585,0.0011297,0.00013348,6.1456e-05,9.8713e-05,7.2999e-05,8.33e-05,7.478e-05,3.5735e-05,4.9422e-05,2.6233e-05,1.6989e-05,4.7193e-05,0.00014906,5.0371e-05,0.00017604,0.00011427,9.7604e-05,4.8039e-05,6.0892e-05,1.4655e-05,2.4763e-05,3.3239e-05,3.0901e-05,5.2307e-05,0.00050573,0.00069879,0.00098617,0.015164,0.025423,0.0113,0.016779,0.021878,0.036864
3,0.0027698,0.00082896,0.0018158,0.0024224,0.00055079,0.0010281,0.0038117,0.0022874,0.0014896,0.001388,0.0025748,0.0021846,0.0015363,0.0011627,0.00044585,0.00026938,0.00024829,0.00017211,0.00012548,0.00020635,0.00063937,0.002644,0.0032737,0.0046173,0.00045034,0.00022091,0.00011205,7.3465e-05,3.707e-05,0.00057289,0.0020367,0.0022305,0.0013488,0.0010019,0.0011613,0.0022379,0.0022107,0.004089,0.01964,0.16992,0.11531,0.016633,0.0046623,0.001123,0.0020024
3,0.0047118,0.002539,0.0035678,0.0085997,0.002778,0.0024544,0.00066504,0.00020213,0.00015986,0.0010555,0.0040361,0.011273,0.0053519,0.0098205,0.0027429,0.0019449,0.0038598,0.032501,0.032882,0.04426,0.049768,0.00089553,0.00012388,0.00020682,0.00017599,8.6166e-05,0.0001413,0.00082632,0.00081454,0.0010928,0.0010701,0.00083526,0.00048694,0.00064316,0.00036506,0.00088455,0.0061404,0.01976,0.045722,0.043935,0.046148,0.04718,0.017215,0.036236,0.013221,0.004338,0.0022744,0.00027913,0.00070628,0.0014915,0.0033033,0.00416,0.0066831,0.0047818,0.0050438,0.10807,0.015961
3,4.1838e-05,1.4773e-05,6.7447e-06,2.2334e-05,5.987e-05,0.00017005,0.00022256,5.4394e-05,2.9269e-06,1.3411e-05,0.00012357,0.00015019,0.00096205,0.010278,0.0088775,0.0057819,0.0059902,0.0078289,0.0023237,0.00025458,0.0015887,0.0010977,0.00042554,0.00014498,0.00046072,0.00023716,0.00017319,0.00014409,0.0003062,0.00085176,0.00040945,9.8063e-05,0.00042622,0.00090516,0.0044726
3,0.00050814,0.00020826,6.5637e-05,4.6345e-05,7.912e-05,0.0001306,4.6318e-05,2.2736e-05,5.5863e-05,4.9634e-05,9.7121e-05,0.00021796,0.0002327,8.2566e-05,0.00020278,0.00024708,0.00036752,0.0070873,0.035806,0.030441
3,0.00040752,0.00014129,0.00066837,0.00025199,0.00021087,7.7219e-05,5.0833e-05,3.8737e-06,7.14e-06,2.5344e-05,1.9344e-05,2.9677e-05,6.0186e-05,4.4107e-05,6.1292e-05,0.00026824,0.0003068,0.00030298,0.0026577,0.0039236,0.0035195,0.0058899
3,4.1178e-05,1.8562e-05,3.9092e-05,0.00030032,0.00041847,0.00036778,0.0011219,0.0024664,0.00082156,2.6231e-05,1.1161e-05,1.0211e-05,7.0678e-05,0.0005273,0.0089731,0.0082101,0.0093293,0.010156,0.012404,0.012282,0.012136,0.0093072,0.0082297,0.0068062,0.0014862,0.00028916,0.0012971,0.0014085,0.00090125,0.00055916,0.00071419,0.00045101,0.00018981,0.00026606,0.00019635,0.00015162,5.2405e-05,0.00031276,0.00083486,0.0015944,0.0089273
3,5.7315e-05,4.3928e-06,8.747e-06,3.4273e-05,7.3647e-05,0.00031543,0.0030232,0.00083523,5.085e-05,6.6237e-05,0.0001594,0.00018401,0.00038499,0.00045023,0.00044199,0.0016283,0.0029686,0.003542,0.0078848,0.0045409,0.0038177,0.0045076,0.0027367,0.0065277
3,8.3637e-06,2.0145e-06,2.0809e-06,2.8529e-06,1.8518e-06,2.1786e-06,2.2947e-06,4.5158e-06,2.5681e-05,5.6393e-05,4.3297e-05,2.5621e-05,8.0145e-05,4.5485e-05,2.1997e-05,4.274e-05,3.0299e-05,0.00016449,0.0090528,0.024732,0.0011686,0.00015115,0.00014599,9.7267e-05,1.6047e-05,7.3385e-06,9.3438e-06,6.104e-06,5.5056e-06,4.7501e-06,8.9148e-06,1.9943e-05,0.00019444,0.00016981,0.00088707,0.00035691,0.00036371,0.00094399,0.008193,0.0079801
3,0.0010653,0.00021022,7.5966e-05,3.2003e-05,3.912e-05,0.00012966,0.00013486,0.00016518,0.00022453,0.00060912,0.00015517,0.00088612,0.0041383,0.0088328,0.012799,0.072327,0.07806,0.0073163,0.01119,0.0081634,0.002588,0.00051756,0.00055061,0.00074171,0.00060715,0.0023844,0.0031921,0.002758,0.033485,0.010608,0.0036517,0.0078008,0.017592,0.010257
3,0.0028602,0.00063382,0.0001247,0.00017213,0.00015948,0.00035664,0.00072492,0.00096144,0.00049219,8.7203e-05,0.00010634,0.00017215,0.00064376,0.0027012,0.0033933,0.0046854,0.0010826,0.0017575,0.0029898,0.012963,0.017893,0.020614,0.043183,0.042602,0.04068,0.037171,0.035386,0.032612,0.068822,0.034413,0.0029224,0.0027204,0.0025346,0.0033616,0.0029094,0.001474,0.0040317,0.0050266,0.0024642,0.0012589,0.00013789,0.00020757,0.00026132,0.00019334,0.00026477,0.00051686,0.0013909,0.0013716,0.0063793,0.0086563,0.029298,0.011702
3,0.0055687,0.00042481,0.00014689,5.3171e-05,2.236e-05,2.8289e-05,0.0001306,0.00034528,0.010946,0.022997,0.011951,0.0096041,0.0097379,0.010245,0.0089097,0.0027463,0.014858,0.0012686,0.00076196,0.00065251,7.9898e-05,9.6348e-05,0.00054229,0.0013176,0.0011333,0.0037088,0.0016205,0.00025758,0.00016502,0.0002318,0.00036219,0.00062563,0.0023039,0.0061069,0.0085408,0.009788,0.009773,0.0075432,0.011394,0.011526,0.01423,0.014794,0.012734,0.00085381,7.6864e-05,0.00019709,0.00024983,0.00016764,0.00018604,0.0022778,0.0021768,0.044749,0.038808,0.024469,0.017861,0.011022,0.012383,0.012155,0.012752,0.011805,0.15929,0.058268,0.011343,0.0042683,0.00041265,2.3275e-05,4.2074e-05,4.2595e-05,3.8324e-05,4.4156e-05,0.00023415,0.00039012,0.0019611,0.01139,0.0044227,0.014066,0.0072809
3,0.00019549,4.1328e-05,4.0406e-05,9.1326e-05,0.00025649,0.0013515,0.0023663,0.0028865,0.0011566,0.00021328,8.8051e-05,0.00016483,0.00034559,0.00048747,0.00058811,0.0011989,0.0018297,0.0051834,0.0092121,0.011282,0.010338,0.0015877,0.0011777,0.0014875,0.0013841,0.00155,0.0081091,0.0035614,0.00026712,0.00017897,0.00022075,0.00027525,0.00037374,0.0010458,0.0060822,0.0072617
3,0.00034925,6.3385e-05,5.1054e-05,2.6856e-05,3.1285e-05,4.7356e-05,8.7707e-05,6.2829e-05,0.00022454,0.00039617,0.00062695,0.000328,0.00058062,0.00060757,0.0003487,0.00046603,0.00063361,0.00039896,0.00015034,0.00015169,0.0001912,0.00010467,3.5735e-05,2.312e-05,4.3912e-05,5.1778e-05,3.9608e-05,9.9177e-05,9.8853e-05,9.6091e-05,0.0002089,0.0013503,0.016564,0.010481,0.012313,0.016394,0.018604,0.02114,0.020164,0.013556,0.0011947,0.00018507,0.00025459,0.00022439,0.00016973,7.2163e-05,0.00011871,0.00018133,0.0001064,0.00017084,6.4689e-05,4.1706e-05,3.9931e-05,3.7565e-05,2.692e-05,6.5119e-05,0.00010932,0.00616,0.020716,0.02058
3,0.00017038,3.5956e-05,1.013e-05,1.1159e-05,8.9525e-06,6.0832e-05,5.9634e-05,0.00010592,0.00023409,0.00017862,0.00020393,0.00014938,0.00016199,0.00035453,0.00081506,0.00028455,0.00031764,0.00036083,0.00028277,0.0003669,0.00027589,0.0003726,0.00064822,0.0004116,0.00018865,0.0001815,0.00041328,0.00057172,0.0015921,0.0015141,0.012661,0.0084569,0.0091447,0.010756,0.040904,0.021456,0.026599,0.010842
3,0.0045928,0.0007826,0.00016445,0.00024261,0.00071527,0.0010316,0.001589,0.0012002,0.00090677,0.0011821,0.0015418,0.0012817,0.0016703,0.0023487,0.0010275,0.0019421,0.003805,0.0052624,0.0041195,0.004935,0.0035002,0.00086054,0.0012912,0.0023185,0.0093437,0.017682,0.04104,0.036667,0.033744,0.033041,0.041713,0.033318,0.035598,0.0385,0.048107,0.054865,0.0062164,0.011194,0.0071616,0.0028282,0.0018043,0.0050141,0.005124,0.0060416,0.0068148,0.0091676,0.006234,0.0045369,0.010187,0.031953,0.027653,0.020004,0.045076
3,7.8254e-05,3.8229e-05,3.6181e-06,5.2264e-06,8.5219e-06,1.2032e-05,1.7838e-05,2.6075e-05,2.4853e-05,8.7538e-05,0.00022527,0.00096736,0.018985,0.011375,0.011587,0.013303,0.01213,0.013859,0.0060178,0.0027877,0.0012149,0.00064047,0.00020816,0.0001665,0.0004628,0.00051756,0.0018858,0.017788,0.0055805,0.002808,0.0021121,0.0010309,0.0001039,5.9377e-05,9.9872e-05,0.0002903,0.00029369,0.00013821,0.00017584,0.0002573,0.0002947,0.00042982,0.00025883,0.00036044,0.00043515,0.0012874,0.0024068,0.010952,0.011416,0.0079021,0.0089858,0.010077,0.011213,0.015927,0.013141,0.0014849,0.00060165,0.00079657,0.0012288,0.00087999,0.00030099,0.00031024,0.0003002,0.00021289,0.00012291,0.001238,0.0017727,0.010014,0.010538,0.0015107,0.00068737,0.0007784,0.00070633,0.00082653,0.00022806,0.001155,0.0059528,0.008937,0.021948,0.0025536,0.0049982,0.005484,0.0052604,0.003694,0.0038692,0.002308,0.0023469,0.011003,0.0071948,0.004057
3,0.00081641,0.0001833,9.5437e-05,0.00014243,0.00020325,0.00019776,9.6574e-05,0.00011623,0.00019583,0.00012811,0.00019864,0.0014842,0.0033526,0.029181,0.022862,0.025053,0.034029,0.060853,0.0041752,0.0013922,0.0016362,0.0016613,0.0015483,0.0017414,0.0040273,0.010321,0.0029555,0.0010342,0.00096202,0.0011681,0.00046253,0.00045688,0.00070134,0.0013147,0.010155,0.012684,0.019774,0.0080468,0.02333,0.025664,0.031229,0.025996,0.0039173,0.0032957,0.005383,0.0042619,0.0054347,0.0031197,0.0023908,0.0025987,0.0027075,0.002438,0.0004814,0.0023347,0.0028012,0.0039443,0.006534,0.060464,0.020309
3,0.00015867,2.0336e-05,5.6223e-06,6.8881e-06,8.4554e-06,6.1899e-06,6.3737e-06,1.7099e-05,2.7811e-05,3.0568e-05,2.6914e-05,0.00085469,0.0027595,0.0021487,7.3269e-05,2.9893e-05,3.7172e-05,2.0706e-05,1.8322e-05,4.3672e-05,9.5927e-05,0.0001394,5.7573e-05,1.7865e-05,6.536e-05,0.00011668,0.00015131,5.2134e-05,5.8312e-05,6.5833e-05,7.7411e-05,0.00017745,0.00045771,0.0019932,0.0040878,0.0017688,0.00099266,0.00082074,0.00053535,0.00029807,0.00081209,0.0010915,0.0021667,0.0011909,0.001778,0.0017769,0.0014847,0.0009714,0.0020026,0.0032479
3,0.0012593,0.00053421,0.0004638,0.00035337,0.00010377,0.00072229,0.0043531,0.046342,0.029101,0.0033549,0.0024133,0.0019679,0.0013448,0.0017472,0.0012442,0.0022337,0.0030587,0.0032661,0.0025858,0.0037283,0.0010692,0.0010208,0.00093446,0.0023099,0.0046597,0.021698,0.013496,0.014965,0.015843,0.014086,0.01599,0.013744,0.01153,0.00076277,0.00055501,0.001587,0.0014823,0.00091299,0.0009171,0.00064343,0.00063204,0.0022544,0.0033902,0.0086231,0.0052836,0.0082182,0.027144,0.038477,0.048321,0.026124,0.015454,0.0083453,0.0044084,0.00078007,0.0015064,0.0044881,0.015849,0.013765,0.010059,0.015669,0.014598,0.013464,0.0095495,0.0086318,0.0016954,0.0037997,0.0039255,0.0051044
3,0.0001186,1.2437e-05,3.4172e-06,1.1287e-05,3.1192e-05,0.00012929,0.00023516,0.00012426,8.977e-05,0.00025097,0.00072087,0.0043096,0.00085308,0.00034451,0.00089074,0.0024541,0.0077006,0.05804,0.0081122,0.001662,0.0015283,0.00042111,0.00035115,0.00033676,0.00092111,0.0010642,0.0008551,0.00041305,0.00044727,0.0012243,0.0043808,0.0014872,0.0048937,0.0074738,0.00537,0.0090741,0.0077275,0.0074406,0.010169,0.012161
3,5.6671e-05,1.0843e-05,7.4449e-05,0.00015526,0.00010538,3.7708e-05,8.4089e-05,8.0732e-05,0.00033217,0.00023372,0.00047161,0.001484,0.00094244,0.0014545,0.0004626,0.0024804,0.0053466,0.02475,0.028795,0.028308,0.014116,0.022514,0.032797,0.038947,0.030604,0.023837,0.029744,0.000876,0.00085832,0.00033781,0.00028188,0.00024835,0.00017051,0.00016784,0.00012941,0.00019608,0.0004965,0.0019448,0.00093114,0.00016797,0.00021876,0.00019775,0.00014109,0.00053002,0.0060122,0.0072584,0.016189,0.012131,0.011179
3,0.00052743,9.5681e-05,2.6243e-05,8.8203e-05,3.8297e-05,1.916e-05,8.6438e-06,3.3477e-05,9.7585e-05,0.00013847,0.00014462,0.00015564,0.00026024,0.00014963,0.0005068,0.0012991,0.0028744,0.00025626,0.00036351,0.00071303,0.0020397,0.0039311,0.013642,0.013961,0.010689,0.00010589,2.2152e-05,1.9213e-05,3.9438e-05,2.8834e-05,1.8281e-05,3.6361e-05,2.567e-05,2.0325e-05,0.0001246,0.00089832,0.0023938,0.01117,0.0055411,0.0040321,6.4427e-05,0.0003722,0.00010823,0.00014065,0.00013844,0.00027918,0.0001775,0.00025982,0.00025679,0.00023592,0.00059107,0.0011295,0.0011361,0.0056211
3,0.0001457,5.4281e-05,0.00011241,9.3998e-05,0.00011698,0.00012087,0.00018241,0.00046658,0.0010252,0.0035305,0.0096712,0.0019991,0.00099822,0.00057199,0.0015354,0.0022471,0.0047539,0.012993,0.010829,0.012084,0.012858,0.012743,0.013137,0.012629,0.011561,0.013969,0.00065402,0.0011654,0.00096709,0.00067217,0.00032257,0.00048369,0.00080815,0.00085452,0.00059108,0.00056552,0.00050911,5.3133e-05,5.7692e-05,0.00029867,0.0005269,0.0018522,0.0029198,0.0040057,0.002448,0.0018586,0.011282
3,0.00014703,1.0833e-05,4.2883e-05,0.00012047,0.00011641,0.00011823,0.0025605,9.5006e-05,6.0112e-05,8.6667e-05,7.7969e-05,6.0844e-05,0.00035067,0.00034649,0.00050816,0.00035864,0.0013358,0.0026376,0.0025492,0.015092,0.019948,0.0032714,0.00056963,0.00063311,0.00068319,0.0004207,7.0646e-05,5.0015e-05,2.7441e-05,1.7728e-05,3.7118e-05,0.00030543,0.00056394,0.00050486,0.00046259,0.00038187,0.00034478,0.0022057,0.0049067
4,0.052112,0.017551,0.009625,0.0013367,0.0038792,0.011301,0.0068777,0.0064106,0.0046953,0.0091503,0.010721,0.011658,0.0097213,0.0098601,0.012875,0.012107,0.010302,0.027008
4,0.00025708,9.9057e-05,0.00029344,0.00027186,0.00016963,0.00032083,0.0007034,0.00059219,0.0019349,0.0018692,0.01081,0.019223,0.082193,0.013633,0.017449,0.043489,0.024395,0.020523
4,0.036443,0.030277,0.026366,0.0086555,0.0018913,0.0041232,0.0043834,0.0031774,0.0026115,0.0040472,0.0071134,0.015828,0.04255,0.025261,0.035472,0.042842,0.024907,0.032363
4,0.0075723,0.001237,0.001551,0.00043562,0.00062295,0.009141,0.054765,0.032603,0.012983,0.06012,0.017277,0.0072998,0.0051005,0.010077,0.024755,0.028641
4,0.0034204,0.00074734,0.00075321,0.00020638,0.00022734,0.0018852,0.0022423,0.0038968,0.0082967,0.028358,0.014311,0.023098,0.0066122,0.0079628,0.025255,0.02638
4,0.084513,0.034685,0.042871,0.0024506,0.0019717,0.0060127,0.020058,0.012569,0.006144,0.01801,0.018769,0.039458,0.034464,0.036349,0.038686,0.038148,0.0025362
4,0.018208,0.0023178,0.00065619,0.00017319,0.00022341,0.00043968,0.0010454,0.0016525,0.010683,0.015261,0.022287,0.0093877,0.0050623,0.0020361,0.0014415,0.0022955,0.0058343,0.015184
4,0.0027059,0.00053031,0.00035487,0.00021967,0.00021729,0.00026842,0.00045832,0.0026926,0.0044205,0.01401,0.025834,0.043845,0.03527,0.048324,0.13387,0.033805,0.033634
4,0.0066899,0.00033611,0.00038806,0.00043124,0.00052526,0.00059491,0.00062254,0.0023367,0.0036814,0.0057061,0.0053777,0.004966,0.0049984,0.015877,0.026007,0.060564,0.029282,0.013839
4,0.0017945,9.888e-05,3.4731e-05,7.5056e-05,6.8441e-05,0.00016531,0.0017115,0.0050151,0.021792,0.015502,0.0074942,0.0074701,0.0036097,0.0087521,0.016718
4,0.040899,0.011373,0.011713,0.010194,0.009659,0.014473,0.013549,0.028072,0.044385,0.041899,0.015808,0.011222,0.0086217,0.021012,0.024299,0.015847
4,0.046786,0.040908,0.033897,0.013288,0.026045,0.033215,0.0051911,0.060632,0.060776,0.047649,0.021333,0.025921,0.0020976,0.002468,0.0067897,0.030806
4,0.0015361,0.00095989,0.00045248,0.0011149,0.0006916,0.0006616,0.001746,0.0012753,0.00066825,0.0017733,0.001148,0.0018751,0.0020259,0.0023925,0.0026803,0.0014817,0.0068676,0.017001,0.013517,0.010312,0.014349
4,0.0068031,0.00096336,0.0032917,0.0064008,0.0023853,0.0015838,0.0027243,0.0014228,0.0045364,0.0040308,0.016751,0.024161,0.021316,0.0086109,0.007017,0.0091945
4,0.052201,0.0082388,0.0048858,0.0061959,0.0096562,0.0041996,0.0052214,0.019054,0.010062,0.0024419,0.0022282,0.0013113,0.0011274,0.0012655,0.0021884,0.0056385,0.0059674,0.0057689,0.0072844,0.0030857,0.0012349
4,0.00065235,0.00043092,0.00079356,0.00031039,0.00023952,0.00063021,0.00090022,0.0017953,0.0027159,0.0024221,0.00066315,0.0013527,0.0028662,0.0033726,0.009733,0.0122,0.072326
4,0.0011901,0.0002488,0.00046514,0.00048286,0.00044158,0.00023389,0.00055927,0.00094893,0.00071108,0.00038592,0.00029443,0.00021819,0.00014153,0.00013252,0.00030309,0.000753,0.0012862,0.00072738,0.0012469,0.0002442,0.00028117,0.00014979,0.00020607,0.0004443,0.00090777,0.00086029,0.00078365,0.0021564,0.0087051,0.0040632,0.027237,0.017529,0.031494,0.036858
4,0.040999,0.015739,0.022856,0.012906,0.0025153,0.0023675,0.0036137,0.0046496,0.0025511,0.0040896,0.0020189,0.0030256,0.0048088,0.0053659,0.0050452,0.011075,0.0048056,0.0041345,0.0014671,0.00099098,0.0013025,0.0035535,0.0034965,0.0098531,0.0093868,0.021325,0.01925,0.031976,0.025387,0.017035,0.0093391,0.023446,0.025989
4,0.097378,0.035604,0.040676,0.008042,0.007299,0.0058386,0.011025,0.016713,0.0081923,0.015513,0.0091272,0.0096893,0.014077,0.011468,0.0079521,0.010122,0.0097849,0.0078885,0.0040409,0.0026118,0.0029981,0.0038312,0.0041445,0.0070551,0.0077136,0.012743,0.022702,0.034995,0.046463,0.056122,0.055222,0.029055
4,0.020611,0.010786,0.014506,0.0057517,0.0021391,0.0021997,0.0013544,0.0012797,0.00048911,0.00086072,0.00018018,0.00017196,0.00027353,0.00096479,0.0015988,0.0047539,0.0022184,0.00090288,0.00023178,0.00017582,0.00020068,0.00063519,0.0019975,0.0008186,0.000886,0.0012607,0.0022143,0.016374,0.01838,0.016353,0.060679,0.0085438
4,0.020107,0.010944,0.017371,0.022385,0.013771,0.015309,0.01667,0.010851,0.006674,0.0017014,0.0013588,0.0011113,0.0049679,0.0059463,0.010768,0.01106,0.0077181,0.0033607,0.0025226,0.0028133,0.0022873,0.0036569,0.0041117,0.0052448,0.0043315,0.0045886,0.0078278,0.011338,0.0095201,0.036322,0.072486,0.011036
4,0.0006589,3.0639e-05,5.4886e-05,0.00036107,0.00046078,0.0006376,0.0025339,0.0012223,0.0025173,0.0032748,0.0062503,0.0076576,0.008158,0.01024,0.011938,0.0066544,0.0036336,0.0022309,0.0033575,0.0056744,0.016549
4,0.00018422,7.2112e-05,0.00022898,0.00021524,0.00018116,0.00034801,6.3446e-05,3.9708e-05,6.2783e-05,0.00025405,0.00073768,0.0006411,0.00088196,0.0018949,0.0029187,0.0028095,0.0060996,0.0053095,0.0088424
4,4.022e-05,1.2939e-05,5.4358e-05,9.035e-05,8.863e-05,6.9403e-05,5.5942e-05,8.9095e-05,0.00031105,0.0015596,0.0026299,0.0050644,0.0024747,0.00087018,0.00021722,0.00088631,0.0010452,0.0089243
4,0.00080384,4.4052e-05,3.9213e-05,5.7893e-05,8.6193e-05,0.00022077,0.0002097,0.00024909,0.00029427,0.00029509,8.8018e-05,0.0010952,0.00063153,0.0007871,0.0019311,0.0043867,0.014389,0.04384,0.034037,0.0034683,0.0015493,0.0017293,0.0052767,0.01082
4,0.0041732,0.00086006,0.00080496,0.0011805,0.0010327,0.00059591,0.00053663,0.00086789,0.0010162,0.0013784,0.00075222,0.002099,0.0028066,0.0012242,0.0014924,0.0023075,0.0063029,0.0072332,0.020877,0.0092716,0.011332,0.0050186,0.0076697,0.023945
4,0.00022091,4.0971e-05,3.7189e-05,0.00011796,0.00011752,0.00013945,8.7891e-05,0.00014152,0.00011915,0.00038158,0.00011264,7.1565e-05,7.6434e-05,4.5805e-05,3.3412e-05,0.00010742,0.00039561,0.00068516,0.0029889,0.0030056,0.0014246,0.0028376,0.011462
4,0.0004206,4.9014e-05,2.3609e-05,8.714e-05,0.00050095,0.0025382,0.0020862,0.00053953,0.00033681,0.00016497,4.1017e-05,0.00018637,0.00036,0.00050887,0.00081403,0.0010141,0.0015761,0.0032915,0.0056295,0.0044419,0.0019643,0.0020608,0.0031167,0.0025551,0.0050654
4,0.0029275,0.0010211,0.001082,0.0019456,0.0035434,0.0029289,0.001098,0.00044555,0.0004093,0.0010135,0.0013239,0.0011866,0.0029477,0.0067828,0.01823,0.024667,0.015155,0.013757,0.005855,0.0019091,0.0013101,0.001623,0.0011115,0.00074467,0.0014525,0.0038939,0.0041572,0.0094965,0.01189,0.020356
4,0.0013712,0.00072698,0.00068234,0.00022529,0.00011631,7.7958e-05,6.5154e-05,5.4139e-05,0.00022133,0.00098922,0.00076766,0.0015336,0.00079704,0.0012844,0.0003371,0.00042168,0.00082372,0.0014546,0.000196,0.00031641,0.00024804,0.0002368,0.00043189,0.00049524,0.001457,0.0014549,0.0094755,0.03208
4,0.1886,0.090699,0.11182,0.054537,0.039436,0.017449,0.0081793,0.0041938,0.010416,0.015195,0.018731,0.052389,0.060102,0.045915,0.081604,0.05223,0.073542,0.073801,0.01902,0.0063961,0.0032719,0.0041403,0.0036075,0.0048692,0.01958,0.037137,0.012115
4,0.12146,0.073357,0.11927,0.061809,0.027275,0.020598,0.015087,0.012334,0.0092396,0.023297,0.062948,0.027782,0.0060513,0.0094548,0.028649,0.031298,0.040397,0.040042,0.053241,0.047409,0.017811,0.010107,0.014724,0.017967,0.007081,0.0093349,0.011761,0.026456,0.039086,0.059107
4,0.04148,0.010331,0.010393,0.0057423,0.0034788,0.0090303,0.005768,0.0048053,0.0047612,0.032042,0.050976,0.022145,0.0069328,0.010021,0.0099742,0.01506,0.033682,0.031765,0.053777,0.044396,0.043508,0.01869,0.011972,0.0073769,0.0046434,0.0029516,0.0033401,0.0078743,0.0095954,0.0062263,0.010535
4,0.0023876,0.00071486,0.00075223,0.00054762,0.0040202,0.0030592,0.0010852,0.00059564,0.0009316,0.001029,0.00079439,0.00015979,0.00031181,0.00055022,0.001727,0.0017377,0.0029368,0.0035504,0.0015848,0.0013483,0.00097213,0.0006015,0.00065559,0.00050142,0.00070496,0.0014283,0.0048826,0.011838
4,0.00051068,6.4064e-05,9.0661e-05,0.00045937,0.00051976,0.00040682,0.00012777,8.6642e-05,8.0292e-05,0.00013641,0.00058765,0.00082722,0.00029754,0.00026418,0.00059887,0.00050353,0.00080947,0.0011768,0.0016433,0.001493,0.0013909,0.002789,0.0033141,0.0034108,0.0019123,0.00264,0.0019849,0.0016966,0.0011737,0.0075218,0.0065834,0.0082421,0.01396,0.025356,0.027267,0.0065047
4,0.018484,0.00058526,0.00022028,0.00039596,0.00063788,0.0011092,0.0026587,0.0027855,0.0018608,0.001969,0.0016491,0.0032709,0.0030865,0.0025631,0.00082192,0.0015751,0.0014887,0.0013702,0.0019319,0.0010382,0.00050914,0.00087417,0.0016512,0.0041807,0.0053803,0.010882,0.017322,0.031778,0.027949,0.016388,0.018885,0.0082502,0.0087805,0.010719,0.04141,0.02406,0.0027162
4,0.020826,0.00084505,0.00051966,0.001298,0.0037197,0.0049788,0.0053361,0.0026375,0.0014567,0.0014212,0.0027173,0.0071882,0.0056305,0.0046211,0.0011557,0.0015545,0.0015734,0.0062504,0.021574,0.012272,0.010414,0.0080584,0.0092948,0.0075989,0.013206,0.017578,0.022555,0.031486,0.023707,0.016135,0.025079,0.014536,0.010683,0.0065262,0.0081073,0.026832,0.015083,0.024824
4,0.056216,0.0071111,0.0076106,0.012913,0.0087604,0.0053516,0.0084796,0.0051577,0.010741,0.011714,0.023561,0.093662,0.057853,0.036439,0.013049,0.010693,0.0075321,0.0056532,0.0065896,0.0057006,0.0054754,0.0068891,0.010141,0.014603,0.020765,0.06444,0.14991,0.10411,0.048739,0.03592,0.032328,0.049943,0.053498,0.13276,0.10203,0.061341,0.05372
4,0.0067341,0.0014687,0.0035844,0.017119,0.027388,0.068864,0.20539,0.059642,0.0035085,0.00049462,0.00036679,0.001979,0.0019584,0.0080114,0.021451,0.011991,0.0048635,0.0092194,0.0030409,0.0044698,0.0068509,0.014743,0.021402,0.01006,0.049045
4,0.013611,0.0033742,0.00054978,0.00049709,0.0013878,0.0010133,0.0013535,0.0056298,0.0049204,0.001149,0.0012007,0.0011297,0.0015743,0.0014712,0.0032098,0.0049426,0.0017677,0.0013523,0.0019096,0.0073832,0.0026134,0.0025139,0.0036566,0.0066177,0.0058947,0.014413,0.014761
4,0.071369,0.0037163,0.0042475,0.0096445,0.017181,0.020206,0.06054,0.12364,0.017679,0.0074281,0.001163,0.00078212,0.0024583,0.0032316,0.0039733,0.0063845,0.034742,0.014447,0.0091021,0.0081164,0.011474,0.0061987,0.0041717,0.010424,0.011045,0.0098765,0.013299,0.013982,0.02498
4,0.0049717,0.0012627,0.001687,0.0039663,0.010297,0.015973,0.012479,0.025075,0.017035,0.0023687,0.0012043,0.00077002,0.0020595,0.0017928,0.0040727,0.0094374,0.013034,0.014779,0.019207,0.0064727,0.006439,0.0078344,0.0065473,0.0089323,0.022316,0.020764
4,0.0028319,0.0010139,0.00056745,0.0011844,0.0013721,0.0045414,0.0013496,0.0035936,0.0022627,0.00088561,0.00082768,0.0013885,0.0011566,0.0014376,0.0007035,0.00053318,0.00059891,0.0030177,0.0064162,0.0059278,0.0044458,0.019256,0.0043709
4,0.00085117,0.00062034,0.00076667,0.00078713,0.0016529,0.003265,0.0031975,0.0034081,0.003534,0.0049268,0.0050835,0.0040835,0.0021998,0.00068717,0.00032791,0.0012408,0.0024451,0.0052727,0.0041686,0.011397,0.020351,0.011051,0.043693
4,0.011444,0.0040424,0.0067487,0.012582,0.027422,0.046631,0.062863,0.061361,0.026206,0.013815,0.022986,0.011419,0.011937,0.015303,0.021327,0.0028175,0.0037187,0.0056777,0.014746,0.019505,0.020608,0.011349,0.0095295,0.040613
4,0.0029951,0.00031792,0.00025721,0.0020392,0.00095051,0.0010129,0.0041395,0.0027962,0.00075748,0.00027579,0.00048395,0.00044368,0.00061445,0.00083066,0.0037436,0.0044907,0.0059169,0.011179,0.017206,0.015383,0.0085234,0.001682
4,0.0066564,0.00064454,0.00031404,0.00088667,0.00081682,0.0011317,0.006661,0.0073203,0.0064349,0.0016119,0.0021223,0.0011284,0.0011229,0.0013038,0.00077278,0.00053959,0.00099059,0.0018549,0.0049068,0.0044151,0.0052136,0.0036174,0.0073076,0.012431
5,0.049085,0.01534,0.0050378,0.0036442,0.0014987,0.0013129,0.0041197,0.058364,0.06871,0.060623,0.16384,0.052579,0.05966,0.040468,0.01573,0.013954,0.038921,0.036196,0.0068185
5,0.66596,0.47347,0.17538,0.022306,0.019557,0.0021807,0.0038281,0.0073229,0.019111,0.021501,0.041193,0.082777,0.10183,0.16128,0.19865,0.024615,0.022026,0.031452,0.041071,0.043006,0.072245,0.078711,0.011398,0.0040822
5,1.8097e-05,5.5388e-05,0.00023493,0.00016992,0.0025385,0.0021801,0.0021214,0.0022598,0.0092444,0.0070422,0.02599,0.028581,0.011337,0.012774,0.0033323,0.0020229,0.0019546,0.0036091,0.0056716
5,0.0017507,0.00054367,0.0026008,0.028219,0.040465,0.060125,0.057935,0.028476,0.0097772,0.0040214,0.0090712,0.0060734,0.012383,0.0080749,0.010629,0.004221,0.0015326,0.0025468,0.0035881,0.0049727,0.013415,0.0080022,0.017479,0.042016,0.039556,0.0479,0.039115,0.021114,0.019363,0.021587,0.015754,0.013611,0.010141
5,0.093111,0.0042577,0.0019689,0.00087767,0.00091225,0.0042396,0.0049403,0.0069808,0.0041463,0.0055544,0.0057588,0.007444,0.009134,0.027002,0.021681,0.016912,0.015289,0.0055232,0.0051283,0.0021373,0.0046401,0.016821
5,0.014976,0.0017412,0.00741,0.0044269,0.0033797,0.0045711,0.0035586,0.0019341,0.0020291,0.0030404,0.0016876,0.0012409,0.0030156,0.0013748,0.00329,0.0049693,0.0045196,0.0046877,0.010378,0.0097849,0.0049499,0.0028231,0.00023282,0.00018102,0.00040765,0.00042262,0.00076408,0.00049028,0.0003757,0.00038439,0.00041163,0.00034987,0.0036175,0.0087924,0.027515,0.20924,0.36936,0.38779,0.31916,0.57783,0.068249,0.018093
5,0.021806,0.011724,0.013424,0.01759,0.011049,0.01549,0.013727,0.010111,0.0107,0.012688,0.0035496,0.0058367,0.010351,0.00937,0.0054858,0.0077681,0.012417,0.0063136,0.010028,0.02927,0.012436,0.032919,0.045687,0.0060999
5,0.010567,0.0015478,0.0017742,0.0013932,0.0028679,0.0098487,0.0096643,0.012925,0.021627,0.02193,0.016797,0.011809,0.013432,0.0015503,0.0033475,0.0056973,0.0021853,0.00039928,0.00022818,0.00023338,0.00017956,0.00041075,0.00083654,0.0029035,0.0098079,0.05071,0.011116,0.030503,0.027698,0.030496,0.0062968
5,0.0099278,0.0029469,0.00055841,0.0004313,0.00036838,0.00034735,0.00069807,0.0035945,0.094357,0.0093022,0.0063746,0.024338,0.0074226,0.0002168,0.00023066,6.6117e-05,3.2675e-05,0.00016102,0.00019401,0.00060049,0.0011446,0.0024118,0.014323,0.073531,0.061545,0.035342,0.0024069,0.00042134,0.0014276,0.0048964,0.022958
5,0.062585,0.016657,0.0083928,0.0086715,0.0038057,0.0041491,0.0047084,0.011633,0.018801,0.060695,0.031279,0.0039424,0.00033472,0.00015795,0.0001346,0.00055327,0.00055677,0.0010465,0.0034391,0.0028109,0.013529,0.01505,0.032445,0.049445,0.17233,0.18359,0.16244,0.2142,0.19526,0.038613,0.061209,0.049615,0.049887,0.074318,0.049555,0.36497,0.13398,0.12928,0.086381,0.02974,0.015689,0.023446,0.015687,0.017105,0.0068751,0.0025454,0.0041055,0.0029259,0.0034211,0.002482,0.0037111,0.0095852,0.0078543,0.0081863,0.023323,0.027924
5,0.0077496,0.00049509,0.00019614,0.0003193,0.0003267,0.00028333,0.00023048,0.00025604,0.00051491,0.0015496,0.010256,0.008439,0.0080748,0.0014533,0.0022205,0.00097001,0.00062881,0.0010768,0.0018904,0.0040194,0.0062008,0.0052723,0.010389,0.0093108,0.0064744,0.0047057,0.0049798,0.031399,0.030973,0.022421,0.25472,0.060912,0.011696,0.0075139,0.0053815,0.0016967,0.00076076,0.0074924,0.0066621,0.0049645,0.0069998,0.034627,0.061067,0.032567,0.030768,0.02755
5,0.0050788,0.00035805,0.00054141,0.00050106,0.0017715,0.00085196,0.0022238,0.0030019,0.0023168,0.0012218,0.00031957,0.010985,0.01083,0.021408,0.053116,0.11368,0.00093575,0.00087515,0.00079792,0.00087411,0.0011247,0.0032744,0.0030118,0.0040899,0.020227,0.0316,0.032603
5,0.0019282,0.0014237,0.0023687,0.0010432,0.0007307,0.00074574,0.0010913,0.00053476,0.0020953,0.0031169,0.0091076,0.023984,0.0054381,0.0076615,0.0056605,0.0019513,0.0055902,0.0088867,0.0048963,0.0023387,0.002529,0.0017447,0.00016851,0.00018502,0.00037818,0.0009568,0.0016189,0.0023258,0.0023836,0.0020397,0.0029532,0.0063104
5,0.018391,0.0016808,0.0077063,0.0061675,0.0094551,0.010474,0.028918,0.026333,0.048109,0.061434,0.025615,0.010708,0.0040772,0.0034045,0.0059508,0.013707,0.017345,0.011818,0.0074543,0.0034117,0.0027764,0.0018607,0.0013825,0.013501,0.020516,0.011074,0.0084037,0.0085117,0.0082549
6,0.0028572,0.00034501,0.00056987,0.00034485,0.00021215,0.00038114,0.00021482,0.00018332,0.0014088,0.0027426,0.061711,0.058838,0.052289,0.068325,0.026669,0.028035
6,0.17123,0.11235,0.14511,0.036615,0.0072801,0.010747,0.024944,0.054561,0.054872,0.064983,0.025937,0.08209,0.045276,0.061372,0.068142,0.039911,0.02785,0.02618,0.00307
6,0.0060773,0.0011002,0.00069925,0.00048978,0.00017193,0.00040898,0.00063215,0.0012683,0.0023805,0.008647,0.032892,0.014948,0.03841,0.0089856,0.050963
6,0.12889,0.078715,0.091171,0.0088908,0.0066158,0.0017276,0.003331,0.0034031,0.091847,0.14815,0.1752,0.17255,0.13243,0.0081079,0.0045327,0.014186,0.013224
6,0.31177,0.11836,0.090999,0.04254,0.021911,0.19259,0.33314,0.37713,0.3103,0.45096,0.31992,0.1188,0.01745,0.035011,0.04168,0.013552
6,0.15662,0.044382,0.049527,0.031036,0.0073584,0.014236,0.11915,0.525,0.6941,0.77146,0.6944,0.044727,0.018779,0.015461,0.021596,0.0074546
6,0.030165,0.00275,0.0011602,0.0018397,0.0047161,0.0037152,0.0033563,0.0011496,0.00036186,0.0013569,0.0015245,0.00079634,0.0097756,0.035509,0.02824,0.039489
6,0.068332,0.034037,0.027127,0.017172,0.0035986,0.0097275,0.24402,0.54419,0.6964,0.79944,0.85913,0.34434,0.095576,0.033338,0.030557,0.022448,0.0537
6,0.001291,0.00017302,0.00039927,0.00045936,0.0056272,0.0081507,0.0095535,0.014197,0.0062124,0.00079705,0.00050352,0.0043966,0.00016043
6,0.0058103,0.0034006,0.00094048,0.00060792,0.00055162,0.0015873,0.0033742,0.020428,0.020419,0.022096,0.027735,0.015541,0.0088143,0.0084816,0.017088
6,0.023349,0.0097282,0.020222,0.018378,0.0098341,0.010966,0.015723,0.042902,0.060842,0.060649,0.082386,0.037815,0.02796,0.037849,0.035218,0.027724
6,0.081217,0.016294,0.009815,0.0041011,0.0020303,0.003376,0.0022869,0.0026767,0.0024533,0.0020503,0.0020726,0.0014566,0.002354,0.001311,0.0026313,0.0060339
6,0.031215,0.013495,0.016688,0.015008,0.0078075,0.010508,0.0090853,0.018478,0.011211,0.017547,0.038948,0.025805,0.024131,0.015391,0.020984
6,0.021417,0.011269,0.034707,0.035698,0.027514,0.040772,0.016422,0.017961,0.0064918,0.0010872,0.0054303,0.016271,0.040205,0.087157,0.074648,0.03555,0.021384,0.0046829,0.0037146,0.0091502,0.0051418,0.0056238,0.0036489,0.0020378,0.0027322,0.0044878,0.0088562,0.016457,0.013455,0.028264,0.050978
6,0.026992,0.012228,0.0095978,0.0056073,0.0054574,0.0045773,0.006423,0.0047418,0.014336,0.0022775,0.0021463,0.0039774,0.0076502,0.0023071,0.0018297,0.0019311,0.0017512,0.0011378,0.0011254,0.003697,0.0062064,0.0046588,0.018031,0.013136,0.14777,0.049541
6,0.051099,0.015713,0.018871,0.01399,0.0037798,0.0024484,0.0017512,0.0015294,0.0010268,0.0017164,0.00057335,0.0010141,0.0014333,0.0011803,0.0015034,0.0010754,0.00051422,0.00028032,0.00016954,0.00029864,0.00091512,0.0011267,0.0099898,0.022173,0.056778,0.060591,0.066267,0.037725
6,0.11447,0.017767,0.038948,0.037763,0.015687,0.0041706,0.021029,0.014942,0.0095946,0.0054063,0.0027555,0.0099619,0.006604,0.017923,0.01792,0.021472,0.013349,0.012646,0.011492,0.0064201,0.0037779,0.00069229,0.00045678,0.00070805,0.00057648,0.00038787,0.00056268,0.001261,0.0037663,0.0027433,0.098109,0.032431,0.013509
6,0.017862,0.020407,0.014043,0.012838,0.012791,0.034648,0.027657,0.025781,0.0092099,0.0036515,0.0039508,0.0037205,0.0025966,0.0034658,0.0037695,0.0067739,0.010753,0.02979,0.042047,0.065847,0.046079,0.020645,0.014025,0.0074806,0.006469,0.0054952,0.0053124,0.018157,0.01852,0.04694
6,0.031288,0.0045921,0.0015922,0.00098164,0.00063455,0.00014761,8.7546e-05,0.00012596,0.00013715,0.00049318,0.00046336,0.0039603,0.0050144,0.0041172,0.010719,0.0089428
6,0.074091,0.0093502,0.031151,0.037029,0.023225,0.017658,0.015335,0.017389,0.023138,0.012909,0.06419,0.11639,0.226,0.24751,0.17491,0.042004,0.015406,0.046587,0.0172
6,0.0031102,0.0010495,0.001023,0.0010431,0.0013721,0.0015676,0.0038953,0.04122,0.022903,0.037325,0.024605,0.023834,0.002208,0.0019821,0.0017142
6,0.017179,0.0091222,0.0055325,0.0030187,0.00077133,0.00029436,0.00011234,0.00010619,0.00023401,0.001052,0.0069549,0.013988,0.028552,0.029444,0.044999,0.026644
6,0.021313,0.010941,0.021755,0.021841,0.058315,0.041452,0.036705,0.015069,0.01284,0.0077989,0.0051476,0.0090992,0.028725,0.02857,0.032672,0.017012,0.017142,0.023317,0.021526,0.030415,0.11765,0.04126,0.029712,0.010284,0.0026112,0.0023004,0.0029452
6,0.044714,0.0050682,0.0030662,0.010579,0.00038215,0.00020208,0.00031305,0.00041579,6.4456e-05,0.00043061,0.00018409,0.00018558,0.00014063,0.00019503,0.00031694,0.00096884,0.0010473,0.0048992,0.0014352,0.014576,0.0039336
6,0.0063875,0.0085571,0.026075,0.019599,0.014733,0.03122,0.029005,0.018637,0.025652,0.011955,0.022152,0.014698,0.01154,0.025572,0.008105,0.012595,0.026532,0.023305,0.032219,0.027757,0.050679
6,0.018236,0.0037118,0.0011316,0.0019224,0.0033366,0.003289,0.0041063,0.0021409,0.002183,0.00075466,0.00018174,0.0003136,0.00060582,0.00052711,0.0016272,0.0070307,0.010861,0.013588,0.017572,0.004782,0.003947,0.0022805,0.019618
6,0.033323,0.0068914,0.0099188,0.0095309,0.0015081,0.0019554,0.0014818,0.00061187,0.00038918,0.0034257,0.013765,0.00639,0.0051468,0.0039147,0.00079786,0.00040062,0.00056292,0.0010574,0.00094942,0.0023208,0.0014802,0.0003886,0.0002044,0.00030906,0.00013638,0.00028732,0.0018829,0.021976,0.011243,0.017169,0.020832
6,0.03241,0.0069013,0.0072569,0.0046287,0.0014439,0.00070484,0.0023188,0.0020246,0.004327,0.017037,0.003576,0.00083314,0.00081728,0.00064099,0.00054068,0.0010379,0.00018155,0.00036357,0.00020464,0.00037879,0.0020256,0.0040468,0.016189,0.0031861,0.036421
6,0.045729,0.031761,0.019662,0.015412,0.006295,0.0074225,0.0026833,0.0027455,0.0061785,0.011744,0.020338,0.037301,0.016469,0.016238,0.016822,0.0090411,0.00073124,0.0009136,0.00049347,0.00065953,0.00035489,0.00083335,0.0016263,0.013147,0.0092184
6,0.001936,0.0001664,0.0001715,0.00010688,0.0002581,0.00012969,0.00054942,0.0010151,0.00086278,0.0025256,0.0036386,0.0019451,0.0013814,0.0027744,0.0090799,0.0016343,0.0017,0.0013301,0.0018324,0.00017621,0.00021138,0.00063165,0.00092487
6,0.0032966,0.0005798,0.00067292,0.00049393,0.00027036,0.00012142,9.6758e-05,0.00013919,0.0004869,0.0011942,0.0024285,0.0020824,0.00073003,0.00064736,0.0013798,0.001202,0.0054625,0.017034,0.010448,0.014159,0.025768,0.0032344,0.0011451,0.001702,0.0015612,0.00079389,0.0008435,0.0032815,0.0010517,0.0016333,0.010419,0.020935,0.031245
6,0.054443,0.026104,0.036069,0.11057,0.085944,0.091911,0.18512,0.042774,0.046711,0.032584,0.013289,0.027449,0.01161,0.0036319,0.0019439,0.0014419,0.0021839,0.0015844,0.23403,0.41292,0.75148,0.89991,0.879,0.24672,0.062263,0.037322,0.016228,0.0071411,0.0037984,0.0065198,0.010749,0.015135
6,0.026988,0.013475,0.0071187,0.00015333,0.00010788,0.00030543,0.00015679,0.00019751,0.00053184,0.00035699,7.1983e-05,0.00054596,0.0019362,0.0021425,0.003277,0.017951,0.0083982,0.0015735,0.000986,0.0013062,0.00070228,0.0006662,0.0010102,0.0033503,0.0057948,0.021685,0.016145
6,0.012417,0.0028946,0.0030801,0.0074287,0.0077128,0.0022942,0.015218,0.011671,0.0099793,0.012528,0.0072754,0.0029672,0.0045264,0.0063845,0.016775,0.021375,0.017627,0.0075315,0.0063602,0.0030867,0.0030151,0.0027663,0.0081658,0.0051883,0.0077101
6,0.0018636,0.0032774,0.0016813,0.0021824,0.0023483,0.0016918,0.0012221,0.0055297,0.0084949,0.0059437,0.010882,0.0017331,0.00033963,0.0006981,0.00098987,0.00022214,0.0030078,0.0036263,0.0076839,0.0304
6,0.011502,0.0020632,0.007183,0.020958,0.042302,0.057779,0.064369,0.049154,0.059506,0.030525,0.0064364,0.0050345,0.013612,0.0061604,0.0045953,0.004702,0.0089277,0.0058909,0.0047631,0.0034963,0.003577,0.0086252,0.0048599,0.016832,0.017288,0.034058,0.038093,0.013612
6,0.098692,0.051556,0.018785,0.021354,0.023322,0.018324,0.050531,0.0314,0.02728,0.0085318,0.0070743,0.0034018,0.010402,0.017882,0.02918,0.041818,0.51758,0.53245,0.59054,0.16573,0.1501,0.0026969,0.0040387,0.0088921,0.018337,0.014908,0.043811
6,0.086565,0.047978,0.029125,0.0054257,0.0040786,0.0081922,0.014235,0.075374,0.25564,0.46382,0.59682,0.15116,0.02972,0.011686,0.0089117,0.0047192,0.0032344,0.0020369,0.0047394,0.027411,0.059538,0.052211,0.043036,0.029121,0.11517,0.091426,0.061991,0.053761,0.014236
6,0.079501,0.026392,0.068492,0.080515,0.073183,0.055469,0.066015,0.011374,0.013691,0.0073996,0.02638,0.024659,0.017456,0.0091789,0.010693,0.0098737,0.0093893,0.012658,0.0034219,0.0032189,0.004945
6,0.00040103,4.0683e-05,2.8441e-05,5.4968e-05,8.0906e-05,0.00014879,0.00035947,0.0023365,0.0049893,0.016692,0.0040822,0.0010014,0.00085498,0.00084499,0.00061098,4.5195e-05,5.3537e-05,5.2983e-05,0.00035779,0.0010624,0.0035323,0.0061344,0.012825,0.037046,0.0065361
6,0.0005143,8.1353e-05,7.6128e-05,7.1743e-05,4.8641e-05,9.8726e-05,9.6356e-05,0.00017579,0.00043352,0.0030908,0.0041169,0.013844,0.015295,0.043876,0.036032,0.0007081,0.0009397,0.0018028,0.0009152,0.00019207,7.8666e-05,8.572e-05,4.3923e-05,0.00019732,0.00082538,0.0023041,0.003453,0.01123,0.0071746,0.027935
7,8.6065e-05,4.9078e-05,3.0879e-05,3.3973e-05,2.5755e-05,7.7412e-05,0.0001729,0.00020266,6.0307e-05,0.00024823,0.00063441,0.00077406,0.012133,0.036333,0.057475,0.044187,0.063313,0.0084568,0.023502
7,0.0017683,0.00063003,0.00014709,7.6514e-05,9.9975e-05,0.00013021,0.00025381,0.00079987,0.0008992,0.00083918,0.00033588,0.00054805,0.0011462,0.0042489,0.0077671,0.0042168,0.0076057,0.015439,0.0070238,0.0029287
7,0.18609,0.061684,0.043796,0.057795,0.024412,0.0027517,0.0037592,0.0078661,0.0044672,0.0026447,0.0036726,0.0035613,0.0061057,0.0095726,0.0082847,0.010426,0.011935,0.0091568,0.0086788,0.046619,0.03567
7,0.0010213,3.1661e-05,1.3675e-05,7.0952e-06,7.5741e-06,8.6681e-06,7.9637e-06,2.8314e-05,0.00020784,0.00022577,0.0004363,0.0026095,0.023726,0.072474,0.055995,0.0050857,0.018292,0.045921,0.015351,0.028748,0.012733
7,0.035322,0.0021726,0.0025817,0.0030363,0.0039193,0.0043185,0.0050131,0.0029639,0.012609,0.025799,0.070148,0.036735,0.020729,0.011529,0.00056355,0.00047051,0.00041391,0.00025989
7,0.0011818,0.00025858,0.00022951,9.7847e-05,0.00011826,0.00027779,0.00062657,0.0018502,0.0011335,0.0020017,0.00119,0.00060874,0.0004864,0.0020321,0.0047916,0.016026
7,0.023709,0.00081915,0.00031033,7.928e-05,5.3754e-05,0.00013708,0.00020526,0.00036323,0.0021712,0.0066607,0.0099814,0.0099646,0.0057652,0.0016589,0.001004,0.0019467,0.0061605,0.020651
7,0.00021859,0.00014787,2.9452e-05,1.2114e-05,6.1786e-06,5.5588e-06,1.6661e-05,5.6375e-05,0.00022999,0.00063339,0.0028348,0.0038294,0.0043938,0.00085514,0.0026257,0.0038039
7,0.01067,0.0010915,0.0014816,0.0010823,0.00078012,0.0030675,0.0018673,0.0017797,0.0022375,0.0013642,0.0010064,0.00086304,0.00064209,0.00087205,0.0021818,0.0059603,0.0046043,0.0029149,0.0011664,0.0030278,0.0016808
7,0.020322,0.01004,0.0055059,0.0012365,0.0013152,0.001047,0.00077937,0.0030244,0.0021338,0.0015151,0.0017292,0.0020024,0.0023766,0.0025501,0.0032113,0.0021315,0.0021902,0.0035005,0.0036377,0.0036325,0.005638,0.0057117,0.0045068
7,0.0045731,0.0020042,0.0030107,0.0043946,0.0045315,0.0067832,0.0067082,0.0046711,0.0042184,0.0026056,0.0042736,0.0079445,0.0031115,0.0038249,0.0047972,0.0048569,0.0037952,0.0075918,0.0090474,0.0075098
7,0.016866,0.0057996,0.014596,0.013605,0.0036688,0.0040067,0.0052499,0.0079817,0.0075052,0.016043,0.012532,0.014547,0.0080793,0.011016,0.0072778,0.011521,0.020458,0.024689,0.023736,0.0019383,0.0010486,0.0021683,0.0032337,0.0064839,0.018677,0.025611,0.031189,0.021972,0.0042185,0.0027522,0.0036015,0.0049365,0.0046426,0.0093745,0.0091733,0.018583,0.04975,0.014561,0.0096158
7,0.088514,0.0037479,0.0027582,0.0030122,0.0035331,0.0053869,0.0027302,0.0023646,0.00505,0.014295,0.029164,0.016327,0.012335,0.004183,0.0033186,0.0034191,0.0054316,0.0055712,0.0077141,0.0070706,0.010622,0.0062737,0.0052711,0.0013138,0.0024982,0.0029569,0.003333,0.005402,0.0078454,0.0087193,0.0039239,0.011819,0.015532,0.025974,0.020918,0.038226,0.031046,0.027178,0.02251,0.066487,0.015035,0.020251
7,0.0023105,0.00048646,0.00036225,0.00022027,0.0002925,0.00033127,0.00022321,0.0010666,0.010481,0.0096267,0.0047706,0.018682,0.0031289,0.00039815,0.003096,0.0014107,0.0016553,0.00182,0.0012364,0.00052155,0.00038879,0.00048636,0.00081361,0.0019618,0.0019963,0.0012729,0.00052055,0.00087202,0.00048939,0.00076083,0.00063697,0.00076792,0.0005079,0.0013231,0.0092891,0.013815,0.031325,0.022157,0.021292,0.021738,0.0098614
7,0.055887,0.021202,0.021992,0.004772,0.0020731,0.0011201,0.0018071,0.0028349,0.0016307,0.0026907,0.00083851,0.00079669,0.0010634,0.0012498,0.0014397,0.0031072,0.0058247,0.0040627,0.0017534,0.0015012,0.0014372,0.0016523,0.0030731,0.0023946,0.0046117,0.01215,0.012584,0.014306,0.034106,0.034792,0.022204,0.027234,0.018196,0.014891
7,0.00051908,0.00039491,0.00025293,0.00021664,0.00020036,0.00025557,0.00093117,0.0022332,0.0025919,0.0018644,0.0020929,0.0010259,0.00093332,0.00090695,0.0010983,0.0014265,0.0019479,0.0018148,0.0026174,0.0022525,0.0019727,0.0036936,0.002763,0.0018317,0.0071766,0.005962,0.0090962,0.0076413,0.029406,0.027613,0.019981,0.028461,0.020708
7,0.00011664,1.9301e-05,9.9405e-05,5.6469e-05,6.6723e-05,3.0219e-05,0.00012858,2.7087e-06,0.0001115,0.00026424,0.00024347,0.00036539,0.00037874,0.00050939,0.00086227,0.00065837,0.0005993,0.0011096,0.00094371,0.00048611,0.0017288,0.002966,0.0048686,0.0022011
7,0.00031492,2.7048e-05,1.1032e-05,5.8889e-05,8.0236e-05,4.2318e-05,0.00017594,0.0013262,0.00016865,0.00056607,0.001165,0.00099775,0.0019655,0.0042076,0.004986,0.0042279,0.0047748,0.0044461,0.0045644,0.0034714,0.0021654,0.0046158,0.0030784,0.0056113,0.0071107,0.026923
7,0.0048872,0.00098967,0.00021572,0.00016548,0.00021838,0.00025341,0.00017783,3.3007e-05,5.0992e-05,4.7882e-05,4.0296e-05,8.8316e-05,0.00046268,0.00088039,0.0015875,0.0034253,0.0098667,0.0092172,0.0070371,0.025487
7,0.0018376,0.0001676,0.00011129,0.00013129,0.00010276,0.0002141,0.00038512,0.00060844,0.00049428,0.00046169,0.0027108,0.0030104,0.00078918,0.00097242,0.0020261,0.0023704,0.0036713,0.0014238,0.001288,0.0012513,0.00073494,0.0016011,0.0052989,0.0046456
7,0.00047073,2.7396e-05,1.8338e-05,1.5106e-05,3.3343e-05,0.00037985,0.00034056,6.6005e-05,0.0002571,0.00044536,0.0013309,0.001658,0.002242,0.0019432,0.0026112,0.0036707,0.0060791,0.0010679,0.003339,0.0021479,0.003264,0.0037336,0.0046654
7,6.0344e-05,5.173e-05,7.2578e-05,7.0426e-05,9.5502e-05,6.7996e-05,0.00015856,0.00041734,0.00031674,0.00072903,0.0018348,0.0035226,0.0052873,0.011065,0.0073781,0.0077114,0.0063683,0.005985
7,0.00081564,0.00031453,0.00028803,0.00019563,0.00040886,0.0006189,0.00047223,0.00073362,0.00046883,0.00058053,0.00021963,0.00033497,0.00092739,0.00023428,0.00021257,0.00055805,0.00081455,0.0011306,0.0013239,0.0053879,0.0094174,0.0080862,0.056438,0.066542,0.010542,0.0089764,0.01805,0.0088585,0.0036695
7,0.0071406,0.00065837,0.00041128,0.00024276,7.5141e-05,0.00019709,0.0019739,0.0018937,0.0027062,0.0026918,0.0015802,0.0011745,0.00085266,0.0016052,0.00033089,0.00015868,0.0002222,0.00017074,0.00029342,0.00034855,0.00063267,0.00066516,0.0020171,0.022567,0.089806,0.11936,0.095856,0.024872,0.0025886,0.0025926,0.0028427,0.0036137,0.0075449,0.0095836,0.0045676
7,0.00010783,0.00010971,9.0241e-05,0.0001221,0.00032482,0.00063483,0.00029654,0.00058705,0.00022169,0.00017816,0.0003677,0.0007462,0.00075345,0.0012012,0.0019183,0.0028596,0.01235,0.01441,0.076722,0.0099901,0.039043
7,0.00020529,3.8899e-05,1.6942e-05,1.7457e-05,4.455e-06,8.231e-06,2.4555e-05,2.659e-05,4.3917e-05,6.103e-05,8.7988e-05,5.2603e-05,0.00070765,0.00050701,0.00025969,0.00047338,0.00040136,0.00015525,0.00024018,0.00039656,0.00042926,0.00094499,0.0084792,0.0029774,0.0064726,0.0087316,0.013858,0.024617
7,0.010466,0.0018877,0.00084623,0.00035584,0.00078537,0.0021547,0.010742,0.012091,0.010338,0.013281,0.0036787,0.0020627,0.0008562,0.0019,0.0014686,0.0032579,0.0069673,0.0058492,0.010518,0.024706,0.020913,0.017307,0.0064386,0.0077746,0.010188,0.014466,0.014535
7,0.011959,0.0017989,0.0046264,0.0027894,0.0024009,0.0039957,0.0028232,0.00087117,0.00020882,0.00011659,0.0001404,0.00083619,0.0012873,0.0033979,0.0011711,0.0015835,0.0018698,0.0024588,0.0027586,0.0035613,0.0053282,0.0066109,0.0055108,0.0026134,0.0037161,0.001896,0.0037401,0.0029483,0.003214,0.0046646,0.0088088,0.0070743,0.009667,0.0045009,0.011046
7,0.048718,0.009018,0.0093196,0.005665,0.0098089,0.0063747,0.010805,0.0028732,0.003908,0.010071,0.0076768,0.017334,0.037688,0.024892,0.0065556,0.011346,0.011583,0.0087404,0.013469,0.021076,0.026421,0.034169,0.050492,0.0098598,0.013122,0.011417,0.0076603,0.0075192,0.007381,0.0069255,0.017819,0.024121,0.0067326,0.0017828,0.0009832
7,0.0087467,0.002558,0.0019046,0.0020131,0.00149,0.00011273,3.5089e-05,2.1382e-05,5.2945e-05,0.000139,0.00031052,0.00043245,0.0002428,0.00021708,0.00017011,0.00017425,0.00035245,0.00022457,0.00011588,0.00026338,0.00035076,0.0012686,0.002865,0.0059678,0.0049954,0.0072357,0.0090752
7,0.0034177,0.00057438,0.00056607,0.00023892,0.00024666,0.0016883,0.00089347,0.00090453,0.00065782,0.00222,0.0039422,0.013685,0.0095812,0.014557,0.0014318,0.0028453,0.0035632,0.0020444,0.0037855,0.0044071,0.0062819,0.005595,0.0085859,0.0061851,0.013636,0.012164,0.0017175,0.0026459,0.0027666,0.0021767,0.0013713,0.0020744,0.001475,0.0025859,0.0043748,0.0090969,0.015473,0.0043912
7,0.022161,0.0018569,0.00038272,0.00059328,0.0010377,0.00096468,0.0013106,0.00090333,0.00070633,0.0005776,0.00076749,0.00064855,0.0003976,0.00059211,0.000705,0.0011828,0.0010916,0.00081401,0.00094174,0.0011872,0.0013779,0.0014291,0.0007878,0.0014786,0.0020961,0.0039504,0.0034802,0.0036006,0.0026552,0.002384,0.0045976,0.0068709,0.0073959,0.014061,0.064775,0.02874,0.021759,0.052495,0.012871
7,0.034648,0.0012665,0.00079772,0.0007517,0.0010248,0.0012412,0.0025991,0.0027862,0.0041982,0.016119,0.017793,0.011966,0.0089224,0.0058639,0.011831,0.011811,0.0065267,0.0042157,0.0067951,0.0086748,0.0051954,0.01099,0.004586,0.0044035,0.0040989,0.0066415,0.005161,0.0036448,0.015295,0.013785,0.0092332,0.0073629,0.0069576,0.0064983,0.0045196,0.0039867,0.01283,0.063759,0.032842,0.0079722
7,0.0008217,4.8056e-05,3.7238e-05,0.00012327,0.00021867,0.00017932,0.0008546,0.00032576,0.00085548,0.00053107,0.0013507,0.0022048,0.0025126,0.0013656,0.0013847,0.0013831,0.00088813,0.00047096,0.00052582,0.00073524,0.0009576,0.0016845,0.0016512,0.0016326,0.0024208,0.0010264,0.0012236,0.0011552,0.0011876,0.0016852,0.0032133,0.0077524,0.0057263,0.0089785,0.014332,0.031421,0.017239,0.0078312,0.0032436
7,0.0019428,6.1116e-05,5.0884e-05,8.2972e-05,0.00047602,0.00071445,0.0013331,0.0017564,0.00035927,0.00010663,4.0762e-05,0.00025611,0.0014474,0.0034459,0.0047774,0.0026938,0.0020523,0.00034358,0.00036471,0.00034729,0.00042126,0.00036404,0.00055969,0.00068072,0.00064295,0.0012562,0.00070214,0.00081437,0.0011311,0.00129,0.0016365,0.002067,0.0024004,0.0070405,0.0035091,0.0062949,0.010035,0.016884,0.014234,0.016521,0.030576,0.023944,0.070274,0.034741,0.011994,0.0077158
7,0.010724,0.0013858,0.00075567,0.00096679,0.00064371,0.0012722,0.0020114,0.00089792,0.00089589,0.00086655,0.0016155,0.0028296,0.0064046,0.014742,0.012423,0.0089049,0.0046242,0.0022728,0.00095249,0.00050909,0.00026797,0.00035517,0.00046599,0.00091395,0.0033868,0.0014519,0.0018569,0.002652,0.0035471,0.04742,0.040968,0.041765,0.062456,0.060194,0.0030446,0.0052877,0.012331,0.013007,0.021307,0.018971,0.037976,0.064055,0.026714,0.027178,0.0035551
7,0.0070743,0.00047769,0.00088839,0.00099696,0.0050311,0.015117,0.030696,0.049519,0.057516,0.025656,0.0036818,0.00094798,0.0010206,0.00078774,0.0011584,0.0027783,0.0042958,0.0074888,0.0054686,0.0067612,0.0052153,0.0096382,0.032882,0.015628,0.022591,0.019219,0.016351,0.013491,0.01064,0.017412,0.0084872
7,0.010399,0.00044442,0.00032736,0.0011701,0.0011408,0.0015789,0.0030291,0.0025197,0.0017549,0.0011037,0.0010176,0.0012003,0.0017651,0.002512,0.0024487,0.0021639,0.0012885,0.0014892,0.0021727,0.0015315,0.0023243,0.0038228,0.0063669,0.0081694,0.0062667,0.0037972
7,0.01458,0.0091017,0.00032871,0.00035124,0.00030498,0.00063559,0.00016261,0.00054705,0.0013546,0.0023382,0.0017374,0.00026373,0.00025065,0.00013456,0.00024745,0.00042452,0.00052521,0.00049942,0.00071764,0.0007695,0.0012138,0.0034395,0.0015611,0.0054866,0.0045478,0.0086114,0.01273,0.01362,0.018091,0.078406
7,0.0011906,0.00010674,0.00018954,0.00015963,0.00040264,0.0015642,0.0080418,0.0037687,0.0063575,0.010643,0.006167,0.0033203,0.00018881,5.9895e-05,4.3543e-05,3.9116e-05,2.7059e-05,0.0013841,0.015666,0.037747,0.098036,0.27605,0.0030863,0.0011264,0.0048639,0.01079,0.0080396,0.011936,0.0066246,0.0024484,0.0033646,0.0046413,0.0049922,0.0024737,0.0051919,0.0044665,0.0053992,0.01389,0.0050101
7,0.00054859,9.19e-05,3.8217e-05,3.2782e-05,0.00010355,0.0012065,0.0022148,0.0013512,0.0024685,0.0020303,0.0011688,0.0012446,0.00061603,0.00018458,0.00020255,0.00027299,0.00021697,0.00026948,0.00018073,0.00031554,0.00068887,0.0031496,0.0019966,0.0026732,0.0031738,0.0049399,0.0026021,0.0032922,0.0053785,0.023069,0.015574,0.01859,0.029367,0.013956
7,0.0072305,0.00013066,0.00018198,0.00022343,0.0011733,0.0062875,0.0087564,0.023586,0.039007,0.054293,0.0066254,0.0017983,0.0019031,0.0011271,0.003113,0.0047856,0.0066817,0.0069375,0.013128,0.00098312,0.0011664,0.0010128,0.001158,0.0011194,0.001849,0.0026814,0.0030289,0.0014975
7,0.0015167,0.00012569,7.7103e-05,9.8275e-05,0.00011745,0.00016292,0.00079344,0.0012829,0.0026712,0.00030865,0.00063016,0.0018407,0.0010903,0.0021636,0.0020139,0.001097,0.0019912,0.0028263,0.0044563,0.0054565,0.0053566,0.0078438,0.0029737,0.0048798
7,0.0010653,0.00012639,8.2232e-05,9.776e-05,0.00014998,0.00022084,0.0003834,0.00054891,0.00032913,8.0969e-05,0.00021766,0.00028498,0.0003867,0.00060085,0.00072559,0.00068521,0.0029588,0.011951,0.014338,0.021195,0.030419,0.012823,0.0072453
7,0.00024588,2.7204e-05,1.3692e-05,1.3849e-05,2.9574e-05,7.3397e-05,0.00011338,0.00016093,0.0002082,0.00068208,0.0001377,0.00022843,0.00025268,0.0014486,0.0047228,0.036126,0.0003503,0.00027553,0.00033047,0.00065082,0.00023343,0.00013071,0.00010087,0.000129,0.00012462,0.00018395,0.00064101,0.00097776,0.0015635,0.0021839,0.0025022,0.0095327,0.017294,0.02015
7,0.010831,0.0036044,0.0030547,0.00486,0.012823,0.01137,0.021178,0.023007,0.015487,0.0041336,0.0033792,0.0045166,0.0022287,0.003615,0.0056572,0.0078655,0.0046079,0.0014573,0.0012707,0.0015089,0.0005923,0.0014367,0.0018963,0.0023766,0.0012785,0.0012305,0.00092206,0.0010245,0.00065442,0.0047222,0.024692
