1,0.012433,0.0036543,0.019813,0.023044,0.24461,0.29889,0.097571,0.11448,0.079698,0.053189,0.060719,0.040244,0.017496,0.047084,0.026152,0.041728,0.026924,0.010534,0.0080493
1,0.00061256,0.00012964,0.00011207,0.00015284,0.00024634,0.0013309,0.00055687,0.0003673,0.00013453,0.00019854,8.1158e-05,0.00013359,0.0025522,0.0011713,0.00042251,0.010018,0.060221,0.035695,0.00094456
1,0.0010538,0.00027441,0.011242,0.062067,0.24618,0.1423,0.19217,0.23812,0.20409,0.11475,0.060239,0.049628,0.093996,0.19144,0.18789,0.23884,0.22777,0.044906,0.0057829
1,0.0061512,0.012528,0.097341,0.096824,0.032408,0.016093,0.014189,0.058241,0.079773,0.13571,0.080734,0.059784,0.01271,0.0076448,0.00066212,0.00013405,0.0072033,0.0091605,0.0053927,0.040704,0.042395,0.012654,0.025143
1,0.0001171,2.0806e-05,2.5959e-05,1.4884e-05,0.0017024,0.00072887,0.00055029,0.00059558,0.00017184,0.00016879,6.204e-05,4.3247e-05,7.3605e-05,0.0050347,0.0095993,0.021351,0.11816,0.26531,0.052698
1,0.0055796,0.0014162,0.001545,0.00096793,0.0014519,0.0013025,0.001633,0.0027088,0.0084974,0.025912,0.027368,0.13106,0.29499,0.26499,0.065285,0.0094212
1,3.4559e-05,6.6237e-06,0.00023271,0.0041102,0.0035655,0.0086161,0.0025565,0.00076314,0.0021723,0.0022807,0.0088245,0.0030218,0.012619,0.02154,0.028954,0.068793,0.03995,0.032983,0.038239,0.055332,0.013526
1,0.00038495,1.8858e-05,0.00017502,0.0018869,0.0058413,0.0005247,0.00089568,0.0014972,0.0011717,0.0026439,0.001843,0.005332,0.0071003,0.034393,0.077004,0.025469,0.015972,0.028414,0.04005,0.014276
1,0.0028682,2.0016e-05,0.0097738,0.013589,0.058972,0.03585,0.099744,0.029698,0.047114,0.051884,0.067667,0.083825,0.17653,0.40932,0.30986,0.15506,0.034379
1,5.1188e-05,4.791e-05,0.00012244,0.00039105,0.0019947,0.0088517,0.0057085,0.006417,0.029048,0.021951,0.026838,0.026266,0.022746,0.0094281,0.014413,0.10779,0.1124,0.02769
1,0.0008464,0.00042987,0.00065505,0.00094186,0.0011493,0.010395,0.019068,0.010912,0.035461,0.18631,0.15136,0.065144,0.021232,0.01622,0.056893,0.044197,0.014451
1,0.00026756,0.00018085,0.00019093,0.0015615,0.027939,0.026188,0.016091,0.0055125,0.0036968,0.0018921,0.00082095,0.005238,0.051692,0.059665,0.067487
1,0.0023658,0.0024383,0.0043114,0.0088082,0.015449,0.01087,0.0088421,0.010735,0.012995,0.021208,0.013111,0.0097027,0.022697,0.10514,0.0026525,0.0039337
1,0.012897,0.0024848,0.0018085,0.0041536,0.057669,0.25135,0.26728,0.083704,0.13712,0.12956,0.25519,0.30608,0.1838,0.14824,0.18317,0.5396,0.31141,0.009641
1,0.0054805,0.0011987,0.0037062,0.0033194,0.0096421,0.018946,0.070527,0.062436,0.078015,0.025913,0.018296,0.012657,0.043525,0.045486,0.030054,0.011716,0.0095297,0.0054375,0.12088,0.093564,0.15548,0.22281,0.21016,0.057752,0.019059,0.017069,0.015961,0.019909,0.028039,0.036439,0.032265,0.027778
1,0.0034529,0.001262,0.0012373,0.0005496,0.016026,0.073105,0.16874,0.25484,0.15079,0.086182,0.037867,0.039887,0.037519,0.00654,0.013875,0.0047287,0.0081528,0.021721,0.4279,0.22995,0.24027,0.060417,0.058681,0.016272,0.037234,0.027356,0.032199,0.049381,0.064194,0.074896,0.047381
1,0.013565,0.019569,0.00069563,0.00033418,0.00012688,3.9023e-05,1.13e-05,0.044141,0.10456,0.063181,0.020458,0.02019,0.0088244,0.0051214,0.0085875,0.0024823,0.0016271,0.0013554,0.018507,0.073844,0.018109,0.0025276
1,0.012084,0.0017614,0.0020199,0.0013976,5.058e-05,8.2316e-05,2.6782e-05,0.00018642,0.00012286,0.001375,0.0070801,0.0086944,0.0048682,0.0027738,0.001721,0.0033473,0.0018686,0.0019158,0.0018856,0.0033511,0.0026049,0.0054218,0.053516,0.029315,0.0030976
1,0.0035684,0.0037669,0.0034356,0.0032945,0.0055418,0.0090665,0.030048,0.071109,0.065979,0.031026,0.0083283,0.0071451,0.010426,0.0052823,0.030485,0.008901,0.016967,0.10908,0.046157,0.032196
1,0.0075556,0.004354,0.0022025,0.0015367,0.0032661,0.002474,0.0048019,0.0081248,0.010345,0.0044792,0.0043173,0.0049088,0.0022008,0.0012958,0.0027647,0.0007809,0.0003449,0.014845,0.20208,0.057369
1,0.023054,0.010727,0.0093179,0.011957,0.022615,0.015599,0.0067294,0.018817,0.013179,0.0083004,0.0062301,0.018747,0.051846,0.29452,0.22543,0.085135,0.020919,0.0022603,0.00030081,0.0012413,0.0028591,0.014158,0.013315,0.0053706
1,0.019489,0.007428,0.0035413,0.0063563,0.013834,0.023188,0.084039,0.042671,0.019371,0.028147,0.013661,0.01557,0.012371,0.020484,0.054564,0.17387,0.19948,0.078916,0.10175,0.12984,0.080258,0.1525,0.21832,0.071285,0.0031662
1,0.00029697,0.0001266,0.0013934,0.0017876,0.0046748,0.0033018,0.0010152,0.0027228,0.0028079,0.0052066,0.0049148,0.0097673,0.021438,0.0081458,0.0058744,0.015814,0.039407,0.033654,0.026613,0.019841,0.036416,0.099555,0.15634,0.1566,0.28229,0.13487,0.0081559
1,0.021013,0.0021969,0.00094015,0.0087847,0.007598,0.01426,0.014928,0.028079,0.01528,0.023414,0.018949,0.04542,0.012585,0.11159,0.09928,0.3477,0.20802,0.13062,0.063172,0.054248,0.21015,0.29755,0.31577,0.091501,0.052011
1,0.0068579,0.0059705,0.0037934,0.0079982,0.0094726,0.025964,0.04484,0.04412,0.033712,0.027563,0.016857,0.020657,0.01247,0.0029175,0.0044709,0.0091011,0.017053,0.023884,0.0066574,0.0076273,0.0089406,0.035794,0.04003,0.15426,0.080646,0.035811
1,0.0026133,0.0039563,0.0053996,0.02361,0.034837,0.034426,0.069014,0.13021,0.080458,0.061808,0.015463,0.014235,0.016311,0.040906,0.30187,0.40236,0.48555,0.22714,0.16638,0.082527,0.091107,0.052855,0.18485,0.18276,0.21119,0.29876,0.29414,0.1454,0.056492,0.026256,0.012412,0.017223,0.022108
1,0.062053,0.038033,0.02041,0.05674,0.028184,0.015506,0.014788,0.013066,0.0031329,0.00058027,0.00041655,0.00032193,0.00074288,0.0081362,0.0083251,0.047257,0.089861,0.047814,0.036328,0.014093,0.0092428,0.011245,0.043696,0.035957,0.060719,0.089889,0.14298,0.13784,0.14057,0.14097,0.10819,0.041233,0.049807,0.066329,0.0045598
1,0.00064686,0.00041259,0.00077749,0.020221,0.010041,0.0047766,0.016363,0.004691,0.001313,0.0004324,0.00026063,0.00032312,0.001862,0.027228,0.015933,0.00877,0.0028636,0.0030019,0.0036601,0.0064924,0.033006,0.025376,0.020029,0.14828,0.22003,0.20422,0.11118,0.036731
1,0.016347,0.0099445,0.013793,0.018248,0.022727,0.027356,0.021688,0.021941,0.0026736,0.00099637,0.00025887,0.00014405,9.6054e-05,0.0001615,0.00031972,0.00056633,0.0011481,0.00089102,0.00045101,0.00037422,0.00017704,6.8944e-05,1.6856e-05,1.6821e-05,0.0050283,0.0097522,0.0057031,0.0078459,0.011812,0.023323,0.038407,0.0052347
1,0.0067651,0.010763,0.012646,0.0053001,0.0056152,0.0076084,0.014351,0.033469,0.023547,0.0083509,0.0017112,0.0010869,0.0002796,0.00045906,0.00040821,0.0013017,0.0030334,0.012571,0.011707,0.0064769,0.0016821,0.00094723,0.00012567,5.8955e-05,1.3927e-05,1.7686e-05,0.0057608,0.047432,0.029234,0.046222,0.055343,0.14957,0.028105
1,0.00060683,0.00043324,0.0061035,0.004089,0.0019949,0.0022628,0.0019807,0.03263,0.011371,0.0056168,0.0030232,0.0011791,0.0012531,0.0015825,0.00050674,0.002023,0.0006369,0.00030451,0.0011533,0.0052473,0.0051158,0.0026845,0.0021496,0.00086516,0.00055868,0.00074325,0.00046164,0.00098228,0.00032428,0.003048,0.011003,0.051077,0.051868,0.15236,0.20978,0.35056,0.25221,0.20697,0.080251,0.010339
1,0.0061703,0.0014988,0.003915,0.0099497,0.005389,0.026445,0.028924,0.092366,0.1046,0.084872,0.10558,0.23342,0.2121,0.15083,0.074368,0.093513,0.074856,0.041077,0.021812,0.010981,0.0059326,0.0071174,0.0096573,0.0056909,0.0077084,0.0030121,0.0094206,0.080657,0.24938,0.16793,0.046457,0.0453,0.011164,0.013943,0.0058047,0.016867,0.034226
1,0.021056,0.015435,0.0086389,0.0066852,0.0033298,0.0013056,0.0010435,0.015237,0.021688,0.010454,0.013318,0.0083326,0.0025047,0.018226,0.022105,0.0052232,0.00053305,0.00020747,0.00023141,0.00054057,0.0045942,0.0031718,0.01593,0.062846,0.042764,0.040374,0.093733,0.20085,0.065801
1,0.050496,0.049695,0.024836,0.078765,0.092928,0.060569,0.04971,0.077521,0.046124,0.013054,0.0093671,0.0040347,0.00054926,0.0030351,0.0062097,0.0024705,0.0010514,0.00069322,0.0025928,0.020377,0.031324,0.042016,0.033995,0.26658,0.228,0.093928,0.09849,0.19814,0.29174,0.016854
1,0.0005058,0.00018876,0.0002393,0.0026428,0.0020395,0.000687,0.00069194,9.8137e-05,0.035714,0.030612,0.12066,0.061539,0.021428,0.011984,0.023571,0.010415,0.0059409,0.017056,0.035588,0.048036,0.068934,0.12794,0.24705,0.18315,0.23069,0.44339,0.37478,0.02446
1,0.00079693,0.00017819,0.00015849,0.00011067,0.0018384,0.0016106,0.0009235,0.0012267,0.0048749,0.012271,0.0054509,0.0025035,0.0012209,0.00075308,0.0033084,0.0046058,0.080089,0.059222,0.076366,0.12473,0.056671,0.016673
1,0.023018,0.0093126,0.012422,0.059771,0.089413,0.060209,0.093898,0.032824,0.011548,0.021792,0.016683,0.01682,0.03079,0.010098,0.0072985,0.010795,0.012243,0.01361,0.037096,0.061884,0.14018,0.038316
1,0.015822,0.005766,0.010381,0.0097409,0.088955,0.15144,0.068823,0.059599,0.03592,0.028471,0.0057467,0.02316,0.001622,0.0006142,0.00073115,0.0010259,0.0065687,0.019082,0.17135,0.16181,0.2017,0.30253,0.25022,0.094365,0.018333
2,0.00014091,1.5882e-05,0.00041381,0.0010518,0.081131,0.017724,0.0093763,0.0040216,0.00063422,0.00024444,0.00015348,6.0949e-05,0.00026671,0.0021941,0.00066177,0.00037031,0.0099984,0.0023817,0.011207
2,0.00036911,0.0001009,0.00015196,0.00044801,0.0062365,0.0063906,0.0071027,0.0029602,0.0063249,0.010038,0.012233,0.015502,0.025875,0.06294,0.037948,0.052772
2,0.028654,0.0045503,0.0040266,0.0099138,0.022388,0.016354,0.018737,0.038351,0.0068124,0.0024026,0.00088769,0.00052582,5.1988e-05,0.00040446,0.0043132,0.0013126,0.00034852,0.000821,0.0011938,0.00075939,0.007354,0.0087617
2,0.0017718,0.0008049,0.00051127,0.012289,0.04444,0.013094,0.0023093,0.001137,0.00041529,8.3494e-05,0.00017548,0.0089446,0.0030828,0.0079013,0.13039,0.029943,0.059637
2,0.058887,0.0047203,0.0049882,0.0043157,0.010804,0.0088139,0.017527,0.018429,0.014432,0.0090366,0.00043749,0.00038075,0.00014913,0.00029585,4.4452e-05,0.00013633,0.0030513,0.0034591,0.0038918,0.0068178,0.046988,0.14857,0.03903,0.02872
2,2.7266e-06,1.5225e-07,5.6599e-07,1.9429e-06,0.003117,0.00074053,0.00014899,6.5851e-06,1.0825e-06,4.8944e-07,5.0083e-06,0.00019581,5.5935e-05,6.0904e-05,0.028727,0.036226,0.027422
2,0.009109,0.0079208,0.024223,0.029905,0.024717,0.021703,0.026335,0.010035,0.019673,0.0099346,0.016638,0.0085523,0.0014713,0.00057878,0.00045726,3.4625e-05,4.1854e-06,0.00046611,0.00019704,0.00014595,0.00065226,0.012536,0.0018615,0.0073846
2,0.05466,0.035452,0.02293,0.01622,0.033517,0.012072,0.0047357,0.0084138,0.0041648,0.0049806,0.0040717,0.0094537,0.0088666,0.042554,0.035324,0.057525,0.028137,0.01115,0.031756,0.032145,0.0081694
2,0.03854,0.0058093,0.0082059,0.003654,0.0015163,0.00088483,0.00074121,0.001251,0.0018275,0.00075481,0.011748,0.014556,0.091918,0.13531,0.020857
2,2.2899e-05,8.809e-06,0.0041997,0.0024246,0.00092344,0.001475,0.00077453,0.0039913,0.0039567,0.0043044,0.01467,0.012782,0.055699,0.054731,0.14865,0.21783,0.043441
2,0.0026748,0.00052806,0.0027576,0.0039201,0.0011485,0.0062585,0.0059821,0.0011318,0.0024168,0.001286,0.0016213,0.00056417,0.0025868,0.013441,0.052371,0.014461,0.0046722,0.020695,0.027251,0.056345,0.027687,0.014577
2,0.0089584,0.0089663,0.020465,0.014709,0.025181,0.033992,0.0028006,0.0013606,0.0014277,0.00082055,0.00046855,0.042579,0.048421,0.092944,0.20685,0.22303,0.011098
2,0.00041262,0.00029805,0.00013515,7.8569e-05,1.5119e-05,4.5036e-05,3.1245e-05,9.8039e-05,0.0001026,0.013654,0.0066726,0.014221,0.017953,0.10864,0.0085602
2,5.2783e-05,7.8361e-06,0.0032067,0.0064478,0.0063686,0.003805,0.0032557,0.0015535,0.0017056,0.00075984,0.0015634,0.0038473,0.020735,0.079733,0.086613,0.2356,0.18889,0.075109,0.040587
2,0.019143,0.0055863,0.001828,0.00012108,6.2922e-05,0.0006326,0.00073669,0.0035398,0.0073383,0.031011,0.030221,0.032769,0.16705,0.30601,0.020294
2,0.004307,0.00070516,0.00013176,3.7079e-05,2.3511e-05,0.012002,0.03097,0.010751,0.014028,0.0093501,0.0086978,0.030656,0.012813,0.002811,0.015073,0.10308,0.3983,0.17381,0.0037984
2,0.037071,0.05519,0.067533,0.092117,0.047691,0.061942,0.0062938,0.0080675,0.00059515,0.00019847,0.00013826,0.00039009,0.0013753,0.008898,0.0080611,0.090809,0.056708,0.028141,0.027908,0.02198,0.026861,0.026855,0.036179,0.0028332,0.0011812,0.0011902,0.0068249,0.034228,0.0023096
2,0.00016076,0.00018381,0.00031031,0.0010125,0.00031823,0.00072859,0.00020737,8.4133e-05,4.357e-05,0.000109,0.0019381,0.00066577,0.0001548,3.716e-05,2.0691e-05,2.8146e-05,0.007988,0.018786
2,9.6956e-05,4.5458e-05,2.4349e-05,1.8163e-05,0.0013047,0.0011423,0.001195,0.0004588,0.00013623,0.00063729,0.0029303,0.0018599,0.0023134,0.012256,0.0056729,0.00098208,0.0019026,0.0065327,0.010927,0.019672,0.0061337
2,7.9843e-05,2.4454e-05,3.5261e-05,3.3395e-05,0.00010642,0.00027226,0.00095577,0.00028251,0.00040462,0.00043184,0.00030466,0.00016926,4.5514e-05,4.8439e-06,1.9026e-05,0.081402,0.22684,0.051085
2,0.0042933,0.0017228,0.0010847,0.00054711,0.00080634,0.002582,0.00074171,0.00033851,0.00026815,0.00063256,0.0015489,0.00045097,9.234e-05,0.0005133,0.2226,0.069109
2,0.0031528,0.0021548,0.0017775,0.0038163,0.005293,0.0046966,0.0057835,0.0032038,0.0017539,0.0036924,0.0049315,0.0049682,0.0096261,0.029235,0.01661,0.0025124,0.0018441,0.0064711,0.061623,0.082016
2,0.0029473,0.00202,0.018457,0.03248,0.02515,0.03247,0.034843,0.051637,0.060136,0.05685,0.06601,0.042388,0.05751,0.012622,0.014654,0.022894,0.024765,0.019853,0.027089,0.011083,0.026673,0.084588,0.041327,0.029968,0.015077,0.015381,0.0037213,0.005513,0.0026225,0.0019868,0.0021839,0.0041992,0.012024,0.0053564,0.0020547
2,0.0016922,0.0036013,0.0036737,0.00056716,0.0017178,0.010278,0.0072519,0.013225,0.0092445,0.0011957,0.00014915,0.00010641,0.0003891,0.00032973,0.00039389,0.00078627,0.00032596,0.045174,0.01976,0.0016656,0.0024601,0.0016145,0.0037401,0.0033408,0.020396,0.022766,0.020518,0.02607,0.061759,0.0024031
2,0.026104,0.016331,0.013326,0.010258,0.068915,0.081199,0.093507,0.18599,0.12201,0.12601,0.067126,0.073883,0.05972,0.018019,0.015249,0.030423,0.022532,0.12228,0.12586,0.061341,0.020317,0.01123,0.017179,0.0043749,0.01251,0.024558,0.039277,0.13609,0.023044
2,3.9076e-05,3.305e-05,0.00046064,0.00021581,0.00036873,0.0017372,0.0010073,0.0014554,0.0032486,0.0032125,0.00064338,0.0024815,0.00074929,0.00046149,0.00071946,0.00057591,0.0012404,0.012712,0.011657,0.010263,0.0022601,0.0021729,0.0017177,0.00075661,0.0015285,0.0048627,0.0073431,0.031563,0.021261,0.0114
2,0.005351,0.0016892,0.0012978,0.0015325,0.0016297,0.010655,0.079395,0.060779,0.061969,0.14159,0.17492,0.041882,0.047643,0.032302,0.025635,0.0036323,0.0017735,0.00041269,0.00019432,5.3048e-05,0.0016651,0.0079505,0.028307,0.017317,0.0055274,0.0026292,0.0019202,0.00099982,0.0004502,0.0068911,0.0062815,0.015228,0.037004,0.01735
2,0.080912,0.027661,0.056718,0.090868,0.099484,0.10202,0.14102,0.12185,0.15465,0.36367,0.32316,0.053856,0.071019,0.046638,0.0387,0.036804,0.042306,0.015956,0.012293,0.017687,0.017262,0.010484,0.0035644,0.0033187,0.0019941,0.0022866,0.00093125,0.0031058,0.0037448,0.0073276,0.0077116,0.0044339,0.016207,0.0023182,0.010599,0.010387,0.010563,0.011019
2,0.001547,0.00034937,0.0010923,0.0013594,0.0002821,0.0014366,0.0012761,0.0040556,0.0062305,0.0047093,0.0015984,0.00029375,7.2207e-05,0.00013971,0.00064494,0.00070141,0.00042352,0.00026739,0.00040165,0.021956,0.05595,0.078759,0.024508,0.0040457,0.0037412,0.0020205,0.0005169,0.00057233,0.0021503,0.0073083,0.011235,0.011895,0.16055,0.034692,0.019445
2,0.00061637,0.00066774,0.0011436,0.00052565,0.0076406,0.0081355,0.0016907,0.0036834,0.00831,0.015508,0.013128,0.0064251,0.0066447,0.0040564,0.0025672,0.0020276,0.0014763,0.0012065,0.012572,0.02189,0.024036,0.004353,0.00063762,0.00034957,0.00020469,0.00023263,0.0041146,0.062205,0.079257,0.19344,0.060714,0.021022
2,0.0028954,0.00074051,0.00062337,0.0035432,0.0050118,0.009929,0.014718,0.013723,0.0035035,0.013935,0.0073123,0.0090659,0.0046363,0.0090427,0.0016518,0.0017478,0.0018515,0.00050405,0.00060377,0.00078564,0.0010628,0.0023756,0.0013386,0.00049778,0.0004489,0.00020826,0.00015575,0.00029795,0.0025686,0.0025841,0.0019524,0.027361,0.077726,0.061539
2,0.1925,0.15996,0.075497,0.025864,0.018814,0.027504,0.020785,0.017949,0.0058995,0.0085739,0.0042268,0.0012142,0.00082693,0.013802,0.0039854,0.0078324,0.002767,0.0019535,0.00029362,6.0831e-05,0.00013813,0.023113,0.041314,0.0017381
2,0.0050162,0.0038825,0.0023668,0.00045658,0.0014652,0.0025851,0.0022841,0.0025313,0.0060181,0.0030265,0.0016734,0.00075101,0.00065233,0.00013017,9.6042e-05,1.8322e-05,6.4171e-06,0.0239,0.61515,0.059663
2,0.059563,0.07607,0.032631,0.02051,0.015948,0.012929,0.01593,0.046478,0.015042,0.031694,0.0094575,0.0065744,0.0079863,0.00080569,0.00011479,1.0362e-05,1.1424e-06,6.7142e-07,0.0016842,0.0054068
2,0.022327,0.028709,0.03887,0.052626,0.017373,0.017529,0.01237,0.0074661,0.013895,0.02249,0.034943,0.025147,0.01525,0.0063961,0.0060528,0.0030125,0.0023733,0.0018317,0.00067109,0.00017235,0.01011,0.23378,0.021069
2,0.0083576,0.0070037,0.0080793,0.0064828,0.0063338,0.0010126,0.0029687,0.0039266,0.0036047,0.0042288,0.0054996,0.0020995,0.0017767,0.0017167,0.0010449,0.00078259,0.00039028,9.9994e-05,0.00021841,0.045215,0.064565
2,0.030127,0.023706,0.0085366,0.0042236,0.0025484,0.001596,0.0027265,0.0044523,0.0074834,0.0046315,0.0014589,0.0012507,0.00041851,0.00010484,7.7903e-05,2.6193e-05,3.4506e-05,1.3705e-05,8.0471e-05,0.12457,0.19461,0.070989,0.025944
2,0.098709,0.067961,0.081516,0.021338,0.0085362,0.014845,0.013913,0.0074111,0.015244,0.018625,0.038117,0.023935,0.024511,0.01505,0.0062883,0.0026732,0.00095864,0.0013303,0.00022541,9.5736e-05,0.011173,0.26959,0.09359,0.021898
2,0.022276,0.013805,0.024422,0.046198,0.040127,0.032287,0.015894,0.013922,0.012505,0.022085,0.0057878,0.011474,0.015032,0.019082,0.014168,0.0054112,0.0092224,0.0030639,0.0043673,0.0882,0.062039,0.036962
2,0.015914,0.0036099,0.0017986,0.00098495,0.001787,0.0022955,0.00083731,0.00066481,0.00043301,0.0088982,0.0043011,0.021421,0.024084,0.025551,0.030409,0.0075724,0.0064272,0.0031472,0.0034083,0.0014891,0.020844,0.015139,0.0195,0.021481,0.020945,0.012375,0.1358,0.13648,0.051953,0.10342,0.19155,0.19483,0.046886
2,0.016019,0.0069143,0.0037938,0.0027656,0.0020046,0.0078869,0.016142,0.015508,0.0028709,0.0015798,0.00098583,0.0010695,0.0010217,0.016258,0.019465,0.029603,0.01955,0.042245,0.12496,0.13257,0.21712,0.19063,0.0064303
2,0.00327,0.0003881,0.0003571,0.00091604,0.0014526,0.00035556,0.0068454,0.004075,0.0012515,0.0010908,0.0014976,0.0016046,0.0029421,0.003921,0.003523,0.0048979,0.0039695,0.013477,0.00941,0.0076202,0.097827,0.41384,0.01318
2,0.0045295,0.00090871,0.0016394,0.00070085,0.00099708,0.011778,0.022293,0.0060355,0.0046465,0.00483,0.0049163,0.0036305,0.018337,0.018748,0.019224,0.025003,0.035671,0.037918,0.036633,0.10995,0.19189,0.046168
2,0.026182,0.015138,0.013189,0.01001,0.018596,0.0062101,0.014696,0.023135,0.019275,0.022096,0.10318,0.024128,0.0093058,0.0056132,0.0033404,0.0021586,0.0043549,0.035546,0.031281,0.013101,0.014652,0.003638,0.01295,0.015699,0.011614,0.014542,0.049842,0.057713,0.031145,0.0034961
2,0.16817,0.083733,0.041336,0.045636,0.081372,0.038958,0.023549,0.019329,0.027275,0.0087057,0.0031214,0.00067219,0.00033904,0.00018101,0.00038705,0.007463,0.0029419,0.0014589,0.00069101,0.00094759,0.00054031,0.00066441,0.0030974,0.046745,0.041721,0.0034279,0.007,0.017719
2,5.3122e-05,1.1174e-05,7.1092e-05,0.00012069,0.00023184,0.003095,0.004491,0.0014624,0.00069085,0.00015421,0.00017427,0.0015246,0.0021586,0.0019005,0.0018216,0.0015941,0.00090716,0.00062937,0.0031922,0.010929,0.0094968,0.0090024,0.015449,0.0248
2,0.091112,0.017659,0.014102,0.01257,0.013435,0.002857,0.0032966,0.0080207,0.015762,0.027568,0.018136,0.0090022,0.0029769,0.00123,0.018716,0.15707,0.19754,0.0036604,0.0015634,0.00072716,0.00043424,0.00011172,0.074098,0.028935,0.03007,0.028515,0.028804,0.03234,0.027622,0.012105,0.0017811,0.0056797
2,0.061539,0.042359,0.061007,0.098813,0.10167,0.060448,0.05332,0.061997,0.070243,0.061296,0.080249,0.044502,0.0081236,0.0063808,0.0083027,0.0078461,0.0083407,0.0058054,0.0040235,0.00063647,0.0011263,0.00059009,0.00061476,0.00089211,0.00072059,0.0021535,0.0018052,0.019166,0.0067039
2,0.0049459,0.00096316,0.00020947,0.00012608,0.00029663,0.00010276,0.00017189,0.0014064,0.0096097,0.0025209,0.00089291,0.0015262,0.00058583,0.00042951,0.0010901,0.00019003,4.3446e-05,0.0001712,0.00012497,7.5858e-05,8.911e-05,0.00013688,0.00011562,0.0038741,0.010646,0.026299,0.030104,0.012755
2,0.021336,0.010878,0.0091785,0.011334,0.01929,0.010002,0.0044844,0.045204,0.040344,0.037689,0.023568,0.0083693,0.0033418,0.01181,0.09996,0.095706,0.095914,0.028939,0.036192,0.012281,0.0090224,0.0044024,0.020078,0.018399,0.036722,0.084811,0.022914,0.008771
2,0.013006,0.01632,0.012761,0.021258,0.026923,0.022476,0.0044012,0.00047293,0.0019043,0.014159,0.071137,0.067331,0.039912,0.0022066,0.00033936,0.00015019,0.00010689,0.00039082,0.0010401,0.00037778,7.6319e-05,0.0022901,0.00016197,0.00059403,0.00024037,0.00020438,0.00012727,0.0025815,0.0026115,0.029761,0.025486,0.059424,0.038441,0.017285,0.015341,0.029244
2,0.012728,0.006789,0.0035125,0.0010152,0.00010503,1.1886e-05,1.5267e-05,0.0019201,0.0061201,0.010586,0.008252,0.0090891,0.0043865,0.022218,0.04065,0.021775,0.046851,0.042301,0.055698,0.042064,0.018027,0.013887,0.027138,0.095648,0.10291,0.042386,0.023968
2,0.078078,0.040088,0.028178,0.016521,0.02047,0.04405,0.027907,0.029003,0.055932,0.22898,0.17569,0.23151,0.088431,0.035287,0.039456,0.0060936,0.00087942,0.00016488,3.155e-05,5.4396e-05,2.7475e-05,1.6341e-05,0.00074696,0.0072611,0.0057886,0.0063524,0.0048197
2,0.033243,0.010802,0.024609,0.024464,0.021069,0.016854,0.026581,0.030525,0.018242,0.0048805,0.0039965,0.00099333,0.0011255,0.00013307,0.00012076,0.00030851,0.0024918,0.0035213,0.0025352,0.0022518,0.0013453,0.0011192,0.0060754,0.0053418,0.00078406,0.00030742,0.00016145,6.8619e-05,0.00021445,0.018541,0.021501,0.021476,0.015394,0.039162,0.028883,0.05956,0.049477
2,0.013983,0.030554,0.054655,0.05152,0.031531,0.054579,0.038717,0.023779,0.019353,0.015061,0.055447,0.050544,0.036524,0.018699,0.030596,0.039311,0.095469,0.044957,0.020232,0.031113,0.085047,0.11965,0.14518,0.091976,0.016194,0.0061339,0.0015134,0.0012158,0.0004975,0.0007745,0.00028169,2.2784e-05,2.2542e-06,3.5136e-07,1e-07,5.3538e-07,3.4916e-05,5.5947e-05,0.0015008,0.0022216,0.0073929,0.013431,0.050383,0.052549,0.0098566
2,0.00023367,0.001224,0.0072675,0.0040862,0.0036708,0.0022856,0.0045875,0.0041757,0.027126,0.020913,0.0079656,0.021922,0.016287,0.041882,0.022064,0.010519,0.0021077,0.012221,0.012706,0.017978,0.0084049,0.0038644,0.0081643,0.019274,0.0069729,0.0015381,0.0012209,0.0020301,0.00055768,0.0007421,0.014685,0.01352,0.027007,0.031744,0.030372,0.061679,0.078141,0.035839,0.01365
2,0.0076029,0.0052907,0.0096599,0.0051356,0.0079141,0.0056966,0.017668,0.048843,0.022006,0.018826,0.0058587,0.00077414,0.00015913,8.8415e-06,1.0473e-05,7.1269e-06,2.8085e-05,0.0013554,0.001244,0.0027087,0.0015713,0.00061414,0.0010577,0.0009474,0.0004494,0.0011918,0.001438,0.003015,0.011327,0.024704,0.036726,0.031704,0.046834,0.057567,0.05142,0.020116
2,0.057553,0.046014,0.016716,0.012742,0.012264,0.012783,0.03041,0.051448,0.082544,0.078708,0.045914,0.034267,0.035892,0.046975,0.044379,0.0069933,0.0037549,0.014938,0.0078621,0.0097353,0.0083286,0.0075691,0.001416,0.00086539,0.0019279,0.0010642,0.00017133,8.0857e-05,0.00012627,4.6149e-05,1.8771e-05,0.025246,0.060447,0.10724,0.17561,0.14332,0.11075,0.1027,0.097121,0.12537,0.048324
2,0.021172,0.003388,0.0062893,0.011468,0.035133,0.074196,0.043693,0.039835,0.017193,0.032654,0.037423,0.048061,0.016863,0.011893,0.0014595,0.0012356,0.00077556,0.000245,0.0014657,0.0050985,0.0066164,0.012382,0.022268,0.041481,0.010138,0.0044211,0.056266,0.056279,0.0089684
2,0.11738,0.11356,0.07717,0.099326,0.031866,0.011578,0.0042215,0.0012203,0.0001159,0.00077058,0.0053067,0.004466,0.0095342,0.0031028,0.004563,0.0033064,0.00039311,7.4152e-05,1.811e-05,5.9401e-06,6.0374e-06,6.9563e-06,1.2856e-05,2.7356e-05,0.021301,0.021982,0.0057359,0.012701,0.10753,0.35456,0.24232,0.030603
2,0.0044427,0.0005976,0.00068211,0.0011831,0.0045494,0.018046,0.010687,0.0075091,0.0054456,0.0084712,0.0043535,0.0052338,0.0025189,0.0018123,0.0012038,0.00036847,0.00066292,0.00908,0.032208,0.021829,0.075503,0.050554,0.043271,0.094092,0.22013,0.04696,0.022269
2,0.0016323,0.0012579,0.0001519,5.5551e-05,7.0148e-05,1.5431e-05,2.5183e-06,3.9754e-05,0.00042347,0.00032316,0.00019973,2.4781e-05,0.00030691,0.00022801,0.00013408,0.0005213,0.0047032,0.008134,0.0076906,0.023802,0.043439,0.054107,0.12703,0.14686
2,0.011797,0.007009,0.01109,0.010137,0.0062502,0.03009,0.024636,0.02675,0.027557,0.014613,0.011178,0.014886,0.015612,0.017472,0.007508,0.018954,0.006156,0.0032453,0.0019138,0.00017612,4.3977e-05,1.1046e-05,2.8607e-06,4.2331e-07,1.3607e-06,3.5246e-06,5.4283e-05,0.0015214,0.0012711,0.0012585,0.01785,0.085278
2,0.059061,0.047612,0.0532,0.13314,0.10383,0.12611,0.099323,0.063478,0.077133,0.064366,0.065715,0.13106,0.071269,0.05438,0.018305,0.0020335,0.00043032,7.9737e-05,0.00019488,0.00037185,0.00016942,0.00026254,0.00055414,9.6534e-05,0.00016676,0.00034807,0.00024785,0.0034654,0.0029307,0.015257,0.22186,0.50768,0.059242
2,0.017052,0.0065153,0.0083477,0.0027743,0.0025172,0.0031276,0.001741,0.0054008,0.0049753,0.0037379,0.025021,0.013311,0.0016598,0.0013552,0.0016982,0.00045449,0.0017217,0.0065836,0.0025268,0.015945,0.0060955,0.0039938,0.050394,0.13028,0.0018246
2,0.062982,0.04684,0.03219,0.019772,0.0094036,0.0032618,0.0016014,0.0006872,0.0011118,0.00069674,0.0004657,0.00039281,0.00021466,0.00021416,0.00052153,0.00566,0.0045966,0.0048349,0.007192,0.0038294,0.00056249,0.00035378,0.00055942,0.00060516,0.14622,0.16026,0.11894,0.25008,0.41824,0.29956,0.25381,0.0077418
2,0.0036284,0.0039519,0.0014611,0.0014685,0.00062409,0.00019409,2.8585e-05,6.6491e-05,4.5659e-05,0.001882,0.015121,0.0024583,0.00098656,0.00011031,9.3419e-05,0.00030356,0.016573,0.042961,0.050546,0.1484,0.24805,0.10013
2,0.024545,0.029073,0.041772,0.11124,0.14588,0.17151,0.090247,0.058066,0.0061942,0.0073945,0.005931,0.018071,0.045177,0.040961,0.0118,0.0073872,0.0024532,0.00072463,0.00055937,0.00039033,0.0030357,0.0027252,0.0033757,0.0097134,0.093836,0.046971,0.0061774
2,0.0059068,0.0049131,0.0077579,0.003059,0.0018927,0.0018036,0.00086332,6.0147e-05,5.0912e-05,0.00011537,0.0006565,0.00035515,0.00021577,6.6645e-05,6.2815e-05,3.5718e-06,0.00030973,0.00035352,9.3276e-05,4.7532e-05,0.001297,0.0093965,0.023609,0.072109,0.034666,0.011629
2,0.0017123,0.0013909,0.00067399,0.001624,0.0024044,0.001155,0.00081981,0.00044908,0.0013305,0.0010262,0.0035317,0.0010586,0.0021353,0.0026645,0.0011349,0.00042023,0.015167,0.033897,0.033562,0.18188,0.46725,0.057968
2,0.021029,0.0072261,0.0037672,0.0033152,0.0012492,0.00019743,0.00049748,0.00018167,0.0003368,0.011262,0.0036788,0.00094284,0.00095359,0.0013157,0.0024769,0.01759,0.010369,0.026116,0.080254,0.04896,0.050658,0.011768
2,0.0031874,0.0027621,0.0021989,0.0026584,0.0032831,0.0019662,0.00058486,7.4873e-05,0.00012448,2.3144e-05,1.305e-05,0.0007529,0.00098504,0.0012426,0.001556,0.0011697,0.00062915,0.0054913,0.011872,0.0050535,0.0098266,0.084081,0.038676,0.052159,0.0035985
2,7.8406e-05,1.5748e-05,5.9948e-06,5.2321e-06,4.9969e-06,0.00034637,0.0005453,0.00032034,0.00057599,0.00033868,0.0013937,0.0062063,0.0027052,0.00072858,0.0002329,7.3503e-05,8.9294e-05,0.00010951,0.0006573,0.0063094,0.012585,0.01177,0.013234,0.028245,0.047857,0.24899,0.040104
3,0.1113,0.0073434,0.022467,0.06605,0.077683,0.1199,0.21992,0.17747,0.22376,0.36011,0.34541,0.35893,0.15854,0.14018,0.10238,0.057165,0.016768,0.0040162
3,0.0063026,0.0068563,0.0085344,0.11092,0.15342,0.073079,0.10686,0.065457,0.056079,0.032052,0.019543,0.033027,0.042072,0.032737,0.050987,0.045621,0.11757,0.041178,0.0048777
3,0.10597,0.06185,0.0013435,0.0033427,0.015788,0.026712,0.040846,0.044455,0.061303,0.014389,0.016237,0.021755,0.013539,0.067819,0.043358,0.056025,0.011107,0.011533,0.015015,0.034545,0.023423,0.049647,0.083827,0.060429,0.096013,0.061254,0.031994,0.049902,0.07668,0.048938,0.009522
3,0.020462,0.027865,0.070567,0.18278,0.062505,0.046797,0.20966,0.2798,0.36552,0.22142,0.14924,0.18335,0.14221,0.13555,0.070187,0.018375,0.021121,0.032226,0.028196,0.011957,0.0051557
3,0.033055,0.008065,0.0059653,0.0048692,0.032426,0.023833,0.012575,0.0039405,0.00094909,0.00083569,0.001297,0.0075464,0.017216,0.011399,0.012631,0.008594,0.01631,0.014417,0.031298,0.034986,0.014646,0.018277,0.097083,0.02169,0.014884,0.011266,0.030386,0.040537,0.005705
3,0.15555,0.11054,0.077481,0.088268,0.10601,0.035341,0.022117,0.020999,0.0089742,0.0089038,0.0028618,0.0045811,0.0052844,0.0086516,0.012852,0.0047351,0.0046403,0.0063194,0.0068099,0.0052402,0.0057762,0.004345,0.0052071,0.10756,0.30378,0.37878,0.13689,0.080884,0.065333,0.034669,0.026368,0.14549,0.14096,0.032453,0.039737,0.066685,0.10847,0.064868,0.0083688
3,0.07668,0.032759,0.045161,0.15535,0.084732,0.09021,0.080522,0.21072,0.096794,0.10568,0.10943,0.078222,0.023292,0.054099,0.0034853,0.0060764,0.0040572,0.002875,0.0032633,0.0029599,0.001224,0.0016964,0.0020093,0.00098429,0.04896,0.12437,0.14839,0.12811,0.018891,0.018795,0.096899,0.067994,0.11883,0.06713,0.071869,0.068469,0.21289,0.12884,0.09589,0.1352,0.29018,0.38198,0.43693,0.53856,0.4817,0.32249,0.26438,0.28822,0.20165,0.060403,0.016117,0.013225,0.025392,0.043917,0.032194,0.084883,0.014289
3,0.22146,0.13329,0.023427,0.12854,0.24499,0.24369,0.20484,0.17627,0.18763,0.29523,0.17292,0.14565,0.092047,0.032706,0.0058679,0.0034509,0.0091739,0.006709,0.0038399,0.0030024,0.0085868,0.27061,0.36781,0.38542,0.39441,0.16566,0.15827,0.21294,0.2168,0.095671,0.18167,0.22298,0.26811,0.47383,0.10512,0.10071,0.021612,0.044911,0.13003,0.14585,0.30746,0.40055,0.45568,0.23102,0.20382,0.16773,0.14735,0.028752,0.031106,0.060864,0.01336,0.0096712,0.009418,0.0042424
3,0.029047,0.011799,0.0062167,0.0048569,0.015342,0.027533,0.011333,0.01581,0.016193,0.032361,0.043126,0.067414,0.049946,0.059584,0.060367,0.010263,0.024592,0.054316,0.051879,0.14849,0.18076,0.18732,0.40729,0.41134,0.24488,0.25126,0.10889,0.18837,0.094893,0.0966,0.087966,0.023692,0.0099848,0.010887,0.0089414,0.0062198,0.0069622,0.011438,0.011544
3,0.078442,0.020041,0.01008,0.016935,0.010032,0.011457,0.022318,0.01437,0.022561,0.03618,0.029663,0.041235,0.16923,0.098492,0.095306,0.077881,0.10172,0.067572,0.096131,0.09019,0.58333,0.49132,0.38429,0.61103,0.68863,0.30361,0.12462,0.027611,0.0037473,0.00064951,0.0031808,0.042292,0.024672,0.0011705
3,0.025902,0.00075276,0.0042205,0.012645,0.031206,0.046272,0.041015,0.063388,0.26816,0.20196,0.26742,0.22908,0.13302,0.11016,0.09457,0.097741,0.14656,0.18894,0.23135,0.38933,0.49293,0.5,0.40957,0.34755,0.31566,0.12677,0.034902,0.05999,0.029476,0.037027,0.032556,0.040572,0.026192,0.024171,0.010761
3,0.037074,0.0029959,0.0014606,0.0011486,0.020629,0.027019,0.022501,0.020629,0.025563,0.0095775,0.039321,0.053331,0.060368,0.097503,0.33876,0.11671,0.13569,0.1262,0.17686,0.10965,0.094927,0.11265,0.071451,0.02482,0.063742,0.15883,0.070773,0.041718,0.027385,0.053878,0.08566,0.10051,0.11494,0.10867,0.079798,0.029944,0.025085,0.0043794,0.00060918,0.00020808,0.00016866,0.0023234,0.0018437,0.0019059,0.011667
3,0.062338,0.035473,0.020224,0.015604,0.010926,0.0067265,0.0055531,0.019491,0.15331,0.038114,0.01389,0.0076914,0.0075619,0.0032465,0.0014911,0.0012473,0.0018118,0.0018582,0.0041285,0.19649,0.22877,0.10788,0.13402,0.026476,0.037075,0.016599,0.034581,0.010493,0.0070825,0.015555,0.0074774,0.0061486,0.035435,0.16025,0.039797
3,0.064272,0.03665,0.029258,0.029578,0.018121,0.015863,0.08857,0.014029,0.038528,0.0205,0.024912,0.026835,0.084962,0.11463,0.1455,0.034902,0.027025,0.013643,0.049015,0.0054985
3,0.35524,0.51073,0.2834,0.30903,0.40508,0.25094,0.3177,0.41878,0.35583,0.19386,0.072297,0.042218,0.050111,0.015486,0.0084735,0.009413,0.023124,0.027438,0.016031,0.0052218
3,0.041012,0.082148,0.082678,0.07337,0.079667,0.059361,0.0097979,0.0029658,0.0076227,0.055854,0.071182,0.051747,0.031932,0.024175,0.01114,0.0038478,0.0028761,0.0023763,0.0027314,0.0022951,0.0012034,0.0012481,0.001226,0.0013377,0.0010634,0.031223,0.075493,0.038907,0.050723,0.051208,0.011193,0.0089898,0.025285,0.026727,0.010067,0.0039347,0.0079622,0.0077891,0.019596,0.013652,0.017817
3,0.20988,0.21265,0.049375,0.068204,0.034416,0.0096879,0.0016156,0.0039609,0.023558,0.036548,0.046209,0.035432,0.054933,0.051069,0.030805,0.034671,0.052381,0.031152,0.047166,0.017993,0.017597,0.063953,0.20618,0.012333
3,0.009513,0.0037987,0.011744,0.042728,0.14,0.057401,0.017093,0.022928,0.0034591,0.0050338,0.0073137,0.017608,0.059394,0.07076,0.2137,0.10439,0.11038,0.0072165,0.0015069,0.0015304,0.0064996,0.029846,0.042758,0.18954,0.069566,0.16047,0.26765,0.20062,0.12901,0.21292,0.18008,0.026311,0.012452,0.0080013,0.0045303,0.0082617,0.011897,0.066399,0.041277,0.018823
3,0.26151,0.1373,0.043258,0.054168,0.1642,0.16726,0.08386,0.061694,0.14605,0.13844,0.065662,0.075125,0.12129,0.070463,0.0071028,0.0096098,0.011853,0.23288,0.18422,0.2272,0.22644,0.18926,0.15835,0.35325,0.34053,0.1542,0.042045,0.040703,0.017031,0.14487,0.069822,0.11026,0.048499,0.017221
3,0.36246,0.16219,0.13476,0.040221,0.04971,0.1043,0.084611,0.065907,0.03065,0.02284,0.032413,0.021444,0.042179,0.061473,0.10811,0.088057,0.032288,0.024611,0.048103,0.020431,0.020071,0.014309,0.0076394,0.0077364,0.005792,0.0055357,0.0055957,0.0074273,0.021416,0.021337,0.12586,0.3793,0.13798,0.087438,0.02427,0.016886,0.03943,0.16872,0.34752,0.20039,0.091984,0.14285,0.18618,0.22995,0.14163,0.074652,0.027629,0.02286,0.014066,0.018128,0.0074548,0.0013763
3,0.12159,0.03373,0.060522,0.0087692,0.015031,0.031068,0.046747,0.038172,0.0087156,0.033366,0.019575,0.014136,0.020183,0.01869,0.03289,0.009254,0.058316,0.11421,0.033611,0.024223,0.043448,0.093461,0.094072,0.28231,0.40099,0.31373,0.22222,0.369,0.41998,0.24604,0.22548,0.14582,0.10899,0.12546,0.07223,0.033696,0.011706
3,0.0094835,0.0013828,0.00099844,0.0023729,0.0073098,0.020133,0.0060736,0.0057702,0.004722,0.0073151,0.0071361,0.0034076,0.0030953,0.0025342,0.0015973,0.00066518,0.0025005,0.025412,0.067118,0.12189,0.018625,0.085044,0.042818,0.042054,0.045199,0.035532,0.024552,0.045461,0.051061,0.043563,0.039672,0.0618,0.014942,0.0099536,0.0051492,0.0037019,0.0029324,0.0024393,0.0027575,0.001881,0.0029853,0.0031839,0.0032064,0.038894,0.11631,0.20125,0.11872,0.038507,0.015547,0.031603,0.0057405,0.0062095,0.0071912,0.010646,0.0045957,0.0025088,0.0020641,0.0018003,0.0023414,0.0013175,0.032217,0.065801,0.030923,0.050602,0.031199,0.046952,0.11807,0.41327,0.24138,0.080781,0.06511,0.020503,0.016326,0.020009,0.023978,0.017184,0.016732
3,0.2993,0.066297,0.011924,0.017867,0.018212,0.051374,0.065471,0.070375,0.16165,0.057958,0.067161,0.091743,0.06875,0.004155,0.0067492,0.049411,0.080241,0.21441,0.23064,0.25095,0.12262,0.0040326,0.098335,0.10816,0.17007,0.04527,0.020287,0.0075589,0.036598,0.044737,0.029311,0.048704,0.039368,0.048099,0.054147,0.027776,0.061052,0.021057,0.010786,0.015032,0.017141
3,0.2548,0.38542,0.27688,0.17466,0.15306,0.2472,0.34185,0.33192,0.42665,0.27836,0.43021,0.39609,0.37289,0.15047,0.19616,0.25103,0.26734,0.17716,0.17946,0.15212,0.26868,0.27415,0.51812,0.38361,0.35067,0.39812,0.086386,0.060574,0.033771,0.02624,0.03192,0.0052976,0.0020364,0.0014146,0.0013544,0.00081485,0.00070191,0.00062481,0.00069085,0.00022671,0.0013474,0.023233,0.029946,0.054651,0.30813,0.20282,0.098499,0.2661,0.18978,0.051384,0.10532,0.22299,0.2146,0.26005,0.38579,0.1447,0.059852,0.01003,0.010712,0.0019812
3,0.26863,0.088446,0.10981,0.12336,0.12549,0.043342,0.014036,0.016328,0.037489,0.01565,0.007207,0.02165,0.034626,0.033439,0.059723,0.087146,0.063637,0.12011,0.10945,0.10027,0.20355,0.23481,0.12891,0.2252,0.058906,0.050059,0.036394,0.080617,0.14172,0.11674,0.12207,0.10671,0.062018,0.034908,0.01068,0.014268,0.0040927,0.0028813
3,0.37609,0.19373,0.21348,0.5,0.27675,0.21567,0.38519,0.4122,0.52814,0.32775,0.35907,0.29553,0.41985,0.39121,0.39476,0.41916,0.40232,0.32883,0.29306,0.21685,0.22132,0.13633,0.10475,0.041897,0.031186,0.017771,0.0077758,0.0071472,0.007675,0.0057087,0.0090852,0.0088193,0.0053947,0.0094336,0.011102,0.015309,0.089449,0.31941,0.43539,0.11562,0.12774,0.078703,0.034466,0.055969,0.31269,0.37387,0.36677,0.155,0.10509,0.030998,0.023476,0.033824,0.012911
3,0.053521,0.031582,0.047587,0.048182,0.076149,0.093596,0.088203,0.029952,0.04347,0.089409,0.041467,0.028617,0.028709,0.0052775,0.0036477,0.0029717,0.0024783,0.0016632,0.050675,0.18503,0.20439,0.26184,0.091502,0.076662,0.033758,0.031518,0.00936,0.0096952,0.08062,0.10436,0.086497,0.055661,0.0046077,0.0075441,0.018707,0.21075,0.24424,0.1541,0.18287,0.13919,0.044149,0.034687,0.032682,0.017773,0.019773,0.014107,0.0030401,0.0033528,0.0019407,0.0020991,0.0011711,0.0013965,0.0015269,0.0021357,0.0019035,0.0051318,0.060065,0.064486,0.046674,0.075264,0.078949,0.10265,0.026855,0.013749,0.0033984,0.0029942,0.00082347,0.0011778,0.0011754,0.0019898,0.019683,0.050647,0.08583,0.072372,0.056889,0.010549,0.0028701,0.0009603,0.0018869,0.0090541,0.022609,0.08825,0.14311,0.12833,0.060024,0.042485,0.0079489,0.0058173,0.0081905,0.0031972
3,0.050396,0.072031,0.041634,0.061735,0.071364,0.016772,0.011233,0.015079,0.021304,0.066883,0.035812,0.0034292,0.0022212,0.0022644,0.048377,0.070728,0.062735,0.010341,0.0073878,0.0032957,0.010743,0.027492,0.0055405,0.0098778,0.019977,0.078355,0.05895,0.060717,0.046478,0.084237,0.038375,0.020368,0.024435,0.016698,0.024415,0.049535,0.12188,0.11904,0.065349,0.080315,0.049174,0.056138,0.019866,0.0094373,0.019501,0.019408,0.019509,0.13543,0.11885,0.029855
3,0.073887,0.072299,0.059737,0.025235,0.00064791,0.0067833,0.0018239,0.0010686,0.0018201,0.092594,0.36657,0.29311,0.26779,0.10443,0.057815,0.012929,0.017562,0.038547,0.21072,0.14728,0.083405,0.06006,0.045718,0.060911,0.024043,0.0056922,0.0047706,0.0031073,0.0017428,0.0024209,0.0022524,0.0020479,0.0016762,0.043861,0.087676,0.058106,0.026716,0.020761,0.015252,0.015219,0.039435,0.048902,0.046536,0.024113,0.013199,0.0094822,0.071436,0.093267,0.13572,0.16213,0.097035,0.03178,0.01625,0.013934,0.027015,0.04803,0.19407,0.15434,0.29513,0.5104,0.54744,0.68338,0.47567,0.36203,0.32245,0.17288,0.098849,0.0061559
3,0.067289,0.00010799,0.0029888,0.0075474,0.024122,0.0307,0.057494,0.011472,0.045276,0.039649,0.055787,0.087581,0.043807,0.016493,0.017362,0.014011,0.023964,0.016996,0.10681,0.41785,0.46233,0.44657,0.30194,0.25138,0.22316,0.13973,0.048475,0.11584,0.131,0.15609,0.25679,0.30993,0.34731,0.33941,0.25147,0.053957,0.073507,0.056805,0.025384,0.0080754
3,0.010691,0.0059257,0.017886,0.025817,0.036144,0.047033,0.030999,0.083846,0.10851,0.13809,0.25502,0.32238,0.080955,0.078591,0.10597,0.22461,0.56236,0.26802,0.079208,0.0112,0.0094868,0.0016071,0.00061829,0.00068837,0.00054378,0.010627,0.03633,0.073929,0.060556,0.089964,0.12081,0.22639,0.018274,0.018023,0.0046876,0.0074409,0.027393,0.11669,0.14982,0.11472,0.020859,0.018919,0.041872,0.1004,0.13268,0.17874,0.2216,0.35602,0.071308,0.033106,0.039676,0.019967,0.016918,0.030384
3,0.04297,0.081073,0.040057,0.018299,0.020578,0.036173,0.020898,0.01226,0.022958,0.031853,0.022314,0.0046771,0.0046952,0.0051233,0.0084902,0.014467,0.0054367,0.0036259,0.0031566,0.0012755,0.001018,0.0011019,0.0011614,0.00099974,0.0015964,0.0017112,0.085923,0.27034,0.43498,0.34089,0.2256,0.085407,0.042227,0.057581,0.162,0.20438,0.097506,0.13619,0.14913,0.13523,0.044879,0.021317,0.030033,0.057197,0.055649,0.020858,0.03121
4,0.0086397,0.020978,0.077271,0.34942,0.25842,0.42282,0.24983,0.2242,0.14422,0.14202,0.12691,0.11314,0.070838,0.055743,0.032234,0.037988,0.031214,0.037565
4,0.28328,0.23468,0.1522,0.22261,0.56397,0.55012,0.6418,0.5,0.32938,0.13114,0.049183,0.049356,0.046457,0.11522,0.15171,0.22305,0.033354
4,0.051581,0.036438,0.064135,0.14203,0.12275,0.20383,0.27788,0.25086,0.25292,0.12919,0.031589,0.0098762,0.0056609,0.018822,0.021805,0.017116,0.0093784,0.013815
4,0.010655,0.0098614,0.018763,0.12127,0.059974,0.13695,0.26903,0.21013,0.18308,0.064562,0.079798,0.064597,0.061771,0.1119,0.091807,0.054553,0.058175,0.015822
4,0.11367,0.11006,0.17853,0.3487,0.35062,0.34668,0.11026,0.081445,0.02806,0.013874,0.022135,0.038856,0.10745,0.23432,0.036594,0.021483
4,0.13956,0.068752,0.18516,0.33309,0.25252,0.27926,0.23102,0.18528,0.072565,0.0282,0.09343,0.044977,0.083797,0.10644,0.01555,0.0068155
4,0.04555,0.0057843,0.044458,0.089572,0.17896,0.21004,0.2183,0.15511,0.12174,0.25081,0.34928,0.44353,0.4011,0.28907,0.13438,0.087104,0.18387,0.12835
4,0.12428,0.081654,0.072291,0.087768,0.2481,0.29658,0.19273,0.33323,0.34241,0.34302,0.10879,0.042675,0.027838,0.096018,0.073031,0.025436,0.024935
4,0.1529,0.00086196,0.0032399,0.010187,0.024395,0.020491,0.072263,0.086412,0.23288,0.23716,0.34203,0.30236,0.17189,0.15332,0.20032,0.11784,0.059827,0.0028247
4,0.066469,0.055337,0.078601,0.073013,0.24947,0.35275,0.62204,0.51028,0.3571,0.13581,0.043382,0.083975,0.18246,0.020718,0.0081744
4,0.0067327,0.0063444,0.020507,0.036683,0.031808,0.027275,0.33408,0.30221,0.27906,0.19543,0.39028,0.44141,0.30858,0.23,0.14781,0.018902
4,0.37381,0.11679,0.0221,0.011982,0.10783,0.32339,0.38366,0.14602,0.0866,0.059562,0.14891,0.41359,0.29604,0.10906,0.12219,0.17994,0.073123,0.015135
4,0.20563,0.24926,0.20479,0.096144,0.13272,0.22246,0.3489,0.31583,0.25245,0.37887,0.29628,0.45969,0.60634,0.59773,0.43627,0.1674,0.054849,0.026644,0.02855,0.010461,0.0052855
4,0.20331,0.099213,0.0403,0.11149,0.32036,0.33729,0.28168,0.30581,0.36259,0.37396,0.073177,0.022504,0.056877,0.040219,0.025147,0.0038452
4,0.038025,0.020317,0.027321,0.034701,0.097734,0.25003,0.46321,0.42051,0.42442,0.36681,0.24177,0.19674,0.216,0.25558,0.17918,0.1308,0.21001,0.38444,0.12137,0.045206,0.0080957
4,0.10471,0.12144,0.13637,0.13882,0.27486,0.30172,0.37137,0.315,0.45779,0.51962,0.44722,0.37571,0.5,0.17663,0.24715,0.11062,0.097127,0.14104,0.67219,0.66098,0.68972,0.67671,0.70049,0.35233,0.29013,0.31835,0.23851,0.17739,0.21142,0.32033,0.13128,0.053956,0.042658
4,0.14511,0.11026,0.1349,0.21316,0.35269,0.48168,0.30638,0.53119,0.55303,0.48224,0.53237,0.3148,0.13243,0.36949,0.29667,0.25431,0.30734,0.5886,0.61144,0.64925,0.6483,0.66194,0.31407,0.1023,0.12765,0.08674,0.051459,0.10939,0.18174,0.059377,0.044883
4,0.017992,0.027724,0.032695,0.20998,0.30764,0.27474,0.13616,0.2237,0.1532,0.203,0.3197,0.24184,0.24662,0.26838,0.35555,0.47282,0.41261,0.5464,0.55654,0.54872,0.64719,0.57846,0.6546,0.28521,0.24626,0.32294,0.10036,0.10079,0.17505,0.17863,0.05408,0.084038
4,0.13716,0.045479,0.047891,0.070314,0.11354,0.1706,0.26077,0.49133,0.38386,0.31128,0.3828,0.40397,0.19676,0.24287,0.17305,0.11726,0.29464,0.37904,0.5,0.54924,0.37553,0.5,0.47277,0.24831,0.12731,0.2082,0.11853,0.069764,0.11039,0.060161,0.027834,0.012944
4,0.1671,0.20723,0.15091,0.10105,0.18695,0.2276,0.080696,0.15099,0.10664,0.046487,0.036048,0.043391,0.054266,0.16869,0.082941,0.13191,0.080545,0.21924,0.25495,0.40084,0.23501,0.24891,0.20097,0.16275,0.19354,0.15882,0.10619,0.15582,0.18141,0.10428,0.023604,0.0099832
4,0.094071,0.037084,0.039184,0.02333,0.056761,0.049936,0.053873,0.45824,0.24855,0.30119,0.34402,0.23955,0.13121,0.20682,0.19507,0.39328,0.17899,0.2303,0.24957,0.48234,0.058082
4,0.17403,0.13455,0.18948,0.20404,0.21471,0.24154,0.21723,0.27627,0.22919,0.13975,0.10694,0.21557,0.36244,0.21328,0.087531,0.051131,0.21301,0.077031,0.0084332
4,0.20539,0.21897,0.10059,0.12961,0.2243,0.22598,0.33008,0.44973,0.34951,0.15973,0.11355,0.084399,0.15248,0.20323,0.23701,0.15345,0.1632,0.37316,0.060842
4,0.45875,0.22444,0.17661,0.13348,0.039088,0.093454,0.19825,0.17189,0.16074,0.17148,0.13326,0.13026,0.17526,0.35352,0.11099,0.056093,0.21029,0.024363
4,0.024556,0.0048169,0.0056882,0.052822,0.10935,0.10192,0.29865,0.21027,0.10933,0.30051,0.27737,0.083903,0.22796,0.17776,0.18039,0.050387,0.0097732,0.0050888,0.010439,0.19739,0.1405,0.17286,0.059761,0.010792
4,0.15334,0.10487,0.060335,0.16472,0.16357,0.10716,0.18088,0.39456,0.3575,0.44581,0.2911,0.5,0.37634,0.42015,0.34852,0.28518,0.22176,0.21852,0.30736,0.28279,0.29235,0.44391,0.32108,0.17464,0.050893
4,0.26057,0.1088,0.38078,0.27968,0.31797,0.22392,0.43911,0.6342,0.60876,0.63869,0.37953,0.29894,0.14286,0.4114,0.36189,0.23042,0.36027,0.42986,0.2201,0.1478,0.044794,0.14205,0.04564,0.015059
4,0.17573,0.17585,0.10672,0.10135,0.21033,0.071238,0.11446,0.24966,0.24272,0.38296,0.54231,0.38269,0.1687,0.16212,0.24891,0.15697,0.14763,0.064877,0.15955,0.07321,0.24552,0.14678,0.095892,0.048546,0.0075965
4,0.29756,0.11998,0.1703,0.62752,0.32785,0.19337,0.16706,0.39665,0.20219,0.12444,0.10804,0.10661,0.062524,0.03465,0.16259,0.10587,0.094825,0.1072,0.15292,0.20816,0.36021,0.24634,0.23929,0.29585,0.17672,0.089354,0.039661,0.019764,0.0090927,0.0054287
4,0.45998,0.026805,0.0083169,0.018057,0.072111,0.062778,0.095083,0.1848,0.11933,0.17661,0.20256,0.22212,0.31813,0.1805,0.43217,0.38306,0.29272,0.29568,0.66068,0.65549,0.52921,0.60607,0.42273,0.34894,0.52141,0.1889,0.060953
4,0.58752,0.40011,0.38481,0.13031,0.076325,0.075315,0.19043,0.199,0.31063,0.34207,0.50694,0.36385,0.45878,0.27279,0.42766,0.41068,0.34798,0.25227,0.36375,0.46502,0.46778,0.60043,0.21853,0.18263,0.11594,0.042401,0.0022297,0.0022868
4,0.17875,0.062668,0.025939,0.045236,0.13455,0.081281,0.097024,0.11016,0.1669,0.087735,0.059767,0.018648,0.0090985,0.019619,0.020702,0.0084049,0.025168,0.019403,0.0075973,0.033833,0.036165,0.12029,0.095324,0.13175,0.098385,0.13094,0.17542,0.047137,0.028925,0.018622
4,0.1486,0.073625,0.043854,0.073956,0.11351,0.045655,0.048276,0.082918,0.18382,0.10568,0.10924,0.13958,0.16967,0.18828,0.28017,0.14958,0.14184,0.07117,0.12709,0.1032,0.13797,0.10921,0.16946,0.14364,0.16365,0.19428,0.20694,0.232,0.18997,0.046713,0.027302
4,0.098755,0.042049,0.023704,0.038198,0.017856,0.023577,0.076076,0.18768,0.23132,0.10008,0.068008,0.14898,0.32195,0.28713,0.35145,0.34639,0.28969,0.19135,0.48883,0.51576,0.4517,0.45136,0.37942,0.23382,0.14174,0.095721,0.14307,0.030609
4,0.40995,0.32046,0.27495,0.10008,0.085536,0.077205,0.20409,0.42063,0.41774,0.33636,0.33057,0.49114,0.3167,0.15123,0.11827,0.066167,0.07084,0.10689,0.33174,0.23071,0.23022,0.20676,0.1619,0.065307,0.14737,0.065753,0.08997,0.13768,0.18853,0.23415,0.21186,0.20642,0.26704,0.091303,0.079762,0.042506
4,0.035296,0.020208,0.17589,0.46603,0.17486,0.14146,0.40186,0.51992,0.58237,0.28768,0.31505,0.3406,0.3611,0.21004,0.38923,0.47877,0.37629,0.30592,0.24149,0.1875,0.13531,0.14802,0.15779,0.080114,0.11223,0.15102,0.10222,0.092122,0.25934,0.50604,0.37172,0.37193,0.32839,0.22321,0.067943,0.03294,0.0065748
4,0.1146,0.059733,0.099801,0.08715,0.026561,0.057401,0.091562,0.34295,0.17375,0.13371,0.19813,0.14,0.13098,0.20383,0.34406,0.24152,0.18319,0.22086,0.093644,0.026463,0.013263,0.01444,0.056174,0.10101,0.10268,0.14456,0.18928,0.11495,0.21214,0.38997,0.27201,0.3614,0.18497,0.19393,0.060094,0.056001,0.031298,0.018979
4,0.42167,0.25033,0.54564,0.61628,0.41285,0.33217,0.39267,0.63411,0.69781,0.68034,0.65588,0.48066,0.36918,0.33821,0.28707,0.33156,0.31056,0.32132,0.34931,0.22085,0.091033,0.19875,0.24857,0.32037,0.30589,0.35552,0.29432,0.33689,0.19058,0.28357,0.2326,0.2535,0.16159,0.09268,0.10451,0.14444,0.052817,0.063382,0.024309
4,0.13336,0.080674,0.061978,0.078073,0.077214,0.12091,0.13347,0.17716,0.24429,0.31327,0.33013,0.24015,0.097573,0.074848,0.037729,0.0059492,0.057068,0.14534,0.22157,0.34958,0.64699,0.39651,0.39612,0.3634,0.25088,0.17978,0.017849
4,0.14897,0.0080787,0.077205,0.11923,0.085968,0.051631,0.050319,0.024621,0.22537,0.24672,0.40866,0.49473,0.36373,0.19043,0.34365,0.20434,0.073814,0.20245,0.17207,0.18845,0.23437,0.26997,0.34534,0.27118,0.22821,0.1959,0.1298,0.14967,0.012158
4,0.19737,0.14014,0.15585,0.12501,0.10326,0.023134,0.030543,0.025894,0.28669,0.13947,0.1574,0.29122,0.22837,0.28439,0.17461,0.10321,0.26779,0.33148,0.28006,0.52126,0.34868,0.28643,0.20258,0.16606,0.054574,0.018918
4,0.19828,0.1813,0.10855,0.18135,0.076245,0.093242,0.13142,0.077527,0.46589,0.37235,0.56943,0.48354,0.21252,0.12345,0.13272,0.088389,0.1443,0.14024,0.17769,0.11312,0.21406,0.16593,0.075137,0.079047,0.14868,0.22575,0.060541
4,0.23444,0.19447,0.54795,0.40118,0.25405,0.051816,0.044686,0.034138,0.091572,0.3182,0.71262,0.71513,0.51483,0.59235,0.59094,0.41025,0.4025,0.082357,0.053756,0.16323,0.12984,0.017217,0.0042183
4,0.18871,0.23631,0.39453,0.48696,0.31537,0.13394,0.11803,0.15022,0.26589,0.12556,0.19351,0.126,0.092856,0.039381,0.096406,0.03574,0.1743,0.14434,0.19089,0.23823,0.094566,0.013024,0.0095487
4,0.014443,0.017509,0.019383,0.090707,0.081285,0.033079,0.026092,0.035964,0.080894,0.28311,0.23512,0.45744,0.44119,0.40892,0.36487,0.48218,0.22036,0.27484,0.22362,0.13755,0.26387,0.18269,0.060701,0.028534
4,0.046439,0.058117,0.048052,0.16074,0.1746,0.12908,0.11434,0.11155,0.064229,0.20106,0.66764,0.64835,0.77276,0.62301,0.72939,0.54668,0.50636,0.28029,0.30958,0.32148,0.39141,0.34211,0.21215,0.026469
4,0.51788,0.5467,0.55551,0.22451,0.31136,0.25504,0.17408,0.21885,0.34615,0.73931,0.8591,0.74164,0.49134,0.62049,0.46074,0.25055,0.2511,0.17816,0.24765,0.36478,0.20125,0.043117,0.0040702
5,0.05066,0.046382,0.0075821,0.0065669,0.012593,0.022374,0.052658,0.03829,0.060596,0.049491,0.060315,0.025995,0.022748,0.0090203,0.0074386,0.004658,0.00020814,0.001171,0.0011092,0.001141,0.00076851,0.0007974,0.028239,0.030675,0.020173,0.027771,0.020184
5,0.035219,0.016161,0.060384,0.048598,0.29797,0.21349,0.18651,0.044422,0.010298,0.0041889,0.00096614,0.00087468,0.0062949,0.014282,0.069766,0.15102,0.073972,0.023559,0.0028159
5,0.0011775,6.2203e-05,4.9568e-05,0.0041259,0.0070139,0.2471,0.082182,0.061056,0.032311,0.023375,0.0088764,0.016494,0.0067804,0.0036891,0.00036372,0.0026453,0.033689,0.043203,0.050692,0.093892,0.048831,0.011156,0.10286,0.0077072
5,0.0063494,1.7451e-05,7.1502e-05,0.00033183,0.00068014,0.0013641,0.0053147,0.0069343,0.0021575,0.00073218,0.013274,0.021902,0.0035104,0.0007205,0.00028371,0.00011849,6.5094e-05,0.0011488,0.10122,0.22317,0.29524,0.55993,0.28922,0.031991,0.0040893
5,0.011834,0.0029441,0.011866,0.0042456,0.0029618,0.0015776,0.028462,0.017867,0.018833,0.027259,0.099343,0.072326,0.079056,0.18714,0.092455,0.025598
5,0.032947,0.0061356,0.0031714,0.0056816,0.031066,0.052376,0.10209,0.11591,0.10028,0.045935,0.018035,0.10304,0.17736,0.14158,0.29371,0.067,0.11275,0.12791,0.1406,0.26856,0.20576,0.1454,0.079414,0.18351,0.10628,0.1473,0.14395,0.040664,0.059127,0.068379,0.025262,0.042098,0.019912
5,0.00059362,7.6727e-07,3.2698e-06,5.236e-05,0.00024968,0.013105,0.03069,0.044247,0.082325,0.095375,0.053225,0.011191,0.011305,0.014081,0.027296,0.083579,0.055198,0.18103,0.15391,0.089415,0.068669,0.005411
5,0.034884,0.00021014,0.0096114,0.0036308,0.041099,0.035033,0.056346,0.064658,0.033869,0.060422,0.081781,0.055008,0.076628,0.043725,0.031181,0.013517,0.008527,0.016689,0.012672,0.017892,0.0097039,0.0083698,0.030525,0.38254,0.42118,0.36918,0.4022,0.25311,0.15768,0.07959,0.098072,0.086955,0.089828,0.015726,0.039883,0.014644,0.035986,0.055225,0.04911,0.033176,0.025132,0.0097647
5,0.036948,0.050042,7.6748e-05,0.0088312,0.0021087,0.0031732,0.0034216,0.043437,0.072145,0.073675,0.061279,0.054948,0.25818,0.12922,0.026451,0.0077085,0.0057253,0.0017989,0.0012451,0.023216,0.060492,0.11747,0.15423,0.31904,0.10668,0.075978,0.096237,0.043724,0.033975,0.013366,0.0080493,0.0041319,0.038158,0.03272,0.1164,0.23939,0.34518,0.23648,0.12566,0.11489,0.050492,0.030325,0.010914,0.004873,0.00096282,0.0017778,0.0018183,0.0088083,0.01357,0.016588,0.014024,0.014286
5,0.076933,0.054141,0.026798,0.045935,0.060911,0.11531,0.15575,0.033887,0.038558,0.016301,0.024731,0.10032,0.073641,0.066154,0.02633,0.06051,0.055738,0.034367,0.036591,0.052001,0.029947,0.057395,0.024228,0.021478,0.0091717,0.015633,0.012129,0.00092092,0.008474,0.004449,0.010877,0.095571,0.31208,0.023576
5,0.014597,0.016033,0.0079534,0.16579,0.10804,0.098409,0.021772,0.023592,0.013125,0.0062674,0.010819,0.049738,0.058016,0.05936,0.023793,0.02142,0.043557,0.040018,0.015043,0.014167,0.014061,0.010117,0.0091493,0.015884,0.010113,0.0019624,0.0015454,0.0020956,0.00022956,0.00011244,5.4302e-05,0.00052754,0.0073618,0.0080608,0.0032337,0.025074,0.19324,0.0054677
5,0.021668,0.018494,0.041324,0.1009,0.11311,0.057967,0.017267,0.0088608,0.0060257,0.0098641,0.031577,0.050865,0.05472,0.078819,0.10563,0.027233,0.014903,0.0029634,0.005713,0.01451,0.028962,0.014511,0.034809,0.02613
5,0.021909,0.0095333,1.5651e-05,5.552e-05,8.4802e-05,2.599e-05,0.00026222,0.0010544,0.0081325,0.0068405,0.01127,0.0066479,0.0018643,0.032648,0.22154,0.36316,0.2501,0.26739,0.23089,0.2269,0.18268,0.094514,0.029512,0.0025156,0.0011561,0.0026644,0.052282,0.030626,0.086002,0.11335,0.027152
5,0.12631,0.17867,0.24431,0.028757,0.059948,0.083751,0.080939,0.05224,0.047266,0.024884,0.048413,0.11164,0.071837,0.070888,0.10896,0.13403,0.11359,0.093327,0.10195,0.12291,0.16011,0.076538,0.039335,0.074499,0.10387,0.036691,0.0082425,0.0021924,0.00048222,0.0044227,0.002701,0.0063526,0.0070825,0.011328,0.011123,0.039567,0.018168,0.020318,0.010095,0.0034438,0.0075771,0.0097902,0.010455,0.022597,0.072668,0.10585,0.095762,0.035378,0.061519,0.16422,0.099805,0.036581,0.032202,0.010654,0.0054153,0.028205
5,0.057139,0.053971,0.14005,0.11102,0.16414,0.12134,0.17305,0.11002,0.19678,0.19742,0.091278,0.083092,0.037985,0.038535,0.030174,0.0043184,0.0073585,0.020437,0.083257,0.14564,0.15618,0.033855,0.0020256,0.0003009,0.00018663,0.00014825,0.0025345,0.024392,0.014714,0.031217,0.017061,0.0027351,0.00082735,0.0012353,0.0041675,0.0068873,0.0062771,0.01094,0.0032688,0.010877,0.024146,0.012883,0.021443,0.050314,0.025819,0.017472,0.026214,0.059795,0.025376,0.027772,0.0066999
5,0.067041,0.044777,0.24239,0.22478,0.36449,0.39382,0.41691,0.26474,0.14359,0.10267,0.13692,0.21155,0.22684,0.21007,0.20306,0.052624,0.041963,0.076337,0.11788,0.16062,0.090038,0.13934,0.059967,0.028834,0.024067,0.048205,0.016029,0.016328,0.020811,0.022924,0.023291,0.020447,0.072585,0.059726,0.012963,0.092968,0.22593,0.13629,0.38928,0.28199,0.23825,0.16559,0.014146,0.025841,0.029497,0.017415
5,0.019711,0.011549,0.00043053,0.014535,0.016533,0.038619,0.11102,0.14562,0.11918,0.04857,0.059709,0.070764,0.12779,0.14505,0.10592,0.069035,0.027021,0.065416,0.072412,0.054678,0.073568,0.04673,0.015466,0.010352,0.0092086,0.0024523,0.0011919,0.0016379,0.0032281,0.001955,0.0053179,0.011693,0.38012,0.2728,0.14394,0.091675,0.2551,0.0066564
5,0.068027,0.0056617,0.033824,0.066545,0.09775,0.054771,0.060189,0.031309,0.11021,0.24591,0.59378,0.031527,0.026771,0.0067618,0.0033036,0.00033674,0.0034225,0.11064,0.12274,0.20168,0.35288,0.41908,0.19062,0.076939,0.12214,0.37113,0.026549
5,0.029157,0.020778,0.0072258,0.015827,0.071408,0.081108,0.14724,0.061835,0.033158,0.00835,0.0043698,0.0016638,0.00049469,0.0010707,0.0022115,0.017487,0.0032867,0.004663,0.012108,0.1247,0.2969,0.12131,0.12219,0.054723,0.071771,0.19494,0.039947,0.0019595,0.00044131,0.0029933,0.014038,0.0033294
5,0.018964,0.00781,0.0061038,0.010621,0.030973,0.064683,0.096701,0.045,0.01729,0.0075057,0.011259,0.076867,0.041783,0.1019,0.1581,0.024796,0.0022308,0.0013062,0.0013245,0.0006572,0.00079885,0.00042301,0.034122,0.020168,0.023671,0.107,0.22505,0.13311,0.007906
6,0.0027083,0.0029791,0.009398,0.034326,0.097577,0.09427,0.053497,0.04373,0.006044,0.0018461,0.0003052,9.8636e-05,0.0007471,0.013922,0.030193,0.084557,0.15482,0.013056,0.0068498
6,0.036448,0.044522,0.048921,0.11003,0.085529,0.078793,0.052427,0.040265,0.0032302,0.0010581,2.7518e-05,1.9597e-06,1.8144e-06,0.00040134,0.00061797,0.0012987,0.00078174
6,0.0043589,0.0047075,0.01196,0.033125,0.051645,0.040194,0.030277,0.036377,0.0059873,0.0020292,0.0023333,0.0017285,0.042158,0.04171,0.084382,0.017502
6,0.01734,0.0076327,0.015877,0.01648,0.0090553,0.0078787,0.0091417,0.001715,0.0038733,0.0034901,0.0018018,0.033098,0.047185,0.084645,0.039331,0.058089
6,0.01215,0.0059115,0.0079389,0.0094991,0.0089917,0.028719,0.016153,0.030718,0.17751,0.10416,0.016562,0.0096183,0.0051304,0.0063036,0.0064554,0.0086368
6,0.028577,0.020612,0.062272,0.050446,0.023454,0.025885,0.017663,0.009041,0.022382,0.016003,0.0065615,0.025162,0.03422,0.060528,0.073014,0.052131,0.049743
6,0.019655,0.0011418,0.00046945,0.0010722,0.013234,0.025175,0.060261,0.033884,0.033155,0.21939,0.066623,0.02348,0.0002237
6,0.03885,0.062125,0.15258,0.30033,0.34187,0.33035,0.11648,0.087267,0.054223,0.047084,0.077585,0.065729,0.094234,0.067305,0.014991
6,0.0080316,0.0060028,0.0037766,0.0059336,0.013483,0.0079783,0.014995,0.017647,0.022874,0.054019,0.030745,0.02193,0.030466,0.34359,0.042239,0.0040716
6,0.0052772,0.0011029,0.00063342,0.0015944,0.0015255,0.0024673,0.0023019,0.01418,0.012922,0.0071315,0.0020897,0.0014669,0.0038733,0.03472,0.026516
6,0.0043917,0.0050897,0.0067161,0.0042708,0.012798,0.026107,0.014789,0.037126,0.01037,0.0017924,0.0036217,0.013657,0.013085,0.012769,0.0037411,0.0020642,0.0012544,0.0086166,0.011208,0.018567,0.036532,0.013651,0.024155,0.0071858,0.0043944,0.0072368,0.011359,0.016285,0.056843,0.043386,0.04276
6,0.030911,0.0098973,0.0060539,0.021988,0.029709,0.065081,0.071903,0.050609,0.022969,0.0078629,0.0054962,0.0044404,0.026632,0.04205,0.080552,0.15331,0.16046,0.047058,0.022841,0.02552,0.0066045,0.0058031,0.0070627,0.019121,0.012639,0.020347
6,0.01819,0.0078498,0.0016856,0.0051294,0.01051,0.01344,0.023541,0.016026,0.045764,0.11063,0.1364,0.10761,0.11973,0.15065,0.15537,0.24121,0.52333,0.13999,0.56964,0.64628,0.16334,0.18635,0.064649,0.023372,0.021368,0.11395,0.07245,0.022804
6,0.03689,0.046866,0.030518,0.041894,0.072494,0.067001,0.073326,0.109,0.042542,0.012877,0.0033428,0.0032389,0.025245,0.086975,0.056405,0.059742,0.024419,0.020765,0.021113,0.063446,0.06203,0.42205,0.30051,0.13596,0.045883,0.035391,0.010441,0.0021173,0.0042482,0.016917,0.018334,0.051781,0.0051424
6,0.044497,0.019522,0.00085291,0.00061847,0.00014683,0.00023846,0.00057092,0.00048612,1.2887e-05,1.4121e-05,0.00028234,0.0044446,0.0020575,0.0031263,0.003023,0.0086044
6,0.30782,0.19116,0.056892,0.058944,0.048328,0.036483,0.061855,0.054044,0.070084,0.06393,0.073571,0.085231,0.053048,0.050209,0.028153
6,0.12993,0.13578,0.020896,0.019985,0.0033486,0.0017345,0.016389,0.021326,0.021083,0.024792,0.041091,0.011105,0.007377,0.034485,0.060902,0.015497
6,0.030999,0.061896,0.039056,0.023964,0.017676,0.0094534,0.0058903,0.024559,0.018825,0.011809,0.033623,0.032468,0.038301,0.022166,0.014702,0.025185,0.041475,0.035936,0.04181,0.031052,0.0063189,0.0028541,0.0023382,0.03188,0.034294,0.1024,0.11995
6,0.019537,0.0064371,0.012422,0.055255,0.011499,0.010301,0.025099,0.022398,0.0077361,0.011188,0.024909,0.01101,0.015067,0.0081186,0.0064443,0.014815,0.0070155,0.008378,0.035299,0.060883,0.0094647
6,0.0096392,0.0018012,0.00051048,0.0013843,0.00097763,0.0057967,0.010493,0.033624,0.012369,0.050344,0.078217,0.031151,0.019055,0.026579,0.013804,0.018101,0.018133,0.023609,0.030566,0.078788,0.38743,0.13633,0.018694
6,0.006006,0.0015495,0.00072389,0.0062765,0.004047,0.00078055,0.0013711,0.0064691,0.017595,0.035676,0.041632,0.035048,0.0073245,0.0059969,0.086083,0.1916,0.1253,0.096613,0.010679,0.0026974,0.0043117,0.0012887,0.00042317,0.00080424,0.0019074,0.0071597,0.0044476,0.0037236,0.0041726,0.012745,0.015462
6,0.038155,0.073231,0.091638,0.1281,0.014533,0.008049,0.01444,0.010635,0.0072195,0.0028625,0.0086608,0.0017832,0.011035,0.013185,0.0041236,0.0080174,0.046193,0.03043,0.025737,0.010931,0.0099616,0.0064001,0.010142,0.016223,0.0035339
6,0.065112,0.04002,0.01893,0.0040354,0.026332,0.062872,0.099497,0.085551,0.19772,0.395,0.16585,0.22602,0.17358,0.063281,0.038847,0.011715,0.013041,0.0094464,0.0084872,0.10967,0.12947,0.070002,0.0018152
6,0.1001,0.096243,0.080694,0.13289,0.13892,0.14613,0.15992,0.1936,0.13021,0.13702,0.15275,0.11616,0.11452,0.058635,0.049793,0.076455,0.063386,0.021762,0.018622,0.019403,0.015599,0.004417,0.0088826,0.007536,0.0071961,0.02403,0.10763,0.22248,0.14172,0.29293,0.10882,0.072051,0.02976
6,0.0078389,0.014302,0.010274,0.011739,0.0056379,0.0092595,0.0046751,0.0041527,0.0090604,0.0069074,0.011506,0.012566,0.014352,0.050255,0.041455,0.033308,0.021616,0.021361,0.0022382,0.00039726,0.00022712,5.7687e-05,2.4778e-05,0.00088665,0.0039356,0.011204,0.015535,0.19541,0.16256,0.18135,0.16798,0.033963
6,0.12613,0.0619,0.07174,0.0030207,0.0067893,0.013766,0.023419,0.009107,0.0036031,0.01012,0.0072299,0.0072131,0.0026582,0.0013484,0.0017868,0.00052587,0.001671,0.017936,0.041418,0.045689,0.07349,0.10683,0.091097,0.030123,0.022585,0.020973,0.011808
6,0.36562,0.026297,0.051554,0.018586,0.025504,0.026642,0.016125,0.0045977,0.008305,0.014929,0.032987,0.058465,0.038271,0.050845,0.019053,0.025979,0.058829,0.26551,0.22404,0.19766,0.13377,0.10408,0.089344,0.11711,0.0058652
6,0.036822,0.057827,0.056992,0.13101,0.11076,0.071848,0.052368,0.026473,0.015969,0.0088512,0.0023098,0.0018577,0.0066988,0.016534,0.020262,0.035849,0.10171,0.11684,0.021036,0.0048613
6,0.38584,0.20019,0.18918,0.098492,0.076141,0.032349,0.019339,0.0036031,0.0037917,0.0019191,0.0018241,0.0071125,0.0086634,0.0071855,0.0050442,0.0038955,0.0020324,0.0013402,0.00036906,0.00025059,4.8929e-05,0.024892,0.042046,0.08737,0.11478,0.12172,0.030218
6,0.057705,0.052234,0.028867,0.028973,0.010923,0.0078894,0.010238,0.15759,0.089717,0.10272,0.067883,0.035358,0.021345,0.084758,0.066132,0.052072,0.010437
6,0.029415,0.013428,0.0082552,0.013113,0.015323,0.020468,0.013206,0.0045176,0.00059038,0.00020295,0.00051807,0.00011465,0.00015597,0.0019557,0.0012965,0.0020897,0.0033706,0.0036774,0.012234,0.0053316,0.0028151,0.0025808,0.010157,0.0085877,0.017384,0.016785,0.014667,0.014963,0.0059328
6,0.044384,0.02711,0.010033,0.0053867,0.0051411,0.0042975,0.0026804,0.039908,0.10906,0.20542,0.097406,0.036566,0.014542,0.018669,0.011791,0.03701,0.031203,0.054651,0.20903,0.0042827,0.0023276
7,0.12205,0.11841,0.1422,0.18889,0.20987,0.23077,0.45776,0.51049,0.30078,0.13263,0.20217,0.091882,0.046911,0.035841,0.021551,0.041477,0.075967,0.022506,0.028333
7,0.045845,0.029937,0.13923,0.099695,0.12958,0.1052,0.054588,0.1037,0.13263,0.088629,0.064759,0.026914,0.013179,0.055439,0.028241,0.09029,0.043929,0.032808,0.0025707,0.0093635
7,0.0080945,0.0045058,0.012392,0.033428,0.3022,0.24488,0.22096,0.31152,0.25422,0.11766,0.1299,0.058956,0.12418,0.20374,0.15091,0.17659,0.19768,0.25656,0.12112,0.027775,0.039443
7,0.022461,0.00040109,0.00083155,0.011051,0.046876,0.061342,0.022481,0.076336,0.073934,0.25255,0.19126,0.18268,0.4089,0.36783,0.57249,0.49349,0.26446,0.013918
7,0.18176,0.23486,0.24936,0.17777,0.20886,0.27063,0.29291,0.3876,0.28568,0.38039,0.31839,0.21552,0.1441,0.045694,0.024635,0.028218
7,0.086599,0.31922,0.13602,0.1029,0.1087,0.12334,0.28923,0.36558,0.51428,0.27741,0.1567,0.054196,0.05566,0.080062,0.012591,0.0074956
7,0.0045878,0.00033312,0.034801,0.19068,0.14249,0.1399,0.16926,0.40393,0.24512,0.28626,0.21039,0.37888,0.34756,0.19688,0.137,0.06249,0.080529,0.030584
7,0.0069515,0.00069854,0.0012825,0.0096891,0.017022,0.0449,0.11874,0.16084,0.061894,0.16217,0.13602,0.10114,0.091466,0.34019,0.26361,0.099529,0.1157,0.29933,0.1528,0.15475,0.00077447
7,0.094185,0.043027,0.071735,0.059207,0.21272,0.26033,0.22358,0.22995,0.39853,0.34253,0.11965,0.17354,0.21992,0.3386,0.068031,0.0076923
7,0.0072697,0.003749,0.011123,0.059703,0.063466,0.079962,0.13844,0.23231,0.067371,0.26713,0.23494,0.1928,0.19909,0.17102,0.20832,0.46259,0.29647,0.1317,0.16816,0.31532,0.13835,0.019385,0.0039942
7,0.033229,0.078161,0.15008,0.13525,0.1118,0.21523,0.351,0.32871,0.35208,0.3145,0.33339,0.51045,0.60457,0.52525,0.22603,0.12611,0.13343,0.051493,0.017316,0.0039093
7,0.038075,0.045387,0.030584,0.055153,0.082235,0.091105,0.12303,0.032448,0.037136,0.082818,0.050467,0.041061,0.043785,0.17143,0.044218,0.082301,0.11735,0.059934,0.041267,0.13365,0.21074,0.074649,0.049198,0.13697,0.088803,0.1622,0.22379,0.15592,0.17282,0.16977,0.16712,0.47904,0.2028,0.15184,0.19981,0.11783,0.018435,0.0092403,0.0019869
7,0.0048239,0.00015626,0.00037597,0.0033027,0.025819,0.036738,0.059739,0.047741,0.11434,0.1576,0.083154,0.053692,0.176,0.14731,0.2264,0.21149,0.25625,0.095861,0.11947,0.087499,0.081021,0.10974,0.087005,0.050196,0.13979,0.17888,0.31547,0.40999,0.28762,0.21872,0.16861,0.13568,0.21212,0.077832,0.10576,0.092989,0.075748,0.13606,0.13463,0.098876,0.08222,0.067864
7,0.079075,0.032556,0.03296,0.1014,0.053352,0.10152,0.10682,0.13387,0.44082,0.58761,0.53365,0.52377,0.42661,0.23732,0.25078,0.24746,0.34293,0.2475,0.19302,0.34382,0.34748,0.37514,0.23244,0.19791,0.12268,0.095078,0.033184,0.13825,0.05748,0.069846,0.21262,0.21468,0.086588,0.051462
7,0.014464,0.0064981,0.0065541,0.050551,0.049658,0.047787,0.09332,0.11457,0.21678,0.27437,0.17077,0.27548,0.20225,0.12225,0.12485,0.27413,0.36689,0.19581,0.46505,0.41638,0.61749,0.68113,0.66096,0.29486,0.13696,0.11921,0.12407,0.073983,0.059513,0.078518,0.095682,0.042515,0.073703,0.01318
7,0.077292,0.19262,0.23411,0.24433,0.38078,0.42754,0.52406,0.45176,0.5,0.52407,0.34291,0.36976,0.405,0.25028,0.11383,0.1403,0.072656,0.13673,0.154,0.2331,0.55002,0.55671,0.52263,0.5098,0.40388,0.45425,0.36169,0.21741,0.07342,0.077352,0.059582,0.0092483,0.0047268
7,0.28217,0.149,0.021663,0.049348,0.080106,0.023473,0.022262,0.16719,0.20656,0.23002,0.16938,0.10033,0.10806,0.14993,0.090792,0.10225,0.055189,0.1137,0.042326,0.020066,0.01665,0.038462,0.027022,0.010179
7,0.13531,0.098852,0.052255,0.0042066,0.0037804,0.0091596,0.010719,0.0073803,0.26788,0.1235,0.12905,0.21497,0.18142,0.23375,0.18943,0.1513,0.16184,0.14938,0.10069,0.03944,0.055561,0.02443,0.07765,0.10952,0.018316,0.024865
7,0.1518,0.20099,0.074296,0.041645,0.093897,0.068195,0.10129,0.43371,0.26091,0.2364,0.20224,0.25394,0.1896,0.47014,0.39789,0.090018,0.038452,0.068504,0.038424,0.0039492
7,0.011432,0.014156,0.015964,0.0065889,0.082339,0.084923,0.10043,0.23112,0.23894,0.16564,0.090958,0.18469,0.20242,0.18704,0.18263,0.14295,0.2404,0.12112,0.027132,0.014378,0.066542,0.11086,0.011352,0.0029002
7,0.061327,0.042073,0.039768,0.044555,0.091501,0.063474,0.12044,0.14938,0.14759,0.084192,0.058082,0.10462,0.074744,0.056539,0.055198,0.10232,0.072715,0.026035,0.032348,0.059233,0.096747,0.053345,0.0044521
7,0.076235,0.04462,0.045169,0.016491,0.083775,0.1532,0.20211,0.12893,0.19625,0.1139,0.090349,0.15459,0.33708,0.36031,0.30564,0.15925,0.2858,0.37326,0.35933,0.37073,0.14688,0.10771,0.06182,0.083265,0.079813,0.089548,0.089449,0.036274,0.0079896
7,0.018032,0.011696,0.017122,0.040186,0.06583,0.050281,0.083347,0.12813,0.074802,0.1948,0.11781,0.093672,0.11448,0.31581,0.29648,0.49056,0.35684,0.30976,0.25765,0.3308,0.32305,0.45012,0.3953,0.089373,0.026401,0.0099522,0.0074505,0.071877,0.16365,0.080723,0.059612,0.076577,0.13213,0.11851,0.022349
7,0.21475,0.15512,0.28465,0.35763,0.26558,0.42529,0.2723,0.25838,0.45849,0.60037,0.47911,0.62967,0.43904,0.40866,0.52051,0.25011,0.1181,0.23481,0.059523,0.028272,0.015289
7,0.014104,0.022915,0.020196,0.043294,0.032787,0.064003,0.1097,0.14349,0.26453,0.20796,0.4615,0.33652,0.48503,0.38316,0.2486,0.21921,0.27629,0.32114,0.26226,0.075301,0.079187,0.066151,0.23733,0.11172,0.27277,0.024964,0.02797
7,0.32071,0.071279,0.034662,0.10834,0.27046,0.20637,0.080912,0.11483,0.26946,0.19832,0.16542,0.18948,0.16759,0.23581,0.27658,0.17121,0.26184,0.3747,0.1572,0.23277,0.26335,0.20342,0.26801,0.19981,0.29228,0.35573,0.36461,0.23344,0.20499,0.076672,0.063129,0.039425,0.024812,0.009948,0.0057697
7,0.011931,0.0091882,0.0065152,0.028147,0.068169,0.095955,0.058394,0.05998,0.09074,0.27397,0.40156,0.23946,0.24722,0.11481,0.17752,0.1816,0.23208,0.28987,0.31104,0.33213,0.2899,0.21119,0.14695,0.21871,0.072957,0.067068,0.096265,0.11075,0.22358,0.22465,0.33658,0.40305,0.089176,0.034805,0.017028
7,0.21306,0.19058,0.1203,0.023263,0.032807,0.031221,0.027618,0.044357,0.060351,0.07247,0.057572,0.20435,0.069248,0.072278,0.31139,0.23724,0.1041,0.25088,0.70019,0.41284,0.54602,0.34166,0.23467,0.19482,0.082419,0.020541,0.0065596
7,0.06361,0.018882,0.009943,0.10477,0.25026,0.20557,0.17771,0.18371,0.31988,0.29597,0.22252,0.11461,0.13345,0.078394,0.16801,0.072909,0.077738,0.16045,0.18417,0.27437,0.18553,0.18092,0.27915,0.46561,0.29347,0.40128,0.77889,0.71909,0.60945,0.46758,0.25635,0.29172,0.25392,0.15047,0.074736,0.15722,0.11673,0.012395
7,0.0060836,0.024841,0.041994,0.05299,0.099699,0.10565,0.10616,0.46973,0.35235,0.32047,0.11777,0.14291,0.29418,0.10934,0.12303,0.19378,0.22345,0.12419,0.15306,0.15896,0.15682,0.24813,0.19392,0.33925,0.38257,0.51058,0.38266,0.37254,0.45153,0.19029,0.15182,0.10585,0.078445,0.022105,0.0055712,0.0058216,0.0082346,0.0094886,0.000856
7,0.0028794,0.0019423,0.0027934,0.024113,0.038805,0.046503,0.090605,0.09291,0.048856,0.061931,0.074337,0.10498,0.023555,0.0016541,0.0093032,0.36593,0.20202,0.21307,0.29567,0.17777,0.050287,0.18193,0.11212,0.10425,0.20344,0.13509,0.093649,0.4489,0.1245,0.2095,0.31065,0.45517,0.45871,0.41627,0.20342,0.23598,0.1189,0.05103,0.019601,0.0035438
7,0.096043,0.077096,0.10121,0.067648,0.10188,0.15861,0.42418,0.19734,0.091568,0.12362,0.20554,0.1861,0.17353,0.11741,0.11014,0.15116,0.099821,0.19132,0.20421,0.37695,0.067262,0.37679,0.34846,0.26382,0.41612,0.35545,0.089533,0.15402,0.26483,0.12168,0.16588,0.25196,0.17699,0.1766,0.17468,0.11627,0.19468,0.043052,0.031229,0.014701
7,0.07273,0.091914,0.22209,0.32745,0.43541,0.53797,0.20047,0.51315,0.21975,0.14527,0.25041,0.48727,0.555,0.24906,0.57184,0.64493,0.26691,0.34249,0.31566,0.33898,0.66071,0.37126,0.58309,0.70779,0.712,0.39521,0.58111,0.43721,0.5189,0.60001,0.46539,0.4044,0.35172,0.25267,0.15943,0.092934,0.074349,0.030513,0.041498
7,0.066405,0.057511,0.050676,0.060721,0.26683,0.10873,0.059829,0.048888,0.45303,0.68725,0.43027,0.27298,0.17388,0.15319,0.094864,0.15489,0.076389,0.024964,0.028196,0.11648,0.12371,0.15389,0.13187,0.13557,0.050937,0.15394,0.21529,0.27912,0.28202,0.27811,0.18531,0.49428,0.36168,0.30136,0.52092,0.5,0.29789,0.25029,0.25564,0.25704,0.18245,0.1493,0.10623,0.063973,0.13735,0.013575
7,0.12246,0.0029964,0.010782,0.047562,0.099027,0.031416,0.0020724,0.004016,0.0021647,0.012318,0.19541,0.30167,0.34536,0.30389,0.4153,0.2024,0.24571,0.26971,0.12367,0.1919,0.36517,0.36652,0.34083,0.41174,0.40324,0.39286,0.28932,0.10407,0.1874,0.13665,0.033264
7,0.13192,0.11305,0.34061,0.14682,0.21662,0.19493,0.18207,0.28288,0.3047,0.26793,0.18821,0.16062,0.14652,0.30065,0.03979,0.043322,0.19038,0.17308,0.2686,0.4542,0.28329,0.17764,0.08182,0.068515,0.10815,0.022832
7,0.11116,0.24835,0.23371,0.67334,0.76381,0.33844,0.18896,0.30586,0.24765,0.22239,0.14761,0.36351,0.36911,0.3834,0.37254,0.31661,0.11124,0.032209,0.23598,0.42215,0.45913,0.46644,0.63634,0.5475,0.39191,0.19414,0.074316,0.032821,0.013233,0.0083213
7,0.12567,0.03467,0.015948,0.034549,0.067842,0.18141,0.22907,0.10226,0.054961,0.022228,0.0701,0.058739,0.043777,0.15537,0.18136,0.18681,0.28062,0.168,0.14963,0.071115,0.061994,0.026833,0.0047496,0.023409,0.047616,0.21995,0.10466,0.097112,0.2589,0.22922,0.29725,0.40758,0.29144,0.27974,0.22238,0.16427,0.11072,0.24209,0.038219
7,0.043075,0.0010271,0.07096,0.085712,0.12223,0.10608,0.062009,0.031555,0.050904,0.045065,0.018902,0.13769,0.097761,0.30306,0.34969,0.34596,0.34072,0.56149,0.4696,0.53311,0.53488,0.43045,0.35224,0.35833,0.31889,0.46541,0.28979,0.13121
7,0.26408,0.24446,0.49343,0.51072,0.50815,0.5183,0.42622,0.20696,0.30502,0.72325,0.70568,0.55017,0.45566,0.61947,0.655,0.661,0.50636,0.26907,0.28486,0.27182,0.27318,0.11809,0.025433,0.0093199
7,0.13731,0.36268,0.42033,0.28605,0.23899,0.31724,0.2844,0.14053,0.14429,0.78818,0.79664,0.8655,0.79904,0.7692,0.19965,0.19534,0.076124,0.09283,0.097541,0.11051,0.18015,0.036228,0.015482
7,0.046076,0.038983,0.061028,0.092254,0.12964,0.079543,0.10993,0.047861,0.13427,0.21735,0.11248,0.029571,0.050728,0.16781,0.2707,0.41501,0.47023,0.76908,0.72093,0.75331,0.23655,0.26992,0.12951,0.088753,0.26689,0.21268,0.1592,0.20107,0.22199,0.087943,0.0044315
