1,0.10558,0.38843,0.33649,0.27549,0.52166,0.52592,0.42038,0.42317,0.45422,0.59467,0.51882,0.30294,0.27631,0.15062,0.025539,0.029244,0.025594,0.037316,5.882e-07
1,0.073277,0.074763,0.025325,0.043181,0.18416,0.35044,0.16803,0.20467,0.20408,0.18766,0.054097,0.08653,0.62853,0.49454,0.16586,0.19667,0.038455,9.8094e-08,4.745e-09
1,0.069579,0.11252,0.47405,0.60887,0.77102,0.60764,0.52259,0.51928,0.3567,0.33411,0.12328,0.073246,0.10248,0.048358,0.03899,0.043509,0.015038,1.4596e-06,1.4928e-09
1,0.0026176,1.4341e-06,0.002668,0.0047059,0.12275,0.38824,0.51157,0.77311,0.64,0.37572,0.3039,0.22181,0.20063,0.31553,0.017666,8.8238e-06,0.20298,0.051139,0.088046,0.2696,0.04656,0.014188,1.7361e-06
1,0.15642,0.44557,0.40575,0.1641,0.14322,0.01904,0.01169,0.012731,0.031159,0.077799,0.52261,0.63928,0.82402,0.72532,0.5,0.42989,0.19757,0.050681,5.7787e-07
1,0.21996,0.17994,0.40292,0.37106,0.4718,0.36012,0.72259,0.5,0.44716,0.15779,0.08177,0.06536,0.013518,0.01466,0.079909,0.1401,0.18167,0.086821,0.061898,0.023904,3.0992e-08
1,0.52816,0.066593,0.62027,0.89492,0.90874,0.86006,0.76833,0.3661,0.27961,0.1861,0.33375,0.22247,0.072045,0.048929,0.12585,0.01125,1.2014e-05,3.2522e-06
1,0.59653,0.028201,0.050995,0.15744,0.45839,0.4754,0.86528,0.74777,0.48725,0.17381,0.16374,0.10707,0.24186,0.46885,0.18496,0.17319,0.05436,0.015613,1.061e-05,1.0917e-06
1,0.097228,6.3096e-06,0.23995,0.55994,0.54869,0.10235,0.3756,0.37412,0.36145,0.48615,0.548,0.55502,0.34698,0.063511,0.01922,0.0061982,1.4033e-09
1,0.32201,0.28018,0.19742,0.10257,0.64281,0.43484,0.36273,0.41971,0.52961,0.61906,0.49243,0.59978,0.24377,0.1424,0.085594,0.071729,1.8774e-06,8.8254e-07
1,0.2432,0.21589,0.31643,0.13964,0.31665,0.7017,0.61,0.31037,0.33632,0.15519,0.27545,0.12118,0.074537,0.021245,0.021748,1.1059e-05,6.7898e-07
1,0.20516,0.33367,0.21304,0.65221,0.77269,0.6375,0.2623,0.24512,0.23729,0.16173,0.11412,0.04851,0.0073566,0.0036067,5.74e-08
1,0.095076,0.094245,0.024319,0.14895,0.16742,0.22878,0.14121,0.32224,0.27148,0.33433,0.27286,0.3548,0.35519,0.082453,0.033853,0.020314,0.018476,0.008329,1.664e-07
1,0.080009,0.083701,0.089194,0.10594,0.21278,0.3008,0.58961,0.49307,0.41017,0.40992,0.32615,0.53399,0.27381,0.22642,0.099366,0.011581,0.0054848,7.3527e-06
1,0.090894,0.2664,0.23465,0.1638,0.2576,0.15333,0.48083,0.50713,0.72767,0.87858,0.91695,0.94072,0.92568,0.91864,0.85779,0.71982,0.76504,0.69751,0.66696,0.50603,0.23602,0.35697,0.21415,0.10903,0.04028,0.12548,0.15609,0.25489,0.19535,0.085674,0.020264,0.028372,0.015877,0.0061903,1.1678e-05,5.3004e-09
1,0.63223,0.59711,0.85347,0.82383,0.65565,0.42602,0.21176,0.48664,0.6836,0.8172,0.69413,0.64407,0.55401,0.76443,0.9001,0.84549,0.8017,0.20964,0.14217,0.24454,0.309,0.17566,0.063856,0.07736,0.055786,0.0057142,1.7805e-05,0.0057016,0.0071765,0.004719,0.0049449,6.2546e-07
1,0.92018,0.83887,0.8002,0.75739,0.78282,0.78546,0.73279,0.66712,0.759,0.71002,0.51146,0.18715,0.25102,0.18638,0.35224,0.57986,0.63678,0.42665,0.65455,0.69109,0.68288,0.29332,0.54101,0.12261,0.26246,0.46814,0.56152,0.60196,0.66757,0.17778,0.56063,0.49138,0.39919,0.37875,0.088094,0.09259,0.074656,0.041775,0.0050896,4.9778e-09
1,0.12046,0.65378,0.36714,0.21537,0.5,0.4333,0.071963,0.21224,0.3987,0.47418,0.55079,0.62051,0.43787,0.48157,0.65974,0.45483,0.23313,0.048438,0.0031069,0.032222,0.059114,0.70096,0.58323,0.43112,0.70362,0.51596,0.22703,0.15852,0.15953,0.0035649,1.2882e-05
1,0.4114,0.76001,0.68247,0.78249,0.6686,0.48517,0.39311,0.88104,0.85959,0.53083,0.4373,0.37008,0.29825,0.21416,0.2966,0.25898,0.21772,0.11647,0.022626,8.7001e-06,1.0139e-08,3.3831e-08
1,0.3824,0.21577,0.20082,0.178,0.023291,0.13512,0.097514,0.61873,0.6084,0.63113,0.62948,0.54342,0.39621,0.5071,0.37196,0.44906,0.46192,0.37577,0.47496,0.28904,0.20887,0.050285,0.0088368,1.431e-06,2.895e-06
1,0.72846,0.54003,0.5,0.27953,0.55972,0.57097,0.68199,0.39915,0.41961,0.32075,0.27883,0.16995,0.11782,0.14223,0.26648,0.29951,0.06197,0.028338,0.020279,8.0963e-10
1,0.95883,0.92031,0.78383,0.55806,0.43275,0.34858,0.33766,0.48681,0.60892,0.47412,0.29939,0.52099,0.33347,0.37249,0.64382,0.56823,0.60057,0.15997,0.033356,1.6531e-06
1,0.41557,0.093201,0.043181,0.16655,0.27468,0.66484,0.9267,0.91065,0.93442,0.95053,0.82324,0.56374,0.31766,0.36818,0.40484,0.59324,0.42605,0.39552,0.091204,0.060421,0.038934,0.10823,0.020416,4.8359e-09
1,0.87701,0.92091,0.73232,0.66424,0.43694,0.467,0.56573,0.64566,0.73901,0.62736,0.7687,0.35311,0.13842,0.10905,0.17292,0.12565,0.10635,0.10282,0.12505,0.10797,0.031469,0.0059283,0.017347,0.0039651,0.0044805,1.8267e-08
1,0.43368,0.43427,0.33673,0.57013,0.65431,0.52206,0.71694,0.6627,0.69961,0.92889,0.82262,0.61789,0.11484,0.098408,0.52761,0.35505,0.13363,0.057511,0.04108,0.033024,0.023436,0.015172,0.020961,0.0072324,0.0048098,0.0038859,5.5369e-09
1,0.42286,0.08716,0.078274,0.42327,0.33151,0.56245,0.77862,0.73529,0.75972,0.80741,0.69728,0.064999,0.18845,0.25987,0.11178,0.17665,0.052654,0.0096914,0.0081392,0.0099656,0.011976,0.0056785,0.003335,0.003171,1.8888e-07
1,0.94383,0.93196,0.87616,0.86626,0.83159,0.57705,0.82416,0.8479,0.71912,0.48806,0.22411,0.13963,0.044042,0.049021,0.062786,0.28104,0.20434,0.11054,0.12109,0.065603,0.016204,0.017215,0.018105,0.0034473,9.0162e-08,2.4706e-11
1,0.63997,0.86538,0.66117,0.66543,0.41802,0.28041,0.18312,0.16079,0.26834,0.28877,0.35689,0.23649,0.056408,0.052394,0.10917,0.053912,0.21771,0.21804,0.39752,0.21147,0.31267,0.38303,0.21542,0.18666,0.2206,0.059965,0.029055,0.028489,0.010207,0.0058678,0.017215,4.7885e-07,6.249e-08
1,0.16115,0.090396,0.10052,0.19847,0.35299,0.55533,0.52451,0.55602,0.52669,0.35286,0.35275,0.21925,0.072867,0.041469,0.26116,0.12826,0.3544,0.34578,0.48804,0.47673,0.28347,0.446,0.41285,0.46633,0.11062,0.072049,0.053712,0.070384,0.019228,0.032947,0.010573,1.1574e-05,1.6273e-06,9.316e-06,3.6479e-09
1,0.72697,0.7463,0.76596,0.73853,0.76148,0.58271,0.035994,0.50981,0.70984,0.55328,0.47654,0.1307,0.03493,0.0049845,0.0032228,0.0038763,0.0049484,0.0058885,0.31662,0.19673,0.23681,0.69715,0.55127,0.59434,0.65324,0.39179,0.54678,0.13242,0.092837,0.011063,0.013415
1,0.48432,0.31854,0.37753,0.53263,0.30303,0.30255,0.43969,0.61796,0.42631,0.35421,0.24514,0.48415,0.42493,0.80197,0.41291,0.31959,0.27328,0.50652,0.7516,0.9059,0.87008,0.78238,0.68743,0.1892,0.034663,0.0029493,0.0062251,3.7901e-07
1,0.96915,0.82062,0.59229,0.64395,0.5,0.44921,0.6186,0.57869,0.36331,0.39891,0.3973,0.25355,0.11724,0.27478,0.32603,0.36221,0.62889,0.44216,0.38109,0.086626,0.15313,0.55729,0.38634,0.28067,0.82478,0.42654,0.19167,0.16551,0.088499,0.0068735,0.0037338,9.1216e-08
1,0.2898,0.26982,0.28632,0.45131,0.21759,0.23172,0.22804,0.28787,0.61986,0.29453,0.82366,0.78413,0.82925,0.76165,0.14836,0.54067,0.79919,0.74373,0.4865,0.30372,0.30928,0.027036,0.034518,0.012454,0.14065,0.25066,0.32713,0.35825,0.36877,0.3151,0.1108,0.057411,0.038047,0.028557,0.013613,0.013685,0.015067,2.2097e-06,1.3596e-09
1,0.35161,0.48819,0.18417,0.16142,0.29102,0.21888,0.28321,0.73826,0.81324,0.64468,0.734,0.87345,0.31795,0.14292,0.35633,0.17484,0.17422,0.073712,0.070389,0.021479,0.018478,0.014627,0.009658,0.034969,0.056914,0.061878,0.33489,0.20491,0.13292,0.072066,0.056638,0.004048,6.1474e-07
1,0.84158,0.98591,0.97796,0.97231,0.94535,0.89292,0.18613,0.13653,0.050009,0.025086,0.035561,0.050213,0.043126,0.093121,0.012413,0.027653,0.028219,0.036918,0.023743,0.026841,0.038844,0.050637,0.025223,0.060521,0.034564,0.047302,0.48677,0.73343,0.75015,0.65175,0.64828,0.10082,0.029409,0.093828,0.043477,0.024685,0.010363,1.1117e-05,9.2876e-07,2.9999e-09
1,0.75725,0.5986,0.095012,0.47014,0.6203,0.2454,0.26394,0.15609,0.28902,0.18591,0.16147,0.32086,0.22979,0.1752,0.043669,0.059824,0.20761,0.19865,0.51324,0.31742,0.14293,0.03995,0.2086,0.29703,0.72993,0.58893,0.36434,0.10455,0.055216,0.087971,0.36432,0.54215,0.70733,0.22443,0.011991,4.6179e-06,2.0964e-09
1,0.57467,0.84376,0.74906,0.4692,0.73288,0.40548,0.28771,0.88885,0.87257,0.87392,0.84327,0.88186,0.71127,0.90462,0.71409,0.6045,0.051825,0.12274,0.52558,0.63878,0.93256,0.85298,0.95186,0.75634,0.38123,0.042432,0.028366,0.0074065,1.5812e-07
1,0.43971,0.64397,0.78453,0.83175,0.5736,0.27859,0.34317,0.37059,0.37535,0.58956,0.62895,0.54425,0.31374,0.29921,0.06578,0.03028,0.12765,0.081803,0.14638,0.59819,0.46569,0.3439,0.5,0.22435,0.041523,0.01626,0.0041913,0.0029014,0.006247,1.8628e-08
1,0.33457,0.43157,0.42645,0.34725,0.56741,0.30176,0.093065,0.21867,0.70857,0.6483,0.15241,0.70492,0.47974,0.24987,0.20964,0.23709,0.31235,0.59997,0.51386,0.51937,0.25979,0.062841,0.039369,0.024401,0.014821,0.010418,1.409e-05,1.3441e-05
1,0.36932,0.037035,0.37891,0.21707,0.12886,0.27747,0.18992,0.32115,0.22305,0.29301,0.20164,0.13654,0.05,0.078503,0.29528,0.35497,0.47399,0.42304,0.61915,0.27457,0.58214,0.74104,0.87079,0.44226,0.12575,0.053568,0.039143,0.0038063,1.4478e-05,3.9011e-06,2.0685e-07
1,0.078765,0.19023,0.24419,0.2472,0.39744,0.54259,0.39179,0.13324,0.29378,0.25205,0.68752,0.405,0.52505,0.25929,0.17969,0.082365,0.014716,0.0061004,0.0070867,0.0077893,2.4892e-06,4.3066e-08
1,0.4138,0.35561,0.25616,0.096419,0.11863,0.15038,0.076588,0.080172,0.17589,0.095772,0.048886,0.13654,0.66244,0.85455,0.94632,0.7437,0.90297,0.74525,0.096498,0.025893,0.015112,0.019637,0.010393,0.0027551,2.2504e-07
2,0.034904,0.19394,0.16922,0.20286,0.86331,0.72587,0.62287,0.63446,0.80214,0.35334,0.2922,0.1642,0.13869,0.17405,0.07697,0.038242,0.086049,1.6434e-05,2.4588e-07
2,0.14805,0.19682,0.14422,0.12047,0.077025,0.089576,0.23766,0.051268,0.219,0.19894,0.12784,0.09147,0.028655,0.044511,0.0050007,1.6797e-07
2,0.028482,0.019105,0.039638,0.076678,0.10268,0.04039,0.069964,0.047738,0.033705,0.016155,0.12246,0.13147,0.10565,0.040647,0.024856,0.00603,6.7784e-06
2,0.0031979,0.19578,0.73819,0.74142,0.55158,0.59127,0.23369,0.35868,0.21255,0.25408,0.074966,0.41432,0.38848,0.47831,0.34459,0.092804,0.065718,0.081415,0.074611,0.047967,0.032712,0.013204,0.0048191,3.8794e-08
2,0.037093,0.046017,0.035395,0.021484,0.39455,0.2562,0.46625,0.055596,0.0079013,1.8276e-05,0.014913,0.05074,0.059589,0.063689,0.061278,0.024368,9.759e-06
2,0.07644,0.28643,0.15048,0.19835,0.28021,0.36878,0.35108,0.4657,0.083297,0.18202,0.19882,0.089211,0.036336,0.52875,0.13372,0.033913,0.017516,0.012322,7.6664e-06,2.1761e-09
2,0.033568,0.31968,0.46584,0.36712,0.36688,0.371,0.22736,0.083714,0.13003,0.077983,0.13105,0.1811,0.092814,0.18053,0.022317,0.029174,0.0057668,0.11135,0.083237,0.05977,0.07903,0.061089,0.0039612,1.4055e-07
2,0.1698,0.2591,0.6057,0.68221,0.4851,0.21463,0.10723,0.12527,0.13309,0.028341,0.020405,0.0094483,4.5409e-06,6.7103e-07,5.0846e-07
2,0.053041,0.12801,0.29986,0.1937,0.28192,0.27017,0.1918,0.075592,0.061404,0.043317,0.10234,0.10406,0.075719,0.1297,0.026239,0.010154,1.3373e-07
2,0.11352,0.04896,0.015614,0.097749,0.068405,0.332,0.36711,0.78172,0.57266,0.40212,0.19892,0.30881,0.19715,0.42291,0.48183,0.18713,0.11422,0.080506,0.0092053,0.0061237,7.864e-06,1.472e-08
2,0.078907,0.16089,0.34042,0.45093,0.257,0.15188,0.17302,0.095757,0.10051,0.047496,0.13853,0.35669,0.29348,0.085051,0.087641,0.027515,8.6525e-08
2,0.59384,0.63782,0.64767,0.17658,0.034923,0.043056,0.018884,0.047257,0.03648,0.35367,0.66446,0.20401,0.016211,0.0033706,2.1994e-08
2,0.089358,0.077421,0.15482,0.34503,0.21475,0.24923,0.19811,0.18905,0.06547,0.10904,0.078799,0.19982,0.38904,0.47448,0.1203,0.075746,0.0096577,5.0068e-06,9.1105e-08
2,0.38226,0.20774,0.16016,0.021283,0.061825,0.2149,0.33523,0.47143,0.59924,0.90592,0.67122,0.559,0.58413,0.5,0.1122,0.11752,0.40564,0.056627,0.036877,0.12806,0.14369,0.011182,0.0030393,5.0179e-06,8.2793e-06
2,0.46022,0.50518,0.64279,0.37145,0.19125,0.41382,0.36607,0.44509,0.32754,0.16098,0.013787,0.047075,0.0043717,0.002537,1.2628e-08
2,0.018669,0.10717,0.090932,0.016976,0.028408,0.085801,0.031972,0.036662,0.045243,0.082755,0.14836,0.36143,0.52422,0.40705,0.27861,0.12825,0.0026542,0.0026267,2.1339e-07
2,0.1627,0.24991,0.030591,0.020989,0.056915,0.12715,0.22829,0.18276,0.2125,0.17085,0.030432,0.085239,0.12442,0.27296,0.10196,0.080126,0.013614,0.0029712,1.1923e-06,1.1384e-06,7.9693e-08
2,0.10953,0.23382,0.10709,0.072737,0.20136,0.27551,0.29809,0.29664,0.26098,0.10165,0.046606,0.085204,0.028321,0.011143,0.025539,0.049967,0.0076019,2.7631e-07
2,0.14526,0.5,0.70466,0.77024,0.15088,0.1092,0.040685,0.23682,0.091839,0.032211,0.3466,0.2072,0.17731,0.16792,0.46738,0.31189,0.44361,0.5,0.47778,0.53209,0.18323,0.065781,0.13345,0.14793,0.020067,0.005532,1.7064e-06
2,0.15237,0.20865,0.10894,0.14273,0.12422,0.22187,0.22474,0.20337,0.13138,0.37732,0.42227,0.096792,0.024964,0.0043076,7.7663e-07,8.7032e-09
2,0.17767,0.28569,0.18391,0.43266,0.26756,0.20535,0.16761,0.18767,0.12847,0.13282,0.224,0.39202,0.36751,0.3676,0.052848,0.040886,0.02568,0.033788,1.1747e-05,2.9692e-07
2,0.064715,0.075472,0.33784,0.4269,0.2848,0.071853,0.043173,0.01376,0.010407,0.15746,0.1446,0.17276,0.27849,0.12823,0.082251,0.078293,0.2787,0.1715,0.65797,0.64421,0.13666,0.079402,0.06581,0.054043,0.057192,0.31722,0.065817,0.079878,0.10822,0.013723,0.008953,0.0060808,1.692e-06,3.7696e-06,5.6542e-08
2,0.47409,0.87344,0.74259,0.35746,0.51045,0.40146,0.10582,0.2625,0.35982,0.12369,0.050369,0.10766,0.08227,0.086716,0.12294,0.035086,0.014934,0.0059285,0.00543,0.019251,0.058762,0.02751,0.053994,0.064262,0.029691,0.017517,0.014457,5.7193e-07,2.1655e-08,5.2703e-10
2,0.11489,0.28019,0.07257,0.075927,0.053493,0.091272,0.14166,0.19479,0.18896,0.21099,0.18335,0.12993,0.19043,0.13751,0.070641,0.074378,0.012082,0.0060659,0.0041132,0.0057611,0.10737,0.059622,0.16598,0.17711,0.039633,0.018259,0.010454,7.7604e-06,2.9208e-07
2,0.16937,0.42724,0.55524,0.36249,0.34358,0.47619,0.26483,0.26139,0.60323,0.46085,0.39555,0.30619,0.22021,0.089221,0.26866,0.14939,0.14681,0.037554,0.13844,0.15444,0.22788,0.19938,0.11798,0.13504,0.032669,0.023345,0.022822,0.016202,1.0934e-05,2.3461e-07
2,0.068395,0.18825,0.52181,0.4007,0.33074,0.24082,0.31502,0.15717,0.26278,0.42972,0.19307,0.14213,0.1794,0.19506,0.13583,0.046013,0.026681,0.030932,0.035492,0.028861,0.028427,0.027648,0.014127,0.014687,0.0056115,0.020056,0.013331,0.042434,0.020062,0.019824,0.013373,0.034351,0.010855,0.0097318
2,0.30012,0.28408,0.19306,0.30674,0.42119,0.43657,0.31002,0.30073,0.21881,0.36423,0.13947,0.060068,0.10356,0.056683,0.031761,0.045617,0.084823,0.086243,0.11292,0.066452,0.083242,0.066448,0.056337,0.061053,0.15501,0.24897,0.18349,0.19375,0.40899,0.10196,0.070187,0.1147,0.015638,2.6848e-06,1.0634e-07
2,0.32794,0.87477,0.72607,0.29714,0.53598,0.49267,0.08291,0.26348,0.2702,0.21252,0.19407,0.43655,0.34019,0.21064,0.086965,0.14502,0.14905,0.040377,0.012217,0.011442,0.012013,0.0055673,0.070031,0.084178,0.075341,0.046574,0.036112,0.01208,0.0092829,0.030561,0.015358,3.9651e-07
2,0.38307,0.45436,0.62462,0.89049,0.87834,0.81714,0.80806,0.66209,0.29004,0.44746,0.57449,0.50992,0.57358,0.4208,0.44201,0.20507,0.14832,0.068259,0.095945,0.0071903,0.016117,0.017421,0.050243,0.048476,0.35312,0.26998,0.22832,0.55379,0.39141,0.24649,0.13025,0.017661,2.2994e-06,3.8951e-08
2,0.011576,0.016278,0.060522,0.050029,0.068226,0.090558,0.062102,0.022049,0.047066,0.042556,0.053778,0.071872,0.083937,0.045262,0.1463,0.18936,0.21287,0.072099,0.21391,0.33138,0.41276,0.62783,0.74808,0.56474,0.20447,0.0061856,0.014976,0.013362,0.015812,0.32324,0.36114,0.17078,0.23846,0.13458,0.03907,0.018338,0.014134,0.0052074,0.0066632,4.9119e-06,5.8234e-08
2,0.35373,0.18588,0.2681,0.26772,0.1001,0.14689,0.064024,0.053488,1.7407e-05,0.017063,0.070838,0.040572,0.10457,0.31916,0.20436,0.31276,0.31933,0.18146,0.023039,0.0025246,1.4156e-05,3.158e-06,8.734e-09,1.6248e-06
2,0.869,0.87628,0.57049,0.075692,0.12057,0.30756,0.38974,0.64626,0.72929,0.75738,0.4345,0.12792,0.048249,0.037606,0.0091479,0.0032403,4.6264e-06,0.014517,0.0049086,3.123e-06
2,0.56491,0.62263,0.61172,0.66127,0.35329,0.18572,0.10878,0.092421,0.27408,0.3501,0.37113,0.31557,0.29083,0.41382,0.48944,0.35624,0.21379,0.070107,0.039999,0.016715,0.016289,5.7177e-06,1.6975e-09
2,0.79109,0.81555,0.64532,0.67637,0.41203,0.14775,0.077183,0.16702,0.10353,0.14985,0.29619,0.24183,0.27783,0.2524,0.171,0.34622,0.12951,0.11983,0.017661,1.9136e-05,2.0124e-07
2,0.78769,0.85361,0.58199,0.79905,0.30122,0.089771,0.1475,0.31795,0.53198,0.22166,0.2141,0.29997,0.065097,0.033386,0.059262,0.048821,0.034681,0.13524,0.26376,0.11798,0.0040423,1.6074e-06,2.5757e-09
2,0.65868,0.37173,0.32458,0.1947,0.13758,0.36016,0.43412,0.57374,0.44505,0.74919,0.5489,0.3347,0.5189,0.5789,0.32612,0.25647,0.51399,0.33457,0.24846,0.06954,0.0039458,6.7509e-07,1.1716e-08
2,0.1824,0.63944,0.70512,0.71907,0.41807,0.2517,0.11955,0.039355,0.076181,0.083886,0.11965,0.050403,0.074649,0.06674,0.03096,0.021562,0.031923,0.025299,0.017056,0.0094018,0.018238,0.0060292,1.6771e-06,1.3854e-09
2,0.2718,0.21854,0.36851,0.80332,0.92219,0.66826,0.82424,0.90644,0.58207,0.14319,0.39827,0.32198,0.17819,0.21097,0.34973,0.25318,0.24258,0.10193,0.011384,0.0070804,7.1158e-06,0.01195
2,0.025056,0.039978,0.30554,0.33384,0.14118,0.15374,0.14779,0.093598,0.14712,0.37941,0.27755,0.14851,0.10784,0.065534,0.018913,0.022016,0.13068,0.1149,0.089715,0.099906,0.13869,0.11034,0.049027,0.012389,0.0091381,0.013749,0.043339,0.063043,0.052737,0.0068666,0.0041299,5.9982e-07,1.1302e-06
2,0.77279,0.80741,0.54992,0.4613,0.16998,0.21614,0.2833,0.25927,0.39827,0.35133,0.23921,0.054656,0.062731,0.04802,0.051332,0.047804,0.011433,0.027853,0.01046,0.0085023,0.0041386,3.5453e-06,2.06e-07
2,0.80559,0.41862,0.40869,0.64032,0.65938,0.75937,0.74797,0.58996,0.38883,0.35534,0.029122,0.015253,0.061512,0.074747,0.13973,0.12494,0.14874,0.065059,0.013835,0.0027022,0.005176,0.002816,5.3373e-08
2,0.4366,0.35488,0.39085,0.42273,0.51094,0.55986,0.43945,0.21693,0.07736,0.012357,0.014623,0.02976,0.068252,0.11113,0.13056,0.13564,0.12135,0.027418,0.010982,0.011702,1.132e-05,2.1845e-08
2,0.75286,0.78685,0.6903,0.67174,0.69368,0.36764,0.62265,0.68178,0.49227,0.35185,0.66419,0.33328,0.48735,0.15113,0.25209,0.18602,0.27052,0.087805,0.19184,0.15753,0.21087,0.25077,0.16678,0.023332,0.013166,0.0064119,0.0027072,9.9175e-07,1.3337e-06,1.2394e-07
2,0.71087,0.46829,0.44838,0.5,0.75828,0.89704,0.94702,0.80219,0.70386,0.85723,0.85422,0.65388,0.45147,0.56928,0.26031,0.14996,0.037596,0.21044,0.078132,0.095173,0.069157,0.17062,0.19401,0.011944,0.0088919,0.011618,0.010504,9.5543e-06
2,0.055593,0.05907,0.053517,0.16329,0.098093,0.1189,0.1609,0.15702,0.045651,0.071354,0.10409,0.13081,0.14224,0.29523,0.32816,0.1344,0.074059,0.38712,0.34072,0.014144,0.1741,0.076063,0.020113,0.13995,0.15397,0.011597,0.0050732,1.3912e-06
2,0.0155,0.017538,0.044288,0.04932,0.030305,0.045923,0.20034,0.048657,0.086396,0.052962,0.277,0.23891,0.181,0.1358,0.13486,0.024171,0.025563,0.010474,0.02385,0.053849,0.11157,0.033304,1.7759e-05,5.0583e-06
2,0.31778,0.34243,0.33221,0.24891,0.28876,0.4441,0.097462,0.26385,0.21141,0.15041,0.51866,0.3629,0.23031,0.063153,0.013238,0.0033372,0.046469,0.14631,0.24449,0.34879,0.16983,0.093295,0.31094,0.48873,0.084447,0.03362,0.015281,0.060972,0.053323,0.15961,0.0090881,0.038649
2,0.59712,0.76219,0.84239,0.81819,0.85338,0.90735,0.61108,0.087667,0.087288,0.072282,0.12911,0.25098,0.5397,0.64639,0.43363,0.13852,0.11189,0.44082,0.47134,0.45889,0.17193,0.63988,0.42393,0.72903,0.57387,0.54766,0.21138,0.32433,0.065761,0.020193,0.028227,0.017326,3.2235e-08
2,0.084882,0.11191,0.1635,0.44783,0.58428,0.31394,0.21675,0.34913,0.32615,0.51276,0.64062,0.81555,0.33756,0.43094,0.47642,0.18646,0.072018,0.13086,0.11071,0.036553,0.28885,0.32502,0.27523,0.33423,0.21398,0.0059078,0.002616,2.3201e-07
2,0.12185,0.17143,0.089341,0.1161,0.044507,0.14419,0.10328,0.17493,0.15161,0.24961,0.068255,0.042861,0.020178,0.041557,0.066885,0.091087,0.14211,0.24756,0.011039,0.018041,0.0083005,0.0042153,0.060733,0.027696,0.0032422,8.9841e-07,3.7695e-07,4.7007e-10
2,0.1115,0.25554,0.39204,0.36562,0.37714,0.34134,0.32182,0.28581,0.096563,0.14972,0.18374,0.086306,0.10311,0.39774,0.31357,0.27213,0.2094,0.53462,0.2294,0.32917,0.19816,0.26596,0.039113,0.011973,0.0073917,0.049038,0.028433,0.063606,0.057853,0.027626,0.018915,0.0032182,0.0084237,3.1344e-08,2.3398e-08,7.4437e-09
2,0.27863,0.1385,0.27488,0.088798,0.074743,0.010108,0.0033901,0.1279,0.16565,0.29103,0.39336,0.13697,0.20736,0.1267,0.053474,0.037907,0.069146,0.027226,0.045941,0.026928,0.057139,0.067406,0.04076,0.0060588,1.5379e-05,5.2731e-06,3.8966e-09
2,0.043695,0.072577,0.085498,0.091723,0.20272,0.19175,0.15139,0.11507,0.078739,0.026763,0.030431,0.020103,0.11754,0.1802,0.31374,0.47314,0.28986,0.10287,0.028419,0.24347,0.12822,0.14991,0.20361,0.25383,0.030183,0.0042266,4.0021e-08
2,0.16587,0.38664,0.33747,0.53993,0.53495,0.44876,0.23311,0.21595,0.2605,0.1834,0.39292,0.047519,0.10178,0.13981,0.10303,0.074811,0.024879,0.056187,0.095042,0.13571,0.065277,0.053774,0.10739,0.077383,0.091132,0.18493,0.22453,0.20338,0.26536,0.32513,0.47542,0.26702,0.61122,0.061016,0.011823,0.0041088,1.2445e-05,0.0036829,9.0512e-07,1.7413e-08,6.161e-08
2,0.20697,0.48957,0.20334,0.18779,0.36636,0.19218,0.094859,0.1739,0.37752,0.22827,0.14238,0.14292,0.14669,0.0057916,0.032707,0.06986,0.0723,0.033537,0.053009,0.031436,0.031067,0.020755,0.027557,0.04848,0.062293,0.013067,0.090357,0.045474,0.072779,0.070622,0.053341,0.046406,0.027472,0.0090414,0.0097296,6.2967e-07,1.2281e-08
2,0.38961,0.40127,0.47773,0.36954,0.49359,0.36925,0.20281,0.2088,0.12113,0.05131,0.03459,0.21117,0.31649,0.19759,0.11598,0.15648,0.087064,0.031723,0.062131,0.15524,0.061986,0.15723,0.026257,0.002813,1.0834e-06,0.0065087,0.27124,0.30448,0.36625,0.33539,0.16388,0.1692,0.51711,0.2328,0.55136,0.42953,0.33331,0.11442,0.0329,0.33677,0.28736,0.27961,0.16694,0.10809,0.12693,0.3834,0.2649,0.18281,0.24395,0.18686,0.019172,0.012554
2,0.44585,0.44342,0.28298,0.13714,0.34495,0.088948,0.25829,0.063585,0.13862,0.21628,0.048531,0.094555,0.35889,0.29375,0.13085,0.0047598,0.011075,0.013145,0.057101,0.36679,0.44142,0.34223,0.31077,0.26744,0.062521,0.048106,0.066649,0.36172,0.086095,0.19196,0.093291,0.010542,0.0057744,0.012002,0.0064072,0.0037888,5.8009e-06,1.0107e-05,1.1527e-08
2,0.36797,0.38228,0.36939,0.28755,0.38127,0.37605,0.079594,0.20285,0.22181,0.56659,0.41513,0.47068,0.5,0.023088,0.097309,0.16015,0.17574,0.08667,0.067557,0.028303,0.015133,0.0032693,9.7757e-06,0.024504,0.024602,0.14185,0.17857,0.32965,0.32213,0.39145,0.37529,0.17967,0.10675,0.011544,1.4484e-05,2.5479e-07
2,0.13697,0.12086,0.2528,0.16415,0.1173,0.18753,0.25699,0.14029,0.098439,0.11023,0.16979,0.11616,0.1261,0.10834,0.10916,0.091487,0.22665,0.42483,0.49179,0.51506,0.30548,0.12148,0.041998,0.040078,0.040726,0.051336,0.034999,0.039647,0.1163,0.016562,0.012702,0.025795,0.01701,0.020664,0.050052,0.027966,0.018399,1.8846e-05,0.0030289,0.004143,7.1676e-07
2,0.16541,0.10273,0.19181,0.27257,0.40463,0.26626,0.084026,0.21759,0.36778,0.24133,0.52678,0.5254,0.30617,0.1802,0.48189,0.098083,0.10568,0.068791,0.30065,0.17551,0.098513,0.095486,0.17296,0.1397,0.079855,0.02115,0.0054983,2.86e-06,1.5617e-07
2,0.29119,0.32523,0.23618,0.46937,0.25577,0.1856,0.070281,0.033748,0.033945,0.0157,0.22894,0.10031,0.064314,0.19186,0.10421,0.14579,0.037159,0.025178,0.022933,0.015174,0.018147,0.045419,0.036561,0.087118,0.52807,0.25178,0.1609,0.016256,0.008976,0.0026138,3.7673e-06,1.3171e-07
2,0.10177,0.078808,0.12425,0.11255,0.62298,0.29314,0.24788,0.32546,0.21151,0.21472,0.15686,0.081873,0.047595,0.11349,0.074562,0.039684,0.06702,0.21645,0.15472,0.046648,0.046026,0.040779,0.0077112,0.0036987,0.005334,6.7485e-07,8.9602e-10
2,0.36238,0.10531,0.043664,0.032039,0.11974,0.12745,0.20453,0.54083,0.83867,0.29197,0.67016,0.46042,0.17043,0.084575,0.094664,0.029959,0.073867,0.14718,0.19232,0.094984,0.20739,0.092652,0.042253,0.025621,0.37745,0.6376,0.67157,0.78064,0.73979,0.60865,0.16724,0.04471,0.028833,0.057394,0.010126,0.0076354,0.0089848,0.0032272
2,0.65222,0.74523,0.3939,0.32534,0.28373,0.052846,0.030155,0.015668,0.022832,0.053256,0.026929,0.018976,0.10026,0.028764,0.035142,0.095133,0.063024,0.076853,0.055916,0.0573,0.06519,0.017378,0.018843,3.986e-06
2,0.19824,0.17939,0.35164,0.24348,0.16982,0.24827,0.097831,0.089801,0.10225,0.12453,0.14307,0.27067,0.28557,0.1948,0.25083,0.31058,0.13371,0.035158,0.17932,0.071874,0.17202,0.097674,0.02752,0.020091,0.068336,0.061916,0.022384,0.092067,0.046129,0.011845,0.018747,1.8067e-05,4.5728e-07
2,0.2961,0.3897,0.30729,0.16464,0.10958,0.068496,0.045105,0.010405,0.051494,0.057238,0.21544,0.42895,0.293,0.43752,0.51131,0.56004,0.57126,0.35237,0.23355,0.086235,0.0072789,0.0030188,0.0038587,1.0678e-05,3.1557e-06
2,0.095951,0.19341,0.10418,0.27465,0.52773,0.34785,0.22706,0.16826,0.18017,0.030089,0.066089,0.14576,0.054297,0.071237,0.3435,0.39918,0.53691,0.28118,0.16709,0.067999,0.022691,0.012867,0.0032072,0.0059752,0.015976,0.023263,0.018011,0.015419,0.013303,0.002521,2.6772e-06,1.3951e-06
2,0.65825,0.75343,0.4254,0.22092,0.28087,0.29485,0.15333,0.11519,0.10273,0.25794,0.21857,0.1744,0.20355,0.0085129,0.0071573,0.030352,0.066316,0.13237,0.040938,0.017927,0.019318,1.9525e-07
2,0.22743,0.76216,0.58593,0.32749,0.37972,0.44162,0.13378,0.28729,0.22441,0.10516,0.20956,0.48027,0.19097,0.15117,0.15702,0.35929,0.6369,0.713,0.25213,0.081521,0.032133,0.039764,0.0048235,0.0029446,0.011992,0.0092908,1.8087e-05,0.0060648,2.4071e-06
2,0.33172,0.3801,0.58577,0.79525,0.65627,0.79919,0.60417,0.20484,0.21501,0.12149,0.21593,0.026877,0.072699,0.045493,1.351e-05,3.5088e-07,0.0074714,0.003474,1.4283e-05,1.8098e-07,0.0035785,0.0065827,7.8573e-06,1.178e-05,4.1179e-07,1.5176e-08
2,0.89841,0.93825,0.74164,0.84316,0.84398,0.69831,0.55684,0.13873,0.098742,0.19825,0.55582,0.46964,0.63727,0.437,0.14527,0.042983,0.063043,0.018533,0.0081524,0.01693,0.0029335,1.987e-07
2,0.45709,0.37486,0.19687,0.18935,0.085301,0.10505,0.23592,0.15164,0.096189,0.092651,0.088724,0.077156,0.048446,0.012287,0.021918,0.0050079,0.0070251,0.021741,0.014859,6.0197e-07,1.1195e-06,2.2467e-07
2,0.61525,0.47903,0.35702,0.22119,0.037441,0.14971,0.22006,0.37735,0.38759,0.18318,0.10561,0.16846,0.10152,0.14308,0.040617,0.018621,0.0036973,0.063533,0.013089,0.024393,0.035306,0.020179,7.7494e-07,1.4491e-06,1.4189e-07
2,0.14408,0.18534,0.09004,0.061462,0.15379,0.47079,0.42244,0.40058,0.22747,0.087127,0.19935,0.22875,0.54793,0.66498,0.54779,0.17062,0.1788,0.020308,0.026126,0.11845,0.051201,0.068719,0.083867,0.030272,0.010527,1.564e-06,1.4583e-07
3,4.5976e-06,1.7607e-07,4.7164e-07,4.0855e-06,2.652e-06,6.0949e-07,8.2987e-06,5.3471e-06,6.6753e-06,8.6011e-06,0.0027529,1.419e-05,2.9778e-06,2.2404e-07,1.6172e-08,2.2569e-08,8.6413e-07,3.8409e-09
3,0.034538,0.024879,0.022724,0.046376,0.015024,0.0061159,2.4203e-06,1.1609e-07,2.576e-07,3.0493e-06,5.3239e-06,6.0168e-06,0.0038243,0.0031777,0.0058264,4.5734e-06,4.6573e-07,8.985e-09,1.1101e-08
3,1.6798e-06,3.7616e-07,2.2449e-08,1.9312e-08,1.3172e-08,4.2009e-07,4.5459e-07,2.2033e-07,3.1809e-07,1.0034e-06,3.948e-08,7.3494e-08,8.0064e-06,0.030138,0.1203,0.10569,0.04051,0.019204,0.0047711,6.3255e-06,1.1232e-05,0.0033753,0.022376,0.023558,0.030683,0.024312,7.1661e-06,9.8525e-07,9.2717e-06,0.0042415,2.3868e-07
3,8.055e-07,4.6104e-07,1.0728e-06,3.731e-06,0.0034615,0.0073233,0.036824,0.036367,0.011042,0.0036584,0.0048671,0.0029147,1.4419e-05,0.0054124,0.013319,0.0040818,0.0055626,0.0029135,1.7603e-05,1.0484e-05,4.438e-07
3,0.0041287,0.0049636,5.8338e-07,1.0938e-06,2.1076e-06,1.6858e-06,2.5022e-06,5.6931e-06,1.763e-05,1.0351e-05,3.7447e-07,4.0097e-07,4.5286e-07,7.1545e-07,8.3654e-08,1.879e-07,3.6965e-07,8.0012e-07,7.3188e-07,3.3358e-08,5.6661e-08
3,8.9907e-08,7.4817e-06,0.0045255,0.0076449,0.013176,0.014163,0.011534,0.053562,0.042173,0.008499,0.05149,0.029776,0.041423,0.036949,0.060648,0.014146,0.01025,5.9754e-07,0.0067877,0.020581,0.0085856,0.010538,0.0064384,2.6336e-06,2.5205e-07,5.9201e-08,3.3764e-07,9.4564e-08,1.9398e-09
3,0.0042864,0.0037242,0.0044527,0.010054,0.021536,0.020978,0.012915,0.021918,0.011602,0.01111,0.0025373,1.7604e-06,1.8907e-06,2.046e-07,9.3414e-08,5.271e-06,5.8242e-06,8.2071e-06,4.5216e-06,0.0029723,0.0027033,1.5718e-05,0.0098426,0.28841,0.13849,0.2256,0.15046,0.042548,0.031779,0.010811,0.0048633,0.0033229,1.7009e-06,2.2229e-06,1.561e-06,1.8494e-06,7.4287e-07,7.4752e-07,1.3263e-06
3,0.0071031,0.037555,0.10298,0.11318,0.026427,0.0059201,6.1569e-07,1.4466e-07,7.6665e-08,0.0025615,0.0068267,0.0053236,0.0039775,0.0065333,5.6919e-07,0.0065024,0.0054478,0.0031355,7.0622e-06,9.0981e-06,0.0043181,0.0044187,0.0062714,0.034227,0.029098,0.015111,0.018518,0.04129,0.010438,0.0064043,0.0062373,2.7812e-06,8.3587e-06,0.0027859,1.6613e-05,0.0032609,9.674e-07,1.0101e-07,5.8362e-07,5.4503e-07,8.1469e-06,0.002593,0.0036184,2.3208e-06,1.5552e-06,6.2863e-07,1.3683e-05,1.4474e-05,1.1078e-06,8.2408e-07,5.4295e-07,3.3357e-07,1.039e-06,1.0417e-06,8.569e-06,1.1402e-06,1.7118e-10
3,0.0069117,0.0057159,1.3173e-06,0.014007,0.024584,0.022279,0.013975,0.0050451,6.3637e-06,0.0052624,0.010397,0.010001,0.00705,6.0885e-06,5.078e-07,1.2044e-07,5.0003e-07,3.4009e-06,4.4169e-07,4.4279e-07,0.010956,0.0058291,0.0049418,0.010173,0.010114,0.0033951,8.3568e-06,6.4417e-06,0.0044659,0.018217,0.030571,0.049428,0.004102,0.002936,4.3247e-08,1.1499e-07,6.7274e-06,0.0025539,0.011103,0.035032,0.15054,0.018133,0.011634,0.014832,0.019426,0.0033483,0.0030646,0.029522,0.0094312,0.013761,0.030823,0.017768,5.3909e-07,2.3871e-06
3,0.19982,0.020495,0.018908,0.041221,0.014546,0.018389,0.015183,0.0058735,0.0087764,0.024566,0.032203,0.0057256,0.0062045,0.017333,0.027108,0.02631,0.032752,0.016501,1.8712e-05,4.9221e-06,2.5637e-06,0.010287,0.0028481,1.9273e-06,0.0032869,0.0079369,0.004382,0.0036837,3.316e-06,0.0051061,8.1519e-06,0.016067,0.013304,0.018085,0.015235,0.0080745,9.1808e-06,1.2177e-07,5.146e-08
3,0.0042074,5.1879e-07,1.0784e-05,4.7416e-06,1.531e-06,6.0188e-07,3.451e-07,1.9449e-07,6.3172e-06,1.0216e-05,0.0051137,0.0029446,2.3064e-06,8.3941e-07,7.4491e-07,6.3057e-06,1.1346e-05,0.002835,1.6969e-05,6.097e-07,1.9884e-06,1.6619e-06,1.0212e-06,4.8823e-07,7.6316e-07,2.0829e-07,1.9188e-06,1.3535e-06,1.7623e-06,0.003111,0.0032696,0.0026812,0.011203,0.0043249,7.1031e-08
3,0.066392,0.0025733,0.011639,0.0057207,2.6019e-06,4.3277e-07,3.5774e-06,5.3907e-07,1.8741e-07,1.0208e-07,3.3792e-07,1.2634e-06,4.3295e-06,4.8168e-06,4.1798e-06,0.0044949,0.014049,0.020824,0.020958,0.036729,0.042778,0.045882,0.033279,0.024054,0.0051254,0.0098704,0.0096375,0.013087,0.0050494,0.011221,0.018548,0.011186,0.0051605,0.0033305,0.0050379,1.9132e-05,0.0029829,3.6468e-06,0.043163,0.026766,0.031561,0.057121,0.080509,0.059578,3.2535e-08
3,0.0026219,0.0061965,0.057876,0.63221,0.76862,0.45277,0.028209,0.0093108,0.00587,0.0028772,0.007355,0.0099607,0.0099487,0.0084503,0.005082,1.0719e-06,1.8709e-05,7.9619e-06,1.6372e-05,1.6458e-05,9.4818e-06,0.0059186,0.0098656,0.011111,0.029012,0.020123,0.012427,0.021198,0.018029,0.012267,0.013463,0.016491,0.0040106,0.0035973,0.0031149,0.0031347,5.2051e-06,3.0103e-06,1.6065e-07,1.6544e-07,4.2504e-07,2.6612e-07,0.0087101,0.010534,0.023257,0.084114,0.099839,0.0074988,0.006812,0.0063993,0.0039312,0.0041164,0.0041309,0.0047422,0.0031936,7.3105e-07,1.9834e-08
3,0.23259,0.080336,0.018174,0.0090675,0.028718,0.037493,0.041928,0.046032,0.01784,0.0071705,3.7778e-06,4.5149e-06,0.0027342,0.011465,0.0073808,0.0072489,0.0051529,0.0055374,0.020288,0.0057148,1.414e-05,8.532e-06,1.1816e-06,0.0052225,0.0064275,0.0026948,0.003171,4.8544e-06,5.4642e-08,1.1239e-07,1.312e-08,1.1996e-08,2.5118e-07,6.1147e-07,7.3501e-09
3,0.72013,0.62471,0.58468,0.35148,0.27076,0.31144,0.066123,1.148e-05,0.0030268,7.9455e-06,1.8096e-05,0.010686,0.015598,0.0055962,0.0070705,7.5753e-06,1.5786e-06,1.0196e-06,7.5657e-06,8.2403e-06
3,1.5453e-05,2.4834e-06,0.0096416,0.023179,0.0256,0.0059227,0.0060263,1.813e-07,2.0323e-07,7.6798e-07,1.2578e-06,6.5646e-07,2.9184e-07,1.3644e-07,2.2682e-07,8.6688e-06,6.6222e-06,0.0027458,4.187e-06,1.8723e-05,0.0064542,9.3415e-07
3,0.0057062,0.013576,0.023866,0.11146,0.18317,0.073691,0.05287,0.068094,0.020586,0.015458,0.0072563,0.0082359,0.0031359,0.011277,9.3883e-07,4.9122e-06,1.4994e-05,1.7827e-05,1.3609e-05,0.0039051,0.0054315,0.0086926,0.006147,0.0082064,0.093098,0.0088187,0.0058479,0.0031003,6.4609e-06,9.012e-08,9.1196e-06,1.2991e-05,0.0032163,0.0038674,0.0038793,9.4967e-06,2.5905e-06,9.3997e-06,2.6132e-06,3.4127e-06,2.4758e-09
3,0.084816,0.023285,0.033789,0.39482,0.19204,0.08663,0.057525,0.048683,0.012492,0.0088643,0.011541,0.0029406,2.5607e-07,2.8875e-07,5.0029e-07,7.5429e-07,6.6668e-07,3.0405e-06,3.447e-06,1.0881e-06,9.3914e-08,1.7539e-07,4.1766e-07,1.1406e-08
3,6.848e-07,7.6484e-07,4.4796e-07,6.6263e-06,2.1703e-06,1.67e-07,8.5699e-09,3.4876e-08,0.011984,0.088281,0.15595,0.21088,0.58783,0.24642,0.089768,0.018777,1.8979e-06,0.0029247,0.05466,0.036471,0.086297,0.077052,0.048657,0.0073253,3.8324e-06,1.3417e-06,9.5856e-07,1.3248e-06,1.887e-06,6.953e-06,1.3619e-05,0.10437,0.10062,0.042455,0.015234,0.010431,3.1166e-09,1.2901e-08,5.9714e-08,1.4192e-08
3,0.039845,0.06588,0.010375,0.0033446,0.0075892,0.013132,0.024415,0.097152,0.080331,0.058536,0.078582,0.010152,0.0027664,7.9027e-06,0.011184,1.5864e-05,0.0026285,0.012553,0.017782,0.011633,0.0054262,0.0029076,0.0030918,0.010038,0.028079,0.042152,0.076405,0.052751,0.005724,0.0088245,1.7247e-06,2.7218e-06,6.7282e-07,2.2015e-06
3,0.0054021,0.012089,0.0039923,0.0067841,0.0084284,0.012057,0.0081586,0.0065595,0.0049602,0.0054789,0.0042713,0.0035638,0.0042841,0.0097501,0.0039244,1.5346e-06,3.2604e-08,5.3002e-08,2.2016e-07,2.1599e-07,6.4288e-07,2.7683e-06,3.6462e-07,3.3543e-07,4.0563e-07,9.8004e-07,9.3685e-07,1.7332e-06,9.0442e-06,0.0070877,0.02245,0.020114,0.02118,0.0051471,6.7288e-06,1.187e-05,0.0039693,0.003269,0.0059893,0.004541,4.4298e-06,1.6905e-05,1.2461e-05,1.0263e-06,1.953e-06,1.0789e-06,2.9465e-07,1.011e-06,3.3688e-06,1.4121e-06,2.7175e-08,5.0459e-08
3,0.031134,0.0065704,0.0046071,0.016538,0.019641,0.047734,0.025345,0.038421,4.5762e-06,0.016791,0.0084805,0.0035895,0.010091,0.015019,0.017291,1.2013e-05,0.0028673,0.0084403,0.0036686,5.5868e-06,0.0037014,0.016946,0.02363,0.015199,1.7226e-05,0.0034903,1.6798e-05,8.4523e-06,0.0032536,0.0064237,0.0055659,0.0061983,0.010079,0.0063041,2.1825e-06,0.0040865,1.8441e-08
3,0.012116,0.07139,0.025355,0.0396,0.0089911,0.012379,2.5124e-06,1.086e-07,9.627e-06,0.0027605,6.6759e-07,4.441e-06,0.00265,1.8675e-05,0.0064604,0.064151,0.016243,0.078936,0.13749,0.041654,0.0087691,0.032592,0.0067925,1.0666e-05,7.2645e-06,0.0030203,0.0034145,1.8183e-05,1.0323e-05,0.0025301,0.0036801,1.8269e-05,0.0054766,0.009689,0.0035997,0.0060127,0.0063712,0.0069077,0.0041981,0.0035136,0.0025955,7.2285e-06,1.3471e-05,0.061449,0.082415,0.10585,0.064443,0.02809,0.0059915,4.8937e-08,4.103e-07,4.6144e-06,1.0585e-05,0.0040091,0.0044656,1.012e-05,0.0025446,0.0033524,0.004725,0.0088555,0.11957,0.045192,0.042964,0.049739,0.0407,0.012524,0.011905,0.010788,0.008042,0.0073866,0.018794,0.013058,0.010084,0.0076441,0.013828,3.3831e-07,5.8864e-08
3,0.088948,0.045362,0.033409,0.040076,0.084511,0.040307,0.017325,0.01584,0.0075088,0.0028294,0.0095314,0.011339,0.01042,0.023169,0.017852,0.0054488,0.0030397,0.0026747,0.0045835,1.653e-05,1.6002e-05,0.0097652,0.013741,0.014787,0.016624,0.018004,0.021426,0.027159,0.013552,0.0096064,0.0027281,0.00525,1.2249e-05,2.8604e-06,2.4925e-07,8.7323e-07
3,0.035822,0.0080103,1.9201e-07,8.9305e-08,9.2339e-07,1.4727e-05,4.1134e-07,4.7718e-06,0.0038844,1.145e-05,0.005674,0.00745,0.0053289,5.602e-07,1.112e-08,4.5755e-07,8.9051e-07,6.4457e-06,1.2667e-05,0.0043178,4.4206e-06,4.9607e-08,1.6214e-06,1.2452e-06,4.3233e-06,3.2231e-07,6.0416e-08,1.6801e-08,3.1652e-06,0.0033476,1.871e-05,0.0029193,9.8474e-07,2.1315e-07,1.734e-07,1.9028e-07,1.7119e-07,0.003863,5.3039e-07,9.452e-07,2.1852e-08
3,2.5097e-06,3.4361e-07,8.6737e-07,5.9364e-07,7.1416e-06,0.0027057,0.0033009,0.0030687,0.0040989,0.0055233,0.0065324,0.020682,0.015282,0.0041975,0.0051261,0.0054786,0.0041511,7.3809e-06,1.3947e-06,1.2118e-08,7.8311e-08,4.6734e-07,1.2019e-05,1.1548e-05,1.5055e-05,5.7382e-06,0.0099274,0.018488,0.010455,0.011372,0.027765,0.031144,1.4056e-05,8.2852e-06,6.7774e-06,0.0072438,0.0096025,0.018371,0.036807,0.064605,0.14866,0.34391,0.24811,0.23098,0.0073607,4.0492e-06,1.7549e-07,3.7965e-07,9.5081e-07,0.016183,0.02399,0.017828,0.013429,0.008809,1.3549e-05,0.018836,0.014911,0.020192,0.03258,0.008201
3,0.012489,0.003558,7.496e-07,1.3751e-06,1.4723e-05,7.5293e-07,1.2034e-06,1.0167e-06,6.5734e-06,8.3512e-06,1.3083e-05,6.6362e-06,0.0063479,0.00467,2.8286e-06,0.0025806,0.0068807,0.002874,0.002724,0.0049405,0.0075578,0.0028646,0.0036648,8.2842e-06,1.9528e-06,7.4943e-07,3.9867e-07,3.533e-07,6.4081e-07,2.0699e-07,1.0766e-07,4.661e-07,2.3821e-07,7.0062e-07,8.7082e-07,4.3096e-06,4.428e-06,1.3534e-05,0.0030655,0.013237,0.027245,0.036229,0.023841,0.019005,9.9539e-06,0.0048645,0.0057567,0.0054252,0.005432,0.011973,0.0077366,0.0036633,2.4657e-08
3,0.014357,0.010667,0.0025999,1.8636e-06,2.5282e-06,0.003836,0.0061384,0.0068772,0.0051617,0.0038809,1.4561e-05,0.0059775,1.5134e-06,1.011e-05,0.0045625,0.0058347,0.016058,0.021061,0.040303,0.034928,0.010704,0.0056999,3.9982e-06,1.6316e-06,1.1697e-06,2.1071e-06,0.012555,0.0087276,0.014907,0.015505,0.036662,0.019517,1.0559e-06,8.9868e-07,0.0025281,0.011961,0.010915,0.0030876,9.508e-06,1.2889e-05,1.7826e-05,0.0064055,1.5543e-05,5.5831e-06,1.1125e-05,1.2823e-05,0.046197,0.0068775,0.009883,0.01861,0.013383,0.014361,0.013961,0.0071181,0.0072819,0.027878,0.011878,0.022403,0.016334,0.016454,0.010431,0.0027049,0.0033667,0.006454,0.0048777,0.0041523,0.087682,0.0045768,0.0049266,0.082761,0.025034,0.020332,0.017166,3.9493e-06,8.8071e-07,1.1899e-05,3.1144e-06,0.007771,0.0049701,0.0091294,0.0060864,0.0075378,7.4583e-06,9.5912e-07,1.4983e-05,0.0053733,0.042506,0.026134,0.022258,7.8802e-06
3,0.0063158,5.6169e-06,0.0029405,0.0030727,0.004826,0.027308,0.01644,0.0031865,0.014894,0.008824,0.0032443,4.8252e-06,0.0026082,2.5768e-06,4.878e-06,1.3339e-06,5.6238e-07,4.5054e-07,0.0030117,0.0068579,0.0056645,0.016537,0.004925,0.0031422,0.0041296,0.0044729,0.0031103,3.1341e-07,1.7997e-06,8.6059e-07,5.3844e-06,3.426e-06,0.0030931,0.0080309,0.0062494,1.2574e-05,1.2401e-06,3.749e-06,9.0707e-07,5.249e-07,2.0091e-07,9.1838e-07,9.6075e-06,3.0924e-06,5.0463e-06,0.0025257,0.0028225,1.8306e-06,1.4229e-06,0.0035915,1.737e-05,1.7498e-05,1.8028e-05,0.0033166,0.0041968,0.0038399,1.5259e-05,2.1064e-06,5.2756e-07
3,0.02031,8.8648e-06,0.0028126,8.5882e-06,4.4834e-06,1.8949e-06,6.8553e-06,3.5374e-07,8.0953e-07,9.1081e-06,9.4796e-06,0.0057876,0.0053344,0.003441,0.014035,0.016388,0.01073,0.0068361,0.0031956,1.3037e-05,0.004652,0.0091314,1.3757e-05,3.3664e-06,5.0728e-07,1.7501e-06,5.477e-07,1.9058e-07,3.0138e-08,6.2103e-08,1.1799e-07,1.892e-07,1.9241e-07,7.4556e-07,3.1911e-07,1.7316e-06,3.7788e-07,9.3773e-07,1.4238e-06,1.1682e-06,1.0609e-06,1.7588e-06,3.6612e-06,5.1026e-07,1.1786e-05,1.8272e-05,0.0041366,1.4446e-05,0.0033209,2.1828e-06
3,0.5,0.3947,0.15643,0.030295,6.1836e-08,3.9423e-06,3.0595e-06,5.3331e-06,0.0041927,0.019903,0.043151,0.061592,0.062096,0.02654,0.018509,0.010382,0.0035343,0.0038189,0.01411,0.01142,0.01231,0.0071539,0.0056718,0.014019,0.037952,0.0031952,0.0025287,0.0032097,0.0083225,0.013857,0.010293,0.0078189,0.0075366,0.014053,0.029347,0.026315,0.034728,0.074077,0.0092709,0.0038468,0.0045881,0.0031545,0.0039835,7.2995e-06,0.0044747,0.00299,8.6309e-06,0.0081175,0.0050214,1.1474e-05,0.0039292,0.0087417,0.0029463,1.9409e-07,9.2507e-07,3.6679e-07,1.1279e-05,0.012769,0.015617,0.022145,0.031741,0.017211,0.00919,0.0050932,0.0046989,7.4061e-06,3.9575e-06,6.9128e-08
3,0.17546,5.079e-06,0.010672,0.0031487,0.0044988,0.0063612,0.034439,0.0035432,0.0032702,0.0069087,0.014286,0.019312,0.006845,9.8281e-06,2.7097e-07,8.1322e-07,5.8355e-06,9.9232e-06,0.0032835,0.0053979,0.0044301,0.0042141,0.0025303,0.0027129,0.003015,0.0050352,6.7169e-06,1.5646e-05,0.0029466,1.6715e-05,0.003471,1.0471e-05,3.1426e-07,5.5168e-07,2.0142e-06,1.9693e-07,6.5919e-07,4.3312e-06,1.9794e-06,2.7176e-08
3,0.0027264,1.1816e-06,2.999e-06,5.3377e-06,1.0481e-06,8.5763e-08,0.0025685,1.3558e-05,0.024691,0.0061424,0.0038475,1.2894e-05,1.897e-05,6.5409e-06,4.096e-06,2.1432e-06,2.0222e-06,2.1576e-06,3.1026e-07,2.5762e-07,5.3772e-07,3.2821e-06,1.3732e-06,1.0589e-06,9.6706e-07,1.7994e-06,2.9113e-07,0.0031835,3.0208e-06,4.3344e-06,0.003504,0.0031087,0.0035876,0.0028821,7.4257e-06,6.9052e-06,0.0029087,3.5741e-06,4.08e-06,0.0049989,0.0029676,0.0069809,0.0090265,0.0064665,8.5316e-06,1.1769e-05,8.6104e-06,0.0029521,2.4576e-06
3,0.048396,3.2583e-07,1.7408e-07,1.3844e-06,2.784e-06,8.7137e-07,1.7884e-07,2.1055e-07,1.7131e-06,4.29e-06,0.0033963,0.0046191,0.004455,0.0049883,0.007919,0.008281,0.0083202,1.2476e-05,0.0026268,0.021342,0.0091071,0.042844,0.03051,0.010517,0.011481,0.028933,0.016148,0.015856,0.018422,0.0031365,2.2246e-07,2.7441e-06,3.3117e-06,0.0059806,8.4677e-06,1.0617e-05,0.010918,0.012682,0.0104,0.0031163,6.3661e-09,3.1858e-08,3.1499e-07,0.0026537,0.0048841,0.011686,0.0057188,0.0070027,0.094633,0.054894,0.16046,0.02752,0.024002,3.1054e-06
3,0.20233,0.014903,0.029222,0.017552,0.0073391,0.006711,0.0049096,2.5811e-06,3.0949e-08,7.2818e-08,1.1402e-05,1.4125e-05,0.0060446,0.0074282,0.012905,0.0048042,0.0088155,2.5489e-06,2.7034e-06,0.0044177,0.0059471,0.0065857,0.0094823,0.01164,0.0039675,0.0048631,0.05815,0.11951,0.10065,0.034293,0.018827,0.0077598,0.0031928,0.0097105,0.088915,0.087457,0.052963,0.011604,0.0056693,0.0040682,0.0038445,0.0031107,8.4892e-06,1.7129e-05,0.0033494,2.4179e-06,4.4766e-09
3,1.3394e-05,2.0724e-07,1.2852e-06,5.2447e-07,3.1095e-07,4.177e-07,2.3531e-06,1.2677e-06,4.3482e-06,1.7636e-05,0.0062422,0.0035064,0.0047025,0.0088621,0.0072923,1.7512e-05,3.2661e-06,3.3697e-06,0.0033208,6.5136e-06,1.6086e-06,0.0064537,0.0028672,9.9741e-06,0.0042873,0.0047586,4.6245e-06,1.9416e-06,1.8255e-07,4.3761e-06,9.8745e-07,2.2705e-06,6.8872e-07,3.1281e-06,1.1454e-05,1.0211e-05,2.5779e-06,1.1167e-05,5.3218e-06
4,0.46586,0.31342,0.45548,0.18841,0.073234,0.09005,0.063878,0.041394,0.010493,0.011664,0.012507,0.016933,0.02035,0.030079,0.026719,0.011777,0.0038246,2.4995e-08
4,0.094457,0.23719,0.17136,0.18088,0.10408,0.019185,0.015414,0.0079229,0.010032,0.0029893,0.0037969,0.017278,0.012769,0.011303,0.0092404,0.0040095,2.0203e-08
4,0.12126,0.11386,0.20462,0.34567,0.13138,0.10906,0.10477,0.034538,0.019453,0.0031427,0.015275,0.0088745,0.01998,0.013114,0.0084618,0.0027679,7.5665e-06,2.0878e-09
4,0.25198,0.42148,0.23993,0.30276,0.050671,0.036086,0.019732,0.011795,0.0031433,0.016684,0.015763,0.0065232,0.0038978,1.7252e-05,4.4387e-07,3.1937e-09
4,0.11534,0.19621,0.47039,0.46092,0.20949,0.27898,0.2437,0.083488,0.010852,0.0087534,0.015096,0.004427,0.004909,0.012179,0.0050188,7.8544e-07
4,0.010922,0.02637,0.016833,0.018049,0.0074341,0.067771,0.066576,0.052222,0.024476,0.048098,0.0097119,0.013525,0.018266,0.013723,0.0069587,6.8073e-06,1.7922e-05
4,0.45694,0.12675,0.19513,0.12289,0.34752,0.15128,0.075631,0.073059,0.035128,0.042627,0.16262,0.1467,0.071859,0.054478,0.012289,0.0037147,3.4696e-06,1.7915e-07
4,0.1184,0.004875,0.053761,0.1453,0.050856,0.015604,0.016507,0.072097,0.05668,0.090852,0.15221,0.019251,0.00681,0.0048039,0.003374,6.2156e-07,8.7827e-07,1.4782e-07
4,0.47449,0.16798,0.28059,0.083695,0.0091037,0.018628,0.033559,0.040772,0.017604,0.004643,0.0035137,0.0032095,4.7456e-07,1.6094e-05,3.5633e-08
4,0.043853,0.077717,0.14198,0.12801,0.15458,0.10638,0.088427,0.055283,0.027592,0.042918,0.011527,0.013894,0.0087971,0.002741,3.8348e-06,1.7142e-07
4,0.27307,0.097094,0.14445,0.14953,0.020297,0.015364,0.0082548,0.0094581,0.0067974,0.034484,0.025948,0.027885,0.002587,0.0026264,1.4702e-06,9.5091e-09
4,0.0030114,0.010363,0.0047107,0.025921,0.1044,0.041102,0.038462,0.02907,0.019236,0.022725,0.038626,0.10518,0.046011,0.0029528,1.6384e-05,4.0512e-06,8.5622e-07,8.7896e-08
4,0.11346,0.058675,0.059215,0.032525,0.036146,0.031477,0.046018,0.051664,0.11764,0.12658,0.0082163,0.0028631,0.0034223,2.8178e-07,5.3036e-06,2.8146e-07
4,0.070502,0.045978,0.10766,0.057029,0.038637,0.10107,0.045685,0.041218,0.10568,0.19452,0.1779,0.14455,0.11284,0.071791,0.029496,0.0048443,0.0040236,4.7891e-06,2.4885e-06,1.3168e-06,1.5713e-06
4,0.033135,0.017324,0.0060701,0.024125,0.011518,0.011475,0.026515,0.022329,0.015865,0.025381,0.0064811,1.6924e-05,0.0025455,0.0037792,0.0026003,8.6281e-06,9.3158e-09
4,0.42028,0.085921,0.14017,0.099783,0.48777,0.37385,0.16027,0.42817,0.44776,0.20241,0.12465,0.10784,0.25351,0.12777,0.26053,0.29532,0.18438,0.14934,0.12099,5.4085e-07,1.3501e-07,1.4758e-07,7.2717e-08,6.8395e-06,0.003239,0.015662,0.17478,0.24735,0.27704,0.33902,0.1393,0.034632,2.4372e-07,6.6816e-09
4,0.2216,0.43682,0.36695,0.29684,0.19673,0.11771,0.048771,0.10374,0.33841,0.3024,0.42839,0.35966,0.46199,0.10788,0.087534,0.042798,0.043583,0.032732,0.0085917,1.0579e-05,0.0049464,0.0077284,0.023214,0.052423,0.043686,0.0085488,0.012333,0.01293,0.014172,0.016169,0.0289,1.8909e-06,6.5248e-09
4,0.10441,0.23545,0.26954,0.11866,0.044139,0.034816,0.055323,0.34097,0.31453,0.41505,0.3026,0.28518,0.036602,0.055378,0.022583,0.011685,0.058714,0.024022,0.0048709,0.010588,0.012633,0.012943,0.01624,0.01724,0.020515,0.018936,0.0061642,0.004285,1.4483e-05,0.0038927,1.8011e-06
4,0.031432,0.081921,0.04994,0.12205,0.05705,0.042913,0.0261,0.04024,0.091868,0.1549,0.2876,0.1857,0.27609,0.10467,0.077272,0.14194,0.17811,0.39523,0.085192,0.021103,0.0063295,0.0078699,0.005863,0.028609,0.019246,0.012651,0.011848,0.0069705,0.0025476,7.2391e-06,9.7423e-06,5.3108e-07
4,0.10206,0.21802,0.42721,0.18996,0.10125,0.036494,0.10224,0.29949,0.35639,0.33505,0.31983,0.10264,0.035354,0.15594,0.32769,0.39878,0.52152,0.10692,0.076579,0.058922,0.052878,0.023805,0.081397,0.038706,0.0066761,0.011068,0.0089469,0.0036294,0.0026122,0.002976,4.5092e-07,1.5117e-07
4,0.19948,0.30496,0.39152,0.26485,0.038322,0.025165,0.018695,0.075657,0.099861,0.064061,0.14573,0.13216,0.12982,0.11769,0.12035,0.092772,0.18904,0.0079592,0.0075119,0.013041,0.0074287,0.0087455,0.059087,0.066485,0.040452,0.048894,0.017773,0.010243,0.0093399,0.0029458,1.0287e-07,2.2345e-07
4,0.62961,0.1813,0.37185,0.6106,0.5606,0.38206,0.33168,0.14391,0.12841,0.080386,0.1184,0.10937,0.065184,0.075184,0.04559,0.024652,0.013629,0.0039511,3.6711e-06,4.4131e-06,4.2707e-08
4,0.1269,0.12693,0.26543,0.15553,0.30561,0.12066,0.027589,0.030352,0.028095,0.0057826,0.014105,0.017401,0.047624,0.025642,0.016653,0.0041428,8.53e-06,2.8379e-06,7.5501e-09
4,0.64838,0.56712,0.68466,0.38015,0.29218,0.13498,0.033226,0.028376,0.019839,0.0088084,0.0084139,0.0068397,0.0052358,0.0035071,5.6629e-06,3.877e-06,3.6654e-07,6.9148e-07,1.6513e-08
4,0.089584,0.1146,0.2784,0.15054,0.057355,0.071935,0.019681,0.015092,0.026947,0.011533,0.0089257,0.0064787,0.0066026,1.3064e-05,4.6598e-06,1.0438e-06,1.3809e-06,1.558e-06
4,0.24157,0.027113,0.025618,0.045298,0.12781,0.23398,0.60562,0.65253,0.78605,0.77915,0.18246,0.14278,0.055169,0.065864,0.093826,0.19304,0.057121,0.03119,0.010038,0.0066456,0.0037326,1.5873e-05,0.0036223,5.5459e-09
4,0.20258,0.072925,0.061169,0.063817,0.028868,0.027621,0.14833,0.15867,0.097483,0.1186,0.08606,0.031595,0.016385,0.013035,0.020089,0.015783,0.032318,0.02039,0.015411,0.018412,0.0063831,0.0028671,0.0028228,6.8164e-06,2.0626e-08
4,0.58352,0.10901,0.10079,0.016463,0.051253,0.1374,0.10388,0.16056,0.48104,0.15025,0.022462,0.040527,0.031012,0.052113,0.067992,0.034466,0.066221,0.021233,0.0069105,0.0068175,0.0028315,9.1765e-06,1.5372e-05,2.0901e-08
4,0.16381,0.054583,0.057604,0.12571,0.1784,0.10388,0.10579,0.21126,0.33097,0.071455,0.019154,0.013772,0.014053,0.053812,0.12243,0.16508,0.10749,0.11567,0.030582,0.0075079,7.1898e-07,9.5166e-08,1.1308e-09
4,0.14649,0.049592,0.010261,0.011111,0.016678,0.035691,0.43115,0.38808,0.18112,0.10394,0.035467,0.011865,0.0046013,0.0037073,1.5179e-05,6.6068e-06,9.1376e-06,1.1281e-06,3.2097e-06,6.6586e-06,1.223e-05,8.8309e-07,5.9764e-07,2.4716e-06,1.247e-07
4,0.0068744,0.0031889,0.0087421,0.043952,0.039833,0.083007,0.028733,0.044881,0.17205,0.45431,0.42736,0.408,0.27743,0.20363,0.011098,0.0071444,0.0088388,0.0095169,0.0085925,0.0207,0.02219,0.026291,0.0040673,0.0034365,8.2306e-06,4.0916e-06,0.0026831,2.8214e-06,6.7925e-07,8.8515e-09
4,0.04878,0.012285,4.6127e-06,0.0037833,0.0077472,0.0052831,0.0029648,9.5678e-06,0.0078566,0.032976,0.02759,0.072991,0.040001,0.049944,0.065586,0.11481,0.041274,0.14348,0.017593,0.021282,0.016936,0.0058342,0.0052122,0.0026541,4.5884e-06,5.4772e-08,1.196e-07
4,0.2513,0.097449,0.10355,0.17354,0.16273,0.063973,0.056826,0.033138,0.022698,0.011487,0.0078146,0.0046319,0.014559,0.0119,0.051123,0.111,0.071692,0.071624,0.069548,0.10797,0.027597,0.028127,0.016089,0.0078963,1.4326e-06,8.6589e-07,9.8184e-07
4,0.1869,0.13631,0.086735,0.24826,0.16467,0.12999,0.063144,0.12673,0.10021,0.22289,0.25427,0.48278,0.47918,0.53572,0.2954,0.11395,0.11842,0.18555,0.099409,0.18122,0.20734,0.15389,0.17832,0.059817,0.027841,0.0095141,0.0066351,3.1765e-07,2.7954e-07,8.1118e-09
4,0.29796,0.3031,0.1427,0.21321,0.11144,0.10197,0.089819,0.07905,0.1332,0.080288,0.14817,0.10187,0.14382,0.045781,0.17322,0.04075,0.039988,0.038432,0.044829,0.028175,0.062493,0.035162,0.044919,0.027547,0.030161,0.017591,0.0054976,1.7571e-05,1.3751e-06,8.8016e-07,1.9638e-08
4,0.29403,0.22946,0.091315,0.058676,0.033975,0.0085034,0.0083933,0.0055029,0.0057536,0.0059674,0.0026207,0.0030609,0.017007,0.021523,0.086389,0.10728,0.044069,0.10625,0.044129,0.027537,0.01766,0.0046304,0.0027113,0.0053981,0.0040919,2.0308e-06,3.3873e-06,8.2078e-07
4,0.1077,0.018557,0.013314,0.028014,0.098031,0.045912,0.16188,0.069708,0.099332,0.10245,0.15276,0.057399,0.022755,0.0030289,0.0047527,0.0062839,0.0041193,0.0050016,0.018936,0.0073085,0.0058744,0.0041525,0.0027728,9.4302e-06,0.012245,0.0070862,0.0061343,0.0053884,0.0061338,1.3991e-05,0.0028032,1.8057e-05,0.0053881,0.0040142,2.4623e-06,6.783e-07
4,0.070604,0.0032966,0.0049045,0.11723,0.061825,1.5351e-05,0.017186,0.0048544,0.057376,0.052959,0.16506,0.17114,0.11978,0.066715,0.015593,0.0068778,0.0082311,0.023329,0.057253,0.092003,0.023616,0.0050961,0.021555,0.037548,0.10075,0.069096,0.15236,0.10225,0.031296,0.007331,0.0046757,0.0099503,0.012001,0.0044799,0.0026874,0.0038321,0.0026177
4,0.21877,0.022546,0.0038096,0.090275,0.10988,0.24236,0.61132,0.57406,0.62071,0.33132,0.32968,0.24263,0.21704,0.1756,0.074168,0.043812,0.057716,0.11025,0.0439,0.034909,0.015082,0.0066006,0.035084,0.026832,0.05982,0.098489,0.094194,0.083942,0.072611,0.025956,0.018689,0.025735,0.019708,0.018755,0.0096851,0.0028341,4.8143e-06,1.7529e-09
4,0.091789,0.016663,1.6834e-05,0.011491,0.011727,0.01418,0.019127,0.029527,0.031859,0.033437,0.061695,0.056533,0.042835,0.047823,0.0040849,0.019668,0.020845,0.022144,0.027041,0.13042,0.012106,0.041401,0.021522,0.016547,0.0096877,0.014874,0.0040412,0.040651,0.041597,0.033743,0.014805,0.0089126,0.0059159,0.0042074,0.0031923,3.7689e-06,1.3879e-06,6.6211e-06,1.4124e-09
4,0.028737,0.013302,0.0097646,0.11799,0.1407,0.13711,0.15766,0.17009,0.2164,0.080185,0.069686,0.011029,0.0087644,0.004469,3.6548e-06,0.0033297,0.023255,0.027824,0.024174,0.026147,0.02394,0.0093329,1.8992e-05,0.0028859,0.0054565,0.01936,0.0069178,0.017846,0.007866,0.003749,0.0045516,0.0031453,4.3719e-06,1.8723e-06,2.8153e-07,1.3514e-07,7.6619e-09
4,0.018211,0.018537,0.037576,0.060202,0.15311,0.048041,0.025954,0.016711,0.033223,0.012666,0.013625,0.014109,0.029006,0.011438,0.0047685,1.1781e-05,0.0037969,0.0070272,0.0035787,0.0034406,0.0031646,3.1764e-06,4.0554e-07,2.6904e-07,1.3033e-09
4,0.062934,0.055343,0.066814,0.023411,0.13344,0.045914,0.035044,0.11091,0.15779,0.03532,0.13782,0.077892,0.027102,0.018081,0.026683,1.3003e-05,0.0072306,0.011282,0.035822,0.053355,0.069911,0.12346,0.039172,0.017885,0.006294,1.4688e-06,7.1136e-08
4,0.11543,0.013249,0.12359,0.078905,0.081379,0.051092,0.058542,0.025405,0.15889,0.17196,0.034181,0.25054,0.25643,0.151,0.2204,0.27584,0.037119,0.15253,0.25693,0.14916,0.12461,0.18238,0.10818,0.028327,0.02306,0.0074598,0.0038134,8.4749e-06,1.7925e-08
4,0.40093,0.27442,0.2902,0.046475,0.077571,0.014974,0.059337,0.058951,0.048429,0.044455,0.030541,0.015844,0.017649,0.018907,0.020376,0.0058134,0.0049571,1.1045e-05,1.2538e-05,0.0067269,1.8741e-05,0.0028486,0.0026524,1.4038e-05,4.5411e-07,3.7116e-07
4,0.0092395,0.014359,0.0091042,0.011375,0.028267,0.015058,0.012078,0.0067698,0.009015,0.0067668,0.0025808,0.0048692,0.0073773,0.004691,0.0032842,0.0067971,0.0032024,0.0045027,0.0096043,0.055092,0.024521,0.0042217,0.0070181,0.0033293,1.5684e-06,1.1248e-06,1.5695e-07
4,0.044665,0.035422,0.073447,0.063833,0.064679,0.16693,0.13361,0.048856,0.088449,0.016635,0.065689,0.082588,0.086233,0.048886,2.973e-06,0.0058039,1.467e-05,1.6716e-05,1.0997e-05,1.1554e-05,7.6068e-07,1.401e-07,8.5665e-07
4,0.037024,0.018711,0.025899,0.029655,0.045044,0.15322,0.26269,0.43323,0.61196,0.83568,0.74635,0.75164,0.45809,0.098086,1.4329e-05,0.0051279,1.2187e-06,1.0967e-05,0.002839,7.1096e-07,1.722e-07,5.8035e-06,3.7484e-09
4,0.19476,0.17728,0.068049,0.067829,0.10233,0.077417,0.080932,0.13421,0.11455,0.097631,0.1241,0.15019,0.1122,0.11328,0.068188,0.0052045,0.0068233,0.0061193,0.0061387,0.0028182,0.0040847,9.5413e-06,1.1392e-06,8.4084e-09
4,0.014702,0.081645,0.068432,0.20934,0.25598,0.20484,0.055931,0.064228,0.037197,0.056054,0.04914,0.034836,0.036876,4.4058e-06,0.0031099,0.0032277,1.2985e-05,1.5061e-05,0.0028415,8.4575e-06,5.5058e-06,7.8327e-06
4,0.071588,0.11402,0.045553,0.11278,0.17744,0.16899,0.10261,0.11894,0.035697,0.02797,0.017043,0.022117,0.019918,0.0076414,0.010007,5.5409e-06,7.4397e-07,7.9624e-06,0.007054,0.0031338,0.0036826,0.0025219,0.003746,2.2089e-07
4,0.0091169,0.0086211,0.0099213,0.018049,0.032071,0.036553,0.029029,0.055991,0.076245,0.098551,0.044735,0.20995,0.15541,0.040228,0.0029353,0.036696,0.015493,0.011439,0.0094723,0.0096562,3.9952e-06,4.7029e-08,1.5131e-09
5,0.18229,0.068632,0.18781,0.26775,0.28023,0.48678,0.23151,0.24124,0.15721,0.19476,0.31119,0.21215,0.0971,0.048801,0.038386,0.02558,2.8871e-06,0.017967,0.030255,0.0097334,0.0063703,0.015599,2.8307e-06,2.279e-06,9.4071e-08,3.1218e-08,1.7181e-09
5,0.015418,0.098404,0.40039,0.28416,0.23206,0.07394,0.063766,0.014278,0.015844,0.003545,5.3463e-06,0.0073133,0.011232,0.015082,0.04297,0.067422,0.021911,0.009352,2.3638e-07
5,0.0071321,0.0055865,0.010442,0.0109,0.23547,0.13098,0.05894,0.0040635,0.0052229,0.0088503,0.012532,0.046381,0.046006,0.022098,5.5057e-06,5.3934e-07,0.0027835,0.0028033,0.0046494,0.0099539,1.6404e-05,1.3106e-05,6.8672e-06,1.0378e-07
5,7.7782e-07,3.5097e-06,0.017372,0.009069,0.0092349,0.034345,0.12692,0.31664,0.18946,0.31742,0.27477,0.33232,0.13867,0.092411,0.22521,0.11858,0.06239,0.12516,0.11452,0.029889,0.046165,0.047629,0.0098684,3.2793e-07,4.1801e-08
5,0.3232,0.45044,0.70129,0.47886,0.26932,0.055526,0.2456,0.044292,0.051474,0.24033,0.13918,0.085292,0.083986,0.1193,0.01352,1.7151e-09
5,0.029331,0.003143,0.062849,0.18707,0.19188,0.12855,0.055085,0.054324,0.034612,0.029775,0.086817,0.20251,0.21801,0.10138,0.10079,0.028853,0.061607,0.016782,0.0054309
5,0.0027574,0.0034811,2.6066e-06,4.9767e-06,0.0057516,0.010698,0.066559,0.20935,0.090084,0.0078665,0.06085,0.04057,0.33725,0.29264,0.32662,0.13892,0.082585,0.02244,0.0090394,0.0036794,1.1534e-05,8.9816e-06,0.0032724,0.0046009,0.0049315,0.0079138,0.0072299,0.016317,0.018163,0.026009,0.0031493,0.0039997,2.2958e-06
5,0.010761,1.7864e-07,0.0026936,0.0041246,0.007194,0.092038,0.26742,0.12002,0.04498,0.033036,0.023265,0.041287,0.076699,0.15115,0.24756,0.16919,0.063611,0.005978,1.2345e-05,6.2071e-06,6.9446e-06,2.7142e-08
5,1.2718e-05,4.2241e-09,4.1807e-06,0.0071208,0.10221,0.15443,0.20454,0.071276,0.0063676,0.0033586,0.029417,0.033181,0.035826,0.048891,0.10415,0.079387,0.13534,0.17341,0.066446,0.059414,0.068944,0.14859,0.06683,0.13935,0.19662,0.2046,0.078501,0.052834,0.04091,0.0035699,0.0087218,0.010457,0.0099539,0.0064256,0.0026591,0.0041292,0.0041984,0.0036093,0.0044128,0.0034015,0.0025818,7.9952e-08
5,1.5409e-06,0.0031564,1.0559e-08,1.0772e-05,0.017054,0.053847,0.18656,0.31799,0.30111,0.15309,0.34095,0.16493,0.12427,0.32013,0.27292,0.18332,0.11882,0.056362,0.058758,0.037134,0.094342,0.17701,0.11563,0.013708,0.086592,0.077601,0.068126,0.059183,0.016714,0.043528,0.011903,0.019723,0.023906,0.035698,0.0099308,0.023623,0.040842,0.012681,0.015953,0.017377,0.014248,0.024014,0.047825,0.069933,0.036088,0.016432,0.010465,0.020679,0.0050114,1.4568e-05,6.3091e-08,7.4262e-09
5,0.1564,0.11836,0.064835,0.062093,0.027995,0.084044,0.065716,0.022832,0.045566,0.094253,0.03544,0.032219,0.022669,0.019718,0.02472,0.015364,0.0099516,0.0026648,0.032924,0.24816,0.12527,0.1087,0.026405,0.0041356,1.4256e-05,0.0037682,0.0040805,6.5201e-06,0.0045675,4.3345e-06,2.307e-06,1.1957e-06,5.2506e-07,6.3839e-08
5,7.4088e-06,1.4741e-05,0.020437,0.047227,0.064288,0.077272,0.11595,0.070125,0.026188,0.046038,0.019042,0.0063726,0.0060885,0.23807,0.14823,0.38938,0.4249,0.35086,0.14202,0.056789,0.17108,0.15992,0.099115,0.20664,0.12448,0.22508,0.47132,0.48773,0.041449,0.038332,0.0057448,0.0044796,0.019395,0.012315,0.0099174,0.0057009,0.015026,1.0385e-07
5,0.025853,0.010004,1.8625e-05,9.2642e-06,8.593e-06,0.0043705,0.02056,0.059738,0.12341,0.13636,0.0438,0.015817,0.01552,0.24238,0.23637,0.31785,0.54468,0.069815,0.0073442,0.0049619,0.041837,0.078898,0.073505,0.057563,0.015874,0.0039207,0.0078622,0.0025912,1.2342e-06,7.7347e-07,5.5383e-07
5,0.0041947,1.3899e-05,3.0923e-08,0.0045043,0.0045378,5.7894e-06,0.032266,0.049248,0.036807,0.52741,0.42512,0.40218,0.69771,0.65296,0.42961,0.071232,0.02594,0.060556,0.032208,0.042299,0.020113,0.10088,0.039581,0.0034834,0.0028582,0.0059667,0.003492,0.0069565,0.005638,0.0040756,3.8181e-08
5,1.792e-06,0.019494,0.022466,0.024065,0.080918,0.14781,0.021538,0.0045682,3.4272e-06,1.1654e-06,0.0027013,0.0030801,0.018297,0.054926,0.023872,0.025479,0.035776,0.008102,0.0034384,0.0079997,0.02001,0.022895,0.094295,0.097432,0.082349,0.056841,0.023076,0.0028027,1.4338e-05,0.0068909,1.1513e-05,9.6314e-06,8.034e-06,7.1674e-06,0.0058998,0.0035747,0.014395,0.035327,0.018225,8.5579e-06,1.2931e-05,0.035837,0.019158,0.03399,0.044621,0.084512,0.022663,0.02735,0.11744,0.20962,0.095106,0.18654,0.088767,0.056204,0.0152,1.5042e-07
5,0.029968,0.0075414,0.019386,0.096512,0.11475,0.49091,0.42926,0.47573,0.23889,0.13311,0.055433,0.13041,0.12642,0.18314,0.21049,0.042843,4.0326e-06,0.031893,0.13341,0.20184,0.1501,0.17834,0.26328,0.051149,0.083807,0.023572,0.19778,0.071258,0.024967,0.04967,0.105,0.016486,0.05621,0.075075,0.050351,0.061343,0.16242,0.28309,0.21199,0.18562,0.031769,0.045124,0.036246,0.018656,0.035015,0.03367,0.0069078,4.1274e-06,3.7139e-06,1.4585e-06,1.055e-07
5,0.020964,0.0081445,0.0048488,0.0078256,0.0063802,0.021518,0.0097853,0.0069578,0.018582,0.072856,0.080738,0.11704,0.088176,0.0031233,0.0048069,0.011127,0.015134,0.014596,0.044922,0.040017,0.014197,0.0049312,0.0196,0.0036069,4.1885e-06,1.0237e-05,1.8324e-05,2.5384e-07,7.3814e-07,0.0082251,0.0045444,0.067934,0.46815,0.54974,0.2951,0.23076,0.16584,0.032468,0.040961,0.017245,0.015326,0.004379,1.0674e-05,1.3431e-06,1.3716e-06,1.7692e-09
5,0.021833,0.058301,0.022009,0.086055,0.062478,0.21594,0.18278,0.14037,0.040948,0.010902,0.020405,0.020045,0.036297,0.074851,0.069639,0.067702,0.019139,5.7993e-06,0.0028218,0.008648,0.024662,0.019955,0.027809,0.041392,0.052347,0.016456,0.01132,0.0076522,0.014463,0.12102,0.14143,0.34724,0.18017,0.091887,0.016037,0.0043445,1.29e-06,9.3965e-08
5,0.36747,0.033559,0.13278,0.10059,0.3178,0.046684,0.022238,0.031521,0.027481,0.032877,0.022002,0.029034,0.046937,0.031916,0.027804,1.8662e-05,1.4399e-05,0.011619,0.020465,0.04052,0.030487,0.095573,0.054359,0.020374,0.0078755,0.0040717,4.8657e-07
5,0.27584,0.4798,0.2302,0.26988,0.24066,0.20794,0.18062,0.11604,0.13816,0.10471,0.15615,0.18882,0.032182,0.026352,0.026119,0.020202,0.068391,0.052491,0.075352,0.18793,0.20032,0.31813,0.0089938,0.003202,1.2076e-05,0.0037216,3.9792e-06,0.0030311,1.6681e-06,2.683e-06,1.7681e-08,2.2203e-10
5,0.075398,0.072559,0.26344,0.5197,0.1415,0.057273,0.02585,0.028859,0.04748,0.069905,0.40251,0.35326,0.15898,0.078155,0.13483,0.12206,0.59488,0.81973,0.89304,0.21095,0.051543,0.033983,0.0088811,0.020682,0.0042018,0.0074446,0.010772,2.5878e-06,8.7438e-08
6,0.017278,0.065105,0.11621,0.085234,0.067888,0.070191,0.0032403,1.0256e-05,1.0335e-05,6.8297e-06,5.8847e-06,9.9615e-06,0.0030617,0.0036307,5.3001e-07,7.8348e-09
6,0.056047,0.03802,0.087956,0.4028,0.32456,0.32443,0.40123,0.3054,0.15851,0.15487,0.024011,0.052498,0.073365,0.15129,0.066792,0.028676,0.037843,0.018934,3.855e-06
6,0.026594,0.034935,0.066744,0.040751,0.008425,0.0057815,0.0047303,0.0030161,1.4486e-05,0.00701,0.0038163,0.0060568,0.0084173,0.011652,3.4867e-08
6,0.066642,0.19557,0.16864,0.24576,0.15727,0.14402,0.15861,0.13773,0.017934,0.0043568,0.0080265,0.0054318,0.010701,0.0051674,0.0048698,1.1939e-07
6,0.38337,0.47066,0.67747,0.39409,0.028698,0.018739,0.15849,0.089281,0.25847,0.21728,0.31232,0.13591,0.095577,0.015614,4.8648e-06,4.167e-07
6,0.031863,0.071131,0.29544,0.33262,0.059706,0.10635,0.24172,0.052104,0.0091843,0.010521,0.00447,0.0047429,0.0027557,8.8115e-06,3.745e-06,3.2206e-06,4.4859e-08
6,0.14576,0.057504,0.035996,0.01381,0.17869,0.13276,0.094491,0.067016,0.075964,0.0095065,4e-07,1.6557e-08,2.5512e-09
6,0.090957,0.10294,0.071826,0.052374,0.023488,0.02244,0.013333,1.1107e-05,0.0044126,0.008317,0.0062972,0.0083634,0.004958,0.0054131,1.3686e-08
6,0.28307,0.079332,0.097627,0.32231,0.29564,0.22409,0.46144,0.374,0.30543,0.15849,0.19701,0.02327,0.0045191,1.4378e-05,3.4344e-06,9.251e-08
6,0.015473,0.019489,0.0055146,0.028076,0.065599,0.042549,0.026538,0.018277,0.0075099,0.067013,0.05832,0.045451,0.019838,0.0098638,0.0061436,1.2422e-07
6,0.42402,0.54626,0.090044,0.12746,0.095886,0.047519,0.021798,0.0071243,0.014157,0.047779,0.057155,0.061634,0.11617,0.058385,0.0040011
6,0.61152,0.75704,0.61308,0.40778,0.27368,0.19653,0.24949,0.20859,0.31585,0.059286,0.37433,0.42642,0.53689,0.58121,0.39158,0.29323,0.13264,0.021784,0.014269,0.063098,0.11266,0.041088,0.074385,0.018893,0.015255,0.020222,0.029982,0.030189,0.014465,0.0086763,0.0039856
6,0.038229,0.0095645,0.20418,0.21896,0.04647,0.031631,0.012469,0.015481,0.025315,0.08157,0.13262,0.071594,0.22336,0.22967,0.40664,0.31361,0.13928,3.2395e-06,0.0026198,0.0025914,0.008309,0.0077379,0.0265,0.033982,0.010176,0.0044903,0.0036398,3.8836e-06
6,0.12799,0.089859,0.086875,0.092454,0.072404,0.013337,0.039153,0.060833,0.042044,0.025871,0.008476,5.8581e-06,0.0088033,0.047038,0.047828,0.034248,0.050654,0.22989,0.20805,0.27403,0.42499,0.10174,0.018551,0.16094,0.1947,0.18723,0.1289,0.14577,0.013542,0.017,4.0202e-06,5.4824e-06,6.7175e-08
6,0.2975,0.21834,0.16282,0.19502,0.10847,0.088614,0.099449,0.1022,0.1196,0.049726,0.13085,0.29305,0.20899,0.12289,0.32303,0.45855,0.17164,0.2767,0.14695,0.066555,0.25211,0.3059,0.20079,0.36181,0.15979,0.012465,0.0093837,1.7164e-05,1.284e-05,1.077e-08
6,0.26481,0.21773,0.14697,0.48214,0.35528,0.32843,0.24064,0.42271,0.29729,0.10892,0.38509,0.32056,0.22749,0.35517,0.54876,0.42844,0.06443,0.003495,8.7241e-06
6,0.01276,0.024533,0.36032,0.47075,0.47414,0.48779,0.74295,0.3837,0.39783,0.44165,0.22732,0.027889,0.0039863,8.7234e-07,5.4065e-10
6,0.2877,0.30979,0.34895,0.25299,0.17944,0.16004,0.13908,0.23085,0.18503,0.20248,0.23653,0.2863,0.1421,0.2244,0.22201,0.35246,0.44474,0.18345,0.22385,0.096605,0.011939,0.034867,0.048076,0.027185,0.012103,0.0049363,1.0805e-05
6,0.11003,0.084379,0.15935,0.087947,0.43343,0.46807,0.27929,0.69677,0.30535,0.020062,0.024538,0.033317,0.020874,0.020967,0.018582,0.018759,0.0036939,5.7621e-06,6.9102e-07,3.6648e-07,4.0782e-09
6,0.040838,0.010303,0.0045972,0.024108,0.022791,0.5,0.75022,0.5298,0.63585,0.62798,0.014465,0.0056867,0.0069517,0.0059887,0.014823,0.03541,0.037829,0.027246,0.017645,0.021312,0.0026477,0.0070734,7.5844e-09
6,0.21404,0.24315,0.17041,0.38148,0.3982,0.33298,0.14529,0.32789,0.11744,0.26663,0.28011,0.41923,0.10213,0.056393,0.16147,0.21361,0.11684,0.27594,0.20229,0.065512,0.080459,0.022547,0.0040926,0.0039391,0.0048495,0.040457,0.13937,0.032376,0.010647,0.0046623,6.2065e-07
6,0.20921,0.24231,0.30114,0.51391,0.29203,0.19643,0.17723,0.068325,0.070836,0.031912,0.12235,0.068762,0.41226,0.28193,0.13238,0.28306,0.0088517,0.093662,0.043868,0.03793,0.11101,0.03646,0.0078702,7.9962e-06,9.6073e-07
6,1.6894e-05,6.3678e-06,1.2808e-06,0.0051211,0.028758,0.11102,0.21014,0.3258,0.070264,0.091642,0.053583,0.021146,0.013871,0.020895,0.068914,0.10626,0.19862,0.06311,0.023179,0.0053761,0.0057423,1.836e-07,9.9758e-07
6,0.068421,0.019015,0.042803,0.062772,0.07947,0.026305,0.081672,0.077806,0.065407,0.086729,0.050288,0.023801,0.16574,0.32222,0.16232,0.18033,0.10792,0.010671,0.0050658,0.036248,0.037356,0.052489,0.31339,0.17301,0.20885,0.19746,0.16489,0.11113,0.12811,0.17827,0.027128,0.0042757,9.3936e-07
6,0.056383,0.14322,0.26846,0.25011,0.15126,0.0776,0.058425,0.10246,0.1531,0.063198,0.15404,0.052261,0.11732,0.17763,0.2038,0.057344,0.17227,0.35422,0.17387,0.21111,0.19621,0.18432,0.1245,0.2722,0.19947,0.11711,0.07582,0.16444,0.15189,0.058764,0.024262,0.0038434
6,0.0028121,0.0075193,0.0034077,0.012642,0.010796,0.11604,0.048236,0.033274,0.0099303,0.0048733,2.6913e-06,0.016214,0.0033363,5.7666e-06,0.002802,2.7446e-06,0.0054982,0.013362,0.15253,0.26402,0.19711,0.033562,0.028496,5.2022e-06,0.0091602,1.306e-06,8.4551e-08
6,0.018751,0.22393,0.39819,0.4635,0.41707,0.2946,0.0043194,0.021198,0.0168,0.059161,0.089024,0.43244,0.27555,0.59987,0.35303,0.54963,0.56929,0.56742,0.38856,0.35354,0.11854,0.043541,7.3619e-06,0.0025225,2.6958e-06
6,0.2911,0.23332,0.29654,0.35993,0.38441,0.2406,0.054268,0.024529,0.0029701,1.8249e-05,0.01109,0.028816,0.074072,0.10214,0.054746,0.038378,0.099159,0.17899,0.15129,0.15469,0.10018,0.064895,0.046571,0.0059847,0.0032486,1.8294e-06,2.2537e-06,1.2161e-06
6,3.1016e-06,0.032919,0.17365,0.17513,0.30033,0.37996,0.061435,0.15166,0.10666,0.10971,0.37283,0.60425,0.41473,0.4798,0.49347,0.39042,0.48635,0.35196,0.21329,0.011628,0.023247,0.060806,0.041975,0.015961,0.01175,0.0028795,5.4838e-09
6,0.35708,0.31619,0.31668,0.25595,0.060217,0.065957,0.030574,0.04154,0.024579,0.1617,0.19226,0.22044,0.078946,0.081008,0.031071,0.010914,1.2078e-06
6,0.11433,0.21529,0.20587,0.33415,0.24195,0.10956,0.17028,0.28377,0.34723,0.20136,0.20635,0.076155,0.076265,0.11429,0.16273,0.1695,0.024427,0.0095011,0.14673,0.13216,0.15402,0.26388,0.22587,0.028777,1.4383e-05,5.4073e-06,4.7354e-07,1.6486e-07,3.6524e-07
6,0.76562,0.66099,0.65714,0.5953,0.22594,0.17978,0.15072,0.12114,0.14467,0.35808,0.31544,0.28495,0.19143,0.070779,0.061816,0.14353,0.077838,0.025794,0.034887,0.0089949,2.7874e-08
6,0.0073508,5.0339e-06,8.7222e-06,0.0046516,0.0070069,0.0078876,0.0081722,1.7972e-05,3.0518e-06,7.2694e-07,1.4469e-05,0.0060403,0.0089146,0.058247,0.46428,0.049909,0.077435,0.015053,0.024098,0.004761,1.3579e-05,0.0032189,0.0031358,8.9944e-08,2.648e-07
6,0.027826,0.0072195,0.0056977,0.0036779,0.064297,0.097232,0.072529,0.090124,0.027202,1.9164e-05,9.6557e-07,1.7297e-06,2.2325e-06,1.0597e-06,7.2422e-07,0.039888,0.069136,0.074278,0.17619,0.081702,0.014241,0.039136,0.0036715,0.017658,0.0054348,0.0059187,0.0063754,3.8616e-06,1.3195e-05,3.8693e-08
7,0.13733,0.10595,0.024237,0.083238,0.067181,0.026097,0.020154,0.02015,0.011166,4.3339e-06,1.2072e-05,1.7231e-05,0.0034967,5.9645e-07,4.2159e-08,1.0532e-07,4.7346e-08,2.0872e-07,1.6591e-10
7,0.086752,0.13837,0.13079,0.096496,0.033396,1.3107e-05,7.5937e-06,5.1182e-06,7.8488e-07,1.0062e-06,1.7625e-07,2.5289e-08,9.3561e-08,4.0421e-06,1.0034e-06,2.5909e-06,4.7015e-06,8.8556e-06,4.119e-06,8.3896e-07
7,0.017019,0.13773,0.14537,0.27963,0.51724,0.32695,0.14251,0.082939,0.040384,0.020406,0.0096082,1.0312e-05,0.0058443,0.017642,0.017189,0.016263,0.019825,0.033821,0.0063053,1.1442e-08,1.0057e-09
7,0.59354,0.32002,0.036414,0.1179,0.053985,0.12316,0.026332,0.0062684,8.6729e-06,0.037177,0.087551,0.025394,0.04213,0.020563,0.012072,0.0027856,0.0026009,1.3868e-06,7.2149e-07,8.8498e-08,6.0516e-08
7,0.096288,0.0052112,0.0084734,0.052428,0.097924,0.082137,0.0053891,0.020878,0.025798,0.026238,0.012878,0.030256,0.042843,0.043785,0.0034946,6.4652e-06,1.1034e-08,2.8272e-08
7,0.09479,0.037553,0.033995,0.0093484,0.0064461,0.012332,0.0040079,9.7871e-06,0.0036261,0.0217,0.015073,0.012608,0.012723,1.9953e-06,1.3532e-06,1.9418e-09
7,0.058377,0.0078049,0.016933,0.015477,0.015635,0.030443,0.020119,0.0080518,2.9308e-06,1.4726e-06,0.002529,0.0061834,0.0049492,1.1889e-05,9.5761e-07,1.1507e-07,5.4917e-08,1.2519e-08
7,0.27188,0.25752,0.020354,0.012814,0.0040211,5.402e-06,1.1272e-06,5.1561e-06,1.4023e-05,0.0046342,0.012899,0.0061816,0.0045701,3.9874e-06,2.2291e-07,8.7992e-09
7,0.12173,0.0053264,0.011263,0.070355,0.0046913,1.5697e-05,0.013727,0.012083,0.009952,0.028702,0.025371,0.017401,0.036931,0.046408,0.016161,0.010034,0.0081414,0.0078674,2.7463e-06,5.9871e-07,3.4448e-10
7,0.52191,0.086556,0.020667,0.021806,0.015954,0.015817,0.0058062,0.0044918,0.0075841,9.6459e-06,1.3672e-06,9.0898e-07,1.7863e-06,6.7806e-07,2.8464e-07,1.2439e-06
7,0.3235,0.20555,0.12122,0.081111,0.093489,0.11851,0.13603,0.075481,0.027653,0.014024,0.010328,0.0065782,0.011002,0.008201,0.01062,0.010149,0.0031261,5.2003e-07,2.0757e-07,2.9299e-07,5.2256e-08,7.7953e-09,2.4684e-09
7,0.026288,0.025223,0.029987,0.066685,0.013177,0.010979,0.0060543,1.8156e-05,0.0034108,0.0063831,0.0059718,0.0054011,0.012879,0.0043124,0.0048963,0.002524,0.0038158,2.4285e-07,4.3298e-07,7.2392e-08
7,0.32383,0.44231,0.50824,0.62359,0.20172,0.10787,0.14012,0.14316,0.19559,0.26932,0.17663,0.077515,0.15,0.14342,0.071185,0.17944,0.088561,0.1071,0.046325,0.0054997,3.5502e-06,0.0080443,0.0037664,0.0030721,0.005109,0.028885,0.064046,0.083993,0.064243,0.061076,0.015525,0.013641,0.015321,0.0068918,0.0044746,0.0032872,2.4844e-06,3.6156e-07,1.1074e-08
7,0.017215,5.1097e-06,0.0055295,0.062466,0.069199,0.14164,0.053084,0.020977,0.0028798,0.0080636,0.0047278,0.010073,0.022024,0.046839,0.087557,0.065701,0.2053,0.047548,0.065678,0.14779,0.32813,0.2117,0.23115,0.020495,0.0041491,0.0045432,0.021966,0.022647,0.015731,0.012595,0.046111,0.080741,0.018507,0.01934,0.026791,0.012406,0.0094585,0.008753,0.0065526,4.425e-07,3.8426e-06,2.478e-07
7,0.16971,0.28237,0.15242,0.10228,0.017087,0.018405,0.012531,0.010779,0.019396,0.013443,0.01543,0.0048684,0.018664,0.010336,0.0074361,0.0039677,1.8742e-05,0.0052918,0.011761,0.02113,4.3783e-06,9.0407e-06,0.0027106,7.7658e-06,0.0042427,0.0056155,1.0672e-05,1.1401e-05,4.9062e-06,7.5372e-06,5.8564e-06,4.239e-06,4.7935e-06,8.3667e-09
7,1.0969e-05,0.0026669,0.005993,0.012343,0.0084515,0.0044037,0.0033277,4.977e-06,6.5572e-06,0.02596,0.12772,0.24928,0.015843,0.0027308,3.346e-07,6.3926e-06,0.0035666,0.002728,0.003314,0.0035805,6.8461e-06,7.3512e-06,0.0027126,0.0077285,0.014116,0.015824,1.5348e-07,1.1004e-07,1.0741e-07,3.9145e-06,4.3353e-06,0.0040422,0.0040039,1.9096e-05,0.0028898,0.0029754,0.0040299,1.4793e-05,1.6836e-05,3.1169e-07,1.0497e-07
7,0.02757,0.010588,0.011507,0.011754,0.0040444,1.8786e-05,5.1089e-06,0.0033234,0.0031087,0.008959,0.012735,0.028612,0.044754,0.021541,0.018918,0.015639,0.0086385,0.012028,0.0035215,5.8793e-06,0.0039543,0.0059465,1.6016e-05,0.013114,0.0050972,0.003774,4.4617e-06,7.7884e-06,4.2886e-06,3.1055e-06,2.7538e-06,7.8429e-06,3.5027e-06,8.9333e-08
7,0.038969,0.029025,0.091104,0.048271,0.032889,0.014191,0.0032505,2.3657e-07,1.1754e-05,1.5591e-05,2.5783e-06,6.0512e-07,1.3817e-06,6.3169e-06,2.0891e-06,5.4918e-07,1.3421e-06,6.882e-06,1.6817e-06,1.5062e-07,1.9006e-07,2.2713e-07,6.6261e-08,7.349e-07
7,0.48198,0.12184,0.13152,0.25236,0.11531,0.11424,0.15686,0.039835,0.0040124,0.038389,0.041935,0.02924,0.018904,0.0215,0.017283,0.0089641,0.0028559,1.0129e-05,0.0066967,7.6265e-06,0.0083956,1.3589e-05,1.628e-05,6.6217e-06,3.9066e-06,1.5167e-09
7,0.79113,0.73553,0.8447,0.53974,0.48833,0.48495,0.11337,0.069657,0.23281,0.22849,0.12481,0.18172,0.18589,0.050102,0.034935,0.056081,0.094381,0.010228,1.5401e-05,1.8569e-06,2.2674e-06,1.1769e-06,4.3707e-06,3.1519e-07
7,0.68391,0.47996,0.65168,0.42823,0.57975,0.11693,0.090687,0.0083912,0.0039571,4.6705e-06,4.6001e-07,6.0532e-07,1.1436e-06,9.7144e-07,1.5017e-06,1.9304e-06,4.9146e-06,1.8337e-06,6.8599e-07,1.552e-06,2.6018e-06,1.3493e-06,1.2625e-08
7,0.29322,0.10469,0.047622,0.036534,0.030817,0.010397,0.0026131,6.3327e-06,2.0223e-06,0.0028172,0.0027751,0.0042123,0.033333,0.051029,0.052914,0.021368,0.035155,1.1659e-05
7,0.30446,0.13521,0.12849,0.018495,0.014117,0.011714,0.016183,0.098745,0.11776,0.012917,0.0068796,0.036309,0.028733,1.5642e-05,6.9044e-06,1.2787e-05,0.0062898,0.0059873,0.0071114,0.0069739,0.0077151,0.011203,0.005699,0.004327,6.1442e-06,2.2988e-06,8.6452e-07,5.2783e-07,2.9398e-07
7,0.17998,0.071834,0.051787,0.024593,0.0062799,7.1157e-06,0.0030567,0.0092546,0.064361,0.18102,0.2812,0.29176,0.17252,0.26485,0.09245,0.0079613,0.0045419,0.01527,0.11188,0.019456,0.01083,0.012023,0.0054241,7.3216e-07,7.6802e-07,2.0989e-06,0.0034523,0.0075404,0.0025461,3.371e-06,0.0035601,1.0201e-05,1.2576e-06,2.1809e-06,3.9959e-07
7,0.098782,0.092276,0.040414,0.029364,0.013228,0.011935,0.010371,0.016444,0.010345,0.016879,0.017088,0.023758,0.077841,0.062966,0.012207,0.017888,0.0087409,0.028236,0.015251,0.0077761,0.012245,0.0036074,1.9076e-06,1.1221e-06,1.1617e-07,4.8936e-08,8.8649e-09,8.984e-10
7,0.14912,0.11295,0.065474,0.025389,0.088421,0.043877,0.048811,0.097777,0.16911,0.18144,0.17166,0.11053,0.013443,0.01082,0.0095694,0.017298,1.2954e-05,0.0048964,0.0025738,8.2013e-06,0.0026165,0.0046777,0.0061639,5.8643e-06,0.0026416,1.2911e-07,5.952e-09
7,0.036582,0.011914,0.0064432,0.012901,0.014957,0.010155,0.043293,0.031649,0.020173,0.011784,0.016344,0.017104,0.008496,0.014187,1.6672e-06,8.3397e-06,0.0034002,5.2924e-06,9.5936e-07,1.1557e-05,3.8053e-06,0.0026025,0.0031764,1.331e-05,0.0027158,8.931e-06,1.833e-05,1.8397e-05,1.1366e-05,3.128e-06,1.0022e-06,1.3462e-07,1.4256e-07,3.7295e-06,9.0581e-09
7,0.094825,0.1368,0.034192,0.016623,0.0099171,0.013507,0.013638,0.0099735,0.033076,0.036442,0.034122,0.034368,0.045583,0.013849,0.02686,0.039728,0.13645,0.15865,0.080198,0.044654,0.070403,0.11824,0.048292,0.025493,0.022713,0.021788,0.037132,0.046138,0.025649,0.026452,0.01076,0.0076887,2.0893e-07,1.6699e-09,8.8442e-10
7,0.38624,0.47295,0.062557,0.037691,0.029329,0.029181,0.012043,0.0055232,0.0080029,0.0078304,0.0055072,0.0066127,0.0057568,0.0082221,0.0046346,0.0032394,0.0027594,0.0037883,0.0084659,0.015896,0.070693,0.030169,0.036079,0.099878,0.065914,0.045503,0.033936,0.0082267,6.5789e-06,0.002979,4.1483e-06,3.0359e-06,2.7424e-06,1.1699e-06,9.6018e-08,1.8615e-07,3.9381e-07,0.0026697
7,0.14172,1.1114e-06,1.3406e-07,0.0071151,0.053015,0.17672,0.18053,0.33196,0.12481,0.06838,0.086554,0.036247,1.8289e-06,1.2938e-07,1.0813e-06,0.029592,0.032239,0.085637,0.21588,0.1104,0.0045817,0.01219,0.0030216,0.13282,0.073249,0.025088,0.022495,0.11784,0.016163,0.013208,0.0082954,0.006665,0.0036515,1.4042e-05,1.3001e-05,3.8161e-06,1.8285e-06,1.4962e-07,5.9411e-08,1.0226e-08
7,0.023982,0.0061178,1.7211e-05,0.0027153,0.0025531,1.4598e-05,0.0035876,0.0067065,0.0038973,0.014074,0.028124,0.0092906,0.0080991,0.0034283,0.0033872,0.0085618,0.0068,0.0079399,0.0089819,0.0055759,7.3714e-07,0.0043085,1.1709e-05,3.0377e-06,4.5084e-06,1.0346e-06,8.7548e-09,5.4619e-06,0.021202,0.019647,0.02408,0.029877,0.0085289,0.0049901,0.0053447,0.0045268,1.0552e-05,1.1225e-05,2.028e-07,5.1617e-10
7,0.043746,0.0041857,2.2669e-06,1.2814e-06,0.0025219,5.1509e-06,0.0033278,7.4695e-06,0.0061214,0.0037668,0.0045005,0.010953,0.0058221,0.0026702,5.2214e-06,1.5039e-05,7.1481e-06,8.0332e-06,1.2884e-05,0.0028464,0.0049797,6.7747e-06,2.0917e-06,4.9964e-06,3.1589e-07,2.1615e-06,1.7579e-05,0.0032914,0.0054635,0.0051934,0.0053307,0.0092149,0.005809,0.0061721,0.0028772,5.793e-06,2.5309e-06,3.5237e-06,2.2031e-06
7,0.20821,0.012098,0.0042357,0.0062536,0.048312,0.043637,0.0054803,0.012818,0.0059283,0.084631,0.024719,0.056038,0.053955,0.012419,0.012683,0.020028,0.016304,1.7423e-07,2.5375e-06,0.0041422,6.6413e-06,2.5685e-06,1.7331e-06,7.0762e-07,2.9099e-07,4.5123e-06,1.9865e-06,1.1098e-05,1.7301e-05,1.8461e-05,0.0049759,0.0072628,0.042747,0.0092649,0.010368,1.2327e-05,1.1042e-05,1.7877e-05,0.005276,0.0027754,4.1769e-06,4.6466e-06,4.4239e-07,2.9029e-07,2.2436e-07,1.6257e-08
7,0.005091,0.0064747,0.016668,0.014029,0.010548,0.019267,0.0096935,0.0068057,0.0041744,0.0084968,0.0053797,0.0034452,9.8869e-06,1.7682e-05,0.005967,0.0054157,0.0045545,0.04652,0.061569,0.041645,0.022863,0.022472,0.010586,0.0035488,0.0040124,1.5044e-06,2.1131e-06,1.5367e-06,9.5203e-06,3.6136e-06,0.0041142,0.022739,0.016401,0.017067,0.0032605,0.0027479,0.0027918,0.0033302,1.6218e-05,1.0124e-05,0.0028133,1.8645e-05,3.8656e-06,5.3027e-07,3.2008e-06
7,0.41451,0.01757,0.018725,0.026524,0.011626,0.08341,0.036344,0.018681,0.020395,0.042016,0.025854,0.0078848,0.0046959,0.015787,0.0076634,0.0087836,0.017373,0.026796,0.01594,0.012333,0.011032,0.0044665,0.0025263,0.0035734,6.3577e-06,0.0038715,0.0053701,0.0037815,0.0038161,0.0068175,0.0059026
7,0.046959,0.029478,0.0057392,0.11326,0.085854,0.021848,0.029681,0.090817,0.026212,0.0093301,0.016459,0.0081386,0.0042624,0.01083,3.6338e-06,1.0713e-05,0.044384,0.075731,0.13703,0.15039,0.024627,0.0061014,2.5484e-06,2.556e-07,1.1287e-06,4.8e-07
7,0.3103,0.071132,0.0042518,5.0432e-06,1.4353e-05,0.012392,0.070195,0.046486,0.025827,0.035121,0.12833,0.12006,0.0043533,0.073113,0.053586,0.090884,0.10105,0.12355,0.030314,0.020403,0.0096768,1.092e-05,3.9888e-07,2.6435e-07,1.4321e-06,2.7626e-06,0.0064413,0.0084291,0.011019,0.015682,0.0052845,0.0054357,0.0034728,0.0028033,5.9195e-06,7.0379e-06,2.2201e-06,1.0755e-07,1.2382e-07
7,0.052606,3.1386e-06,0.00371,0.014457,0.0081212,0.0054062,0.0099887,0.0030179,1.9047e-06,0.0032802,0.013403,0.0092349,0.0030886,4.5005e-07,6.6368e-08,2.615e-07,1.1691e-07,1.0427e-06,1.0801e-06,1.0077e-06,6.4964e-06,2.8246e-06,8.5986e-06,8.655e-06,1.7884e-05,0.0045216,0.0047557,0.0036925,4.004e-06,1.125e-05,1.3951e-06,4.5597e-07,2.3382e-07,8.0205e-07
7,0.058974,2.6548e-06,0.0049797,0.0055267,0.012967,0.021973,0.014948,0.0084259,0.022565,0.042812,0.022054,0.0025635,0.040963,0.029033,0.029304,0.028693,0.025116,0.031314,0.027121,1.7357e-06,2.1976e-06,2.4623e-06,1.4361e-05,1.5652e-05,3.9568e-06,3.2595e-07,3.19e-08,8.5852e-11
7,0.028965,0.029071,0.020172,0.035221,0.091211,0.11546,0.10669,0.082215,0.053716,0.026264,0.0087449,0.0042281,0.0033868,0.0052069,1.1145e-05,1.0957e-05,1.6777e-05,0.0039049,0.0053559,0.0027445,1.6111e-05,1.2962e-06,7.689e-06,8.7765e-08
7,0.0070957,0.0026605,2.1263e-06,1.3308e-06,1.3806e-05,0.0073175,0.0070284,0.0025344,9.3753e-06,0.0028537,1.9694e-07,2.2584e-08,1.8331e-08,4.9252e-08,9.9843e-07,8.1139e-07,0.0028229,0.0034233,0.0070359,0.020072,0.015107,0.0025285,1.2063e-05,0.0030308,1.389e-06,1.2273e-06,1.7472e-06,3.1947e-06,3.0787e-06,2.2955e-06,8.0714e-07,6.3469e-08,8.3254e-09,5.9605e-10
7,0.24678,0.17004,0.084757,0.17699,0.13789,0.076085,0.030244,0.03396,0.040576,0.0051679,0.008028,0.0035319,0.009819,0.023219,0.12263,0.18439,0.19197,0.16777,0.11061,0.073829,2.6522e-06,1.0776e-05,7.4447e-07,4.9718e-07,2.7995e-07,0.0030529,5.3893e-06,9.0496e-06,5.0774e-06,3.4314e-06,2.9878e-10
